Tiempo (s),Datos
42.62577962577963,0.0025
42.62587862587863,0.0025
42.625977625977626,0.0
42.62607662607663,0.0
42.62617562617563,0.0025
42.62627462627463,0.005
42.62637362637363,0.0
42.626472626472626,0.0025
42.62657162657163,0.005
42.62667062667063,0.0025
42.62676962676963,0.0
42.62686862686863,0.0025
42.62696762696763,-0.0025
42.62706662706663,0.0
42.62716562716563,0.0025
42.62726462726463,0.005
42.62736362736363,0.005
42.62746262746263,0.0025
42.62756162756163,-0.0025
42.62766062766063,0.0
42.62775962775963,0.005
42.62785862785863,0.005
42.62795762795763,0.005
42.62805662805663,0.0
42.62815562815563,0.0
42.62825462825463,0.0025
42.62835362835363,0.0025
42.62845262845263,0.0025
42.628551628551634,-0.0025
42.62865062865063,0.005
42.62874962874963,0.0025
42.62884862884863,0.005
42.62894762894763,0.0025
42.629046629046634,0.0
42.62914562914563,0.0025
42.62924462924463,0.005
42.62934362934363,0.005
42.62944262944263,-0.0025
42.629541629541635,0.0
42.62964062964063,-0.0025
42.62973962973963,0.0025
42.62983862983863,0.0025
42.62993762993763,-0.0025
42.630036630036635,0.0
42.630135630135634,0.0025
42.63023463023463,0.0
42.63033363033363,0.0
42.63043263043263,0.0
42.630531630531635,-0.0025
42.630630630630634,0.0
42.63072963072963,0.0025
42.63082863082863,0.0
42.63092763092764,0.0
42.631026631026636,0.0025
42.631125631125634,0.005
42.63122463122463,0.0025
42.63132363132363,0.0
42.63142263142264,0.0
42.631521631521636,0.0
42.631620631620635,0.0
42.63171963171963,0.0
42.63181863181863,0.0025
42.63191763191764,0.0025
42.63201663201664,0.0
42.632115632115635,0.0025
42.632214632214634,0.0025
42.63231363231363,0.0025
42.63241263241264,-0.0025
42.63251163251164,0.0
42.632610632610636,0.0
42.632709632709634,0.0
42.63280863280863,0.0
42.63290763290764,0.0025
42.63300663300664,0.0025
42.633105633105636,0.0025
42.633204633204635,0.0025
42.63330363330363,0.0
42.63340263340264,0.0025
42.63350163350164,0.0
42.633600633600636,0.0025
42.633699633699635,0.0
42.633798633798634,0.0025
42.63389763389764,0.0
42.63399663399664,0.0025
42.63409563409564,0.0
42.634194634194635,0.0
42.634293634293634,0.0
42.63439263439264,0.0025
42.63449163449164,0.0025
42.63459063459064,0.0025
42.634689634689636,0.0025
42.634788634788634,-0.0025
42.63488763488764,0.0
42.63498663498664,-0.0025
42.63508563508564,0.0025
42.635184635184636,0.0025
42.635283635283635,0.0025
42.63538263538264,0.0
42.63548163548164,0.0
42.63558063558064,0.0
42.63567963567964,0.0025
42.635778635778635,-0.0025
42.63587763587764,-0.0025
42.63597663597664,0.0025
42.63607563607564,0.0025
42.63617463617464,0.0025
42.636273636273636,0.005
42.63637263637264,0.0025
42.63647163647164,0.0025
42.63657063657064,-0.0025
42.63666963666964,0.0025
42.636768636768636,0.0
42.63686763686764,-0.0025
42.63696663696664,0.005
42.63706563706564,0.0
42.63716463716464,0.0
42.637263637263636,0.005
42.63736263736264,0.0025
42.63746163746164,0.0
42.63756063756064,0.0
42.63765963765964,0.0
42.637758637758644,-0.0025
42.63785763785764,0.0
42.63795663795664,0.0025
42.63805563805564,0.0
42.63815463815464,0.0025
42.638253638253644,0.0025
42.63835263835264,0.0
42.63845163845164,0.0
42.63855063855064,0.0
42.63864963864964,0.0
42.638748638748645,0.0
42.63884763884764,0.0
42.63894663894664,0.0
42.63904563904564,-0.0025
42.63914463914464,0.0
42.639243639243645,0.0
42.639342639342644,0.0
42.63944163944164,0.0
42.63954063954064,0.0025
42.63963963963964,0.0
42.639738639738646,0.0
42.639837639837644,0.0025
42.63993663993664,0.0025
42.64003564003564,0.0025
42.64013464013464,0.005
42.640233640233646,0.0025
42.640332640332645,0.0025
42.64043164043164,0.0
42.64053064053064,0.0
42.64062964062964,0.0025
42.640728640728646,0.0
42.640827640827645,0.0025
42.640926640926644,0.0025
42.64102564102564,-0.0025
42.64112464112464,0.0025
42.64122364122365,0.0
42.641322641322645,0.0025
42.641421641421644,0.0
42.64152064152064,0.0
42.64161964161964,0.0
42.64171864171865,0.0
42.641817641817646,0.0025
42.641916641916644,0.0
42.64201564201564,0.0025
42.64211464211464,0.0025
42.64221364221365,0.0025
42.642312642312646,0.0025
42.642411642411645,0.0025
42.64251064251064,0.005
42.64260964260964,0.0025
42.64270864270865,0.0
42.64280764280765,0.0025
42.642906642906645,0.0025
42.643005643005644,0.0025
42.64310464310464,0.0025
42.64320364320365,0.0025
42.64330264330265,0.0
42.643401643401646,0.0025
42.643500643500644,0.0025
42.64359964359964,0.0
42.64369864369865,0.0025
42.64379764379765,0.0
42.643896643896646,0.0025
42.643995643995645,0.0025
42.64409464409464,0.0025
42.64419364419365,0.0
42.64429264429265,0.0
42.644391644391646,0.0
42.644490644490645,0.0
42.644589644589644,0.0
42.64468864468865,0.0
42.64478764478765,0.0025
42.64488664488665,0.0025
42.644985644985645,0.0
42.64508464508465,0.0
42.64518364518365,0.0
42.64528264528265,0.0
42.64538164538165,0.0
42.645480645480646,0.0
42.64557964557965,0.0
42.64567864567865,0.0025
42.64577764577765,0.0025
42.64587664587665,0.0025
42.645975645975646,0.0
42.64607464607465,0.0
42.64617364617365,0.0
42.64627264627265,0.0
42.64637164637165,0.0
42.64647064647065,0.0
42.64656964656965,0.0025
42.64666864666865,0.0
42.64676764676765,0.0
42.64686664686665,0.0
42.64696564696565,0.0
42.64706464706465,0.0
42.64716364716365,-0.0025
42.64726264726265,0.0
42.64736164736165,0.0025
42.64746064746065,0.0025
42.64755964755965,0.0025
42.64765864765865,0.0
42.64775764775765,-0.0025
42.64785664785665,-0.0025
42.64795564795565,-0.0025
42.648054648054654,0.0025
42.64815364815365,0.0025
42.64825264825265,0.005
42.64835164835165,0.0025
42.64845064845065,-0.0025
42.648549648549654,-0.0025
42.64864864864865,0.0
42.64874764874765,0.0
42.64884664884665,-0.0025
42.64894564894565,-0.0025
42.649044649044654,-0.0025
42.64914364914365,0.0
42.64924264924265,0.0
42.64934164934165,0.0025
42.64944064944065,0.0025
42.649539649539655,-0.0025
42.64963864963865,0.0025
42.64973764973765,0.0025
42.64983664983665,0.0025
42.64993564993565,0.0025
42.650034650034655,0.0025
42.650133650133654,0.0
42.65023265023265,0.0025
42.65033165033165,0.0025
42.65043065043065,0.0025
42.650529650529656,0.0025
42.650628650628654,0.0025
42.65072765072765,0.0025
42.65082665082665,0.0
42.65092565092565,0.0
42.651024651024656,0.0025
42.651123651123655,0.0025
42.65122265122265,0.0025
42.65132165132165,0.0
42.65142065142065,0.0025
42.651519651519656,0.0025
42.651618651618655,0.0
42.651717651717654,0.0025
42.65181665181665,0.0025
42.65191565191565,0.0025
42.65201465201466,0.0
42.652113652113655,0.0
42.652212652212654,0.0025
42.65231165231165,0.0
42.65241065241066,0.005
42.65250965250966,0.0025
42.652608652608656,0.0025
42.652707652707655,-0.0075
42.65280665280665,0.0025
42.65290565290566,0.0
42.65300465300466,0.005
42.653103653103656,0.0
42.653202653202655,0.0
42.653301653301654,0.005
42.65340065340066,0.0
42.65349965349966,0.0
42.65359865359866,0.0
42.653697653697655,0.0
42.653796653796654,0.0
42.65389565389566,0.0025
42.65399465399466,-0.0025
42.65409365409366,0.0025
42.654192654192656,0.0
42.654291654291654,0.0025
42.65439065439066,0.005
42.65448965448966,0.0025
42.65458865458866,0.0025
42.654687654687656,0.0025
42.654786654786655,-0.0025
42.65488565488566,-0.0025
42.65498465498466,0.0
42.65508365508366,0.005
42.65518265518266,0.0025
42.655281655281655,0.0
42.65538065538066,0.0
42.65547965547966,-0.0025
42.65557865557866,0.0025
42.65567765567766,0.0075
42.655776655776656,0.005
42.65587565587566,0.0
42.65597465597466,0.0
42.65607365607366,0.0
42.65617265617266,0.005
42.656271656271656,0.005
42.65637065637066,-0.0025
42.65646965646966,0.0
42.65656865656866,0.005
42.65666765666766,0.0
42.656766656766656,0.0
42.65686565686566,-0.0025
42.65696465696466,-0.0025
42.65706365706366,-0.0025
42.65716265716266,-0.0025
42.65726165726166,0.0
42.65736065736066,-0.0025
42.65745965745966,0.005
42.65755865755866,0.005
42.65765765765766,0.005
42.65775665775666,0.0025
42.65785565785566,0.0
42.65795465795466,0.005
42.65805365805366,0.0025
42.65815265815266,0.005
42.65825165825166,0.0025
42.65835065835066,0.0
42.65844965844966,-0.0025
42.65854865854866,0.0
42.65864765864766,-0.0025
42.65874665874666,-0.0025
42.658845658845664,0.005
42.65894465894466,0.0025
42.65904365904366,0.0
42.65914265914266,-0.0025
42.65924165924166,0.0025
42.659340659340664,0.005
42.65943965943966,0.0025
42.65953865953866,0.0025
42.65963765963766,-0.0025
42.659736659736666,0.0025
42.659835659835665,0.005
42.65993465993466,0.0
42.66003366003366,0.0025
42.66013266013266,0.0
42.660231660231666,0.0
42.660330660330665,-0.0025
42.660429660429664,-0.0025
42.66052866052866,0.0
42.66062766062766,-0.005
42.66072666072667,0.0025
42.660825660825665,0.0025
42.660924660924664,0.0
42.66102366102366,-0.0025
42.66112266112266,0.0
42.66122166122167,-0.005
42.661320661320666,-0.0025
42.661419661419664,-0.0025
42.66151866151866,-0.0025
42.66161766161766,-0.0025
42.66171666171667,0.0
42.661815661815666,0.0
42.661914661914665,0.0025
42.66201366201366,0.0
42.66211266211266,0.0
42.66221166221167,0.0
42.66231066231067,0.0
42.662409662409665,0.0025
42.662508662508664,0.0
42.66260766260766,-0.0075
42.66270666270667,-0.0025
42.66280566280567,0.0025
42.662904662904666,-0.0025
42.663003663003664,0.0
42.66310266310266,0.0
42.66320166320167,0.0
42.66330066330067,0.0025
42.663399663399666,-0.0025
42.663498663498665,0.0
42.66359766359766,0.0
42.66369666369667,0.0025
42.66379566379567,0.0
42.663894663894666,0.0
42.663993663993665,0.0
42.664092664092664,0.0025
42.66419166419167,0.0025
42.66429066429067,0.0025
42.66438966438967,0.0
42.664488664488665,0.0025
42.664587664587664,0.0025
42.66468666468667,0.0
42.66478566478567,0.0
42.66488466488467,0.0025
42.664983664983666,0.0025
42.665082665082664,0.0
42.66518166518167,0.0025
42.66528066528067,0.0
42.66537966537967,0.0025
42.665478665478666,-0.0025
42.665577665577665,0.0
42.66567666567667,0.0
42.66577566577567,0.0025
42.66587466587467,0.0
42.66597366597367,0.0
42.666072666072665,0.0
42.66617166617167,0.0
42.66627066627067,0.0
42.66636966636967,0.0025
42.66646866646867,0.0025
42.66656766656767,0.0
42.66666666666667,0.0
42.66676566676567,0.0
42.66686466686467,0.0
42.66696366696367,0.0
42.66706266706267,0.0025
42.66716166716167,0.0025
42.66726066726067,0.0
42.66735966735967,0.0025
42.66745866745867,0.0
42.66755766755767,0.0025
42.66765666765667,0.0
42.66775566775567,0.0
42.66785466785467,0.0025
42.66795366795367,0.0025
42.668052668052674,0.0025
42.66815166815167,0.0025
42.66825066825067,0.0025
42.66834966834967,0.0025
42.66844866844867,0.0025
42.668547668547674,0.0
42.66864666864667,0.0
42.66874566874567,0.0
42.66884466884467,0.0025
42.66894366894367,0.0025
42.669042669042675,0.0
42.66914166914167,0.0
42.66924066924067,0.0
42.66933966933967,0.005
42.66943866943867,0.0025
42.669537669537675,0.0
42.669636669636674,0.0025
42.66973566973567,0.005
42.66983466983467,-0.0025
42.66993366993367,-0.0025
42.670032670032676,0.0
42.670131670131674,0.0025
42.67023067023067,0.0025
42.67032967032967,0.0
42.67042867042867,0.0
42.670527670527676,-0.0025
42.670626670626675,-0.0025
42.67072567072567,0.0
42.67082467082467,0.0
42.67092367092367,0.005
42.671022671022676,0.0025
42.671121671121675,0.0025
42.671220671220674,0.0
42.67131967131967,-0.0025
42.67141867141867,0.0
42.67151767151768,-0.0025
42.671616671616675,0.0
42.671715671715674,0.0
42.67181467181467,0.0025
42.67191367191367,0.0
42.67201267201268,0.0
42.672111672111676,0.0
42.672210672210674,0.0
42.67230967230967,0.005
42.67240867240867,0.0025
42.67250767250768,0.0025
42.672606672606676,0.0
42.672705672705675,0.0
42.67280467280467,0.005
42.67290367290367,0.0025
42.67300267300268,0.0
42.67310167310168,0.0025
42.673200673200675,0.0025
42.673299673299674,0.0
42.67339867339867,0.0
42.67349767349768,0.0025
42.67359667359668,0.0025
42.673695673695676,0.0
42.673794673794674,0.0
42.67389367389368,0.0025
42.67399267399268,0.0
42.67409167409168,0.0
42.674190674190676,-0.0025
42.674289674289675,0.0025
42.67438867438868,0.0025
42.67448767448768,0.0025
42.67458667458668,0.0025
42.674685674685676,0.0025
42.674784674784675,0.0
42.67488367488368,0.0
42.67498267498268,0.0
42.67508167508168,0.0025
42.67518067518068,-0.0025
42.675279675279675,0.0025
42.67537867537868,0.0
42.67547767547768,0.0025
42.67557667557668,0.0025
42.67567567567568,0.0025
42.675774675774676,0.0025
42.67587367587368,0.0025
42.67597267597268,0.0
42.67607167607168,0.0
42.67617067617068,0.0025
42.676269676269676,0.0025
42.67636867636868,0.0025
42.67646767646768,0.0025
42.67656667656668,0.005
42.67666567666568,0.0025
42.67676467676468,0.0025
42.67686367686368,0.0
42.67696267696268,0.0025
42.67706167706168,0.0025
42.67716067716068,0.0025
42.67725967725968,0.0
42.67735867735868,0.0025
42.67745767745768,0.0025
42.67755667755668,0.0025
42.67765567765568,0.0025
42.67775467775468,0.0
42.67785367785368,0.0025
42.67795267795268,0.0
42.67805167805168,0.0
42.67815067815068,0.0025
42.67824967824968,0.0
42.678348678348684,0.005
42.67844767844768,0.0025
42.67854667854668,0.0025
42.67864567864568,0.0025
42.67874467874468,0.0
42.678843678843684,0.0
42.67894267894268,0.0025
42.67904167904168,0.0
42.67914067914068,0.0025
42.67923967923968,0.0
42.679338679338684,0.0025
42.67943767943768,0.0
42.67953667953668,0.0
42.67963567963568,0.0025
42.67973467973468,0.0
42.679833679833685,0.0
42.67993267993268,0.0
42.68003168003168,0.0
42.68013068013068,0.0
42.68022968022968,0.0
42.680328680328685,0.0025
42.680427680427684,0.0025
42.68052668052668,0.0
42.68062568062568,-0.0025
42.68072468072468,-0.0025
42.680823680823686,0.0025
42.680922680922684,0.005
42.68102168102168,0.005
42.68112068112068,0.005
42.68121968121969,-0.0025
42.681318681318686,0.0025
42.681417681417685,0.0
42.68151668151668,-0.0025
42.68161568161568,0.0025
42.68171468171469,0.005
42.681813681813686,0.0025
42.681912681912685,0.0025
42.682011682011684,0.0
42.68211068211068,-0.0025
42.68220968220969,0.0
42.68230868230869,0.0
42.682407682407685,-0.0025
42.682506682506684,-0.0025
42.68260568260568,-0.0025
42.68270468270469,0.0025
42.68280368280369,0.0025
42.682902682902686,0.0025
42.683001683001685,0.0
42.68310068310068,0.0
42.68319968319969,0.0
42.68329868329869,0.0025
42.683397683397686,0.0025
42.683496683496685,0.0
42.683595683595684,0.0
42.68369468369469,0.0025
42.68379368379369,0.0
42.68389268389269,0.0
42.683991683991685,0.0025
42.684090684090684,0.0025
42.68418968418969,0.0025
42.68428868428869,0.0
42.68438768438769,0.0
42.684486684486686,0.0025
42.684585684585684,0.0025
42.68468468468469,0.0
42.68478368478369,0.0
42.68488268488269,0.0
42.684981684981686,0.0
42.685080685080685,0.0025
42.68517968517969,0.0
42.68527868527869,0.0025
42.68537768537769,0.0
42.68547668547669,0.0025
42.685575685575685,0.0
42.68567468567469,0.0025
42.68577368577369,0.0
42.68587268587269,0.005
42.68597168597169,0.0
42.686070686070686,-0.0025
42.68616968616969,-0.0025
42.68626868626869,-0.0025
42.68636768636769,0.0025
42.68646668646669,0.0025
42.686565686565686,0.0
42.68666468666469,0.0
42.68676368676369,0.0025
42.68686268686269,0.0
42.68696168696169,0.0025
42.687060687060686,0.0
42.68715968715969,0.0
42.68725868725869,0.0025
42.68735768735769,0.0025
42.68745668745669,0.0
42.68755568755569,0.0025
42.68765468765469,0.0
42.68775368775369,-0.0025
42.68785268785269,0.0
42.68795168795169,0.0
42.688050688050694,0.0025
42.68814968814969,0.0
42.68824868824869,0.0025
42.68834768834769,0.0
42.68844668844669,0.0025
42.688545688545695,0.0
42.68864468864469,0.0
42.68874368874369,0.0
42.68884268884269,0.0
42.68894168894169,0.0025
42.689040689040695,0.0025
42.689139689139694,0.0025
42.68923868923869,0.0025
42.68933768933769,0.0025
42.68943668943669,0.0025
42.689535689535695,0.0025
42.689634689634694,0.0
42.68973368973369,0.0025
42.68983268983269,0.0025
42.68993168993169,0.0
42.690030690030696,0.0
42.690129690129694,0.0
42.69022869022869,0.0025
42.69032769032769,0.0
42.69042669042669,0.0
42.690525690525696,0.0
42.690624690624695,0.0
42.69072369072369,0.0
42.69082269082269,0.0025
42.69092169092169,0.0025
42.6910206910207,0.0
42.691119691119695,0.0025
42.691218691218694,0.0
42.69131769131769,0.0
42.69141669141669,0.0
42.6915156915157,0.0
42.691614691614696,0.0
42.691713691713694,0.0
42.69181269181269,0.0
42.69191169191169,0.0
42.6920106920107,0.0
42.692109692109696,0.0025
42.692208692208695,0.005
42.69230769230769,0.005
42.69240669240669,0.0
42.6925056925057,0.0025
42.6926046926047,0.0025
42.692703692703695,0.0
42.692802692802694,0.0
42.69290169290169,0.0025
42.6930006930007,0.0
42.6930996930997,0.0025
42.693198693198696,0.0025
42.693297693297694,0.0
42.69339669339669,0.0
42.6934956934957,0.0
42.6935946935947,0.0025
42.693693693693696,0.0025
42.693792693792695,0.0025
42.69389169389169,0.0
42.6939906939907,0.0
42.6940896940897,0.0025
42.694188694188696,0.0
42.694287694287695,0.0025
42.694386694386694,0.0
42.6944856944857,0.0025
42.6945846945847,0.0
42.6946836946837,0.0
42.694782694782695,0.0
42.694881694881694,0.0
42.6949806949807,0.0025
42.6950796950797,0.0
42.6951786951787,0.0
42.695277695277696,0.0
42.6953766953767,0.0
42.6954756954757,0.0025
42.6955746955747,0.0
42.6956736956737,0.0025
42.695772695772696,0.0
42.6958716958717,0.0
42.6959706959707,0.0
42.6960696960697,0.0
42.6961686961687,0.0
42.6962676962677,0.0025
42.6963666963667,-0.0025
42.6964656964657,0.0
42.6965646965647,-0.0025
42.6966636966637,-0.0025
42.6967626967627,0.0
42.6968616968617,0.0
42.6969606969607,0.005
42.6970596970597,0.0
42.6971586971587,0.0
42.6972576972577,0.0
42.6973566973567,0.0
42.6974556974557,0.0025
42.6975546975547,0.0025
42.6976536976537,0.0025
42.6977526977527,0.0025
42.6978516978517,0.0
42.6979506979507,-0.0025
42.6980496980497,0.0
42.6981486981487,0.0
42.6982476982477,0.0
42.698346698346704,0.0
42.6984456984457,0.0
42.6985446985447,0.0025
42.6986436986437,0.0
42.6987426987427,0.0
42.698841698841704,0.0
42.6989406989407,0.0025
42.6990396990397,0.0
42.6991386991387,-0.0025
42.6992376992377,0.0025
42.699336699336705,0.0025
42.6994356994357,0.0025
42.6995346995347,0.0
42.6996336996337,0.0
42.6997326997327,0.0
42.699831699831705,0.0
42.699930699930704,0.0
42.7000297000297,0.0025
42.7001287001287,0.0025
42.7002277002277,0.0
42.700326700326706,0.0025
42.700425700425704,0.0025
42.7005247005247,0.0
42.7006237006237,0.0
42.7007227007227,0.0
42.700821700821706,0.0
42.700920700920705,0.0
42.7010197010197,0.0
42.7011187011187,0.0025
42.7012177012177,0.0025
42.701316701316706,0.0
42.701415701415705,0.0
42.701514701514704,0.0025
42.7016137016137,0.0
42.7017127017127,0.0
42.70181170181171,0.0
42.701910701910705,0.0025
42.702009702009704,0.0
42.7021087021087,0.0
42.7022077022077,0.0
42.70230670230671,0.0025
42.702405702405706,0.0025
42.702504702504704,0.0025
42.7026037026037,0.0025
42.70270270270271,0.0
42.70280170280171,0.0
42.702900702900706,0.0
42.702999702999705,0.0025
42.7030987030987,0.0
42.70319770319771,0.0025
42.70329670329671,0.0025
42.70339570339571,0.0025
42.703494703494705,0.0
42.703593703593704,0.0
42.70369270369271,0.0
42.70379170379171,0.0025
42.70389070389071,0.0025
42.703989703989706,0.0025
42.704088704088704,0.0025
42.70418770418771,0.0025
42.70428670428671,0.0
42.70438570438571,0.0025
42.704484704484706,0.0025
42.704583704583705,0.0025
42.70468270468271,-0.0025
42.70478170478171,0.0
42.70488070488071,0.0025
42.704979704979706,0.0
42.705078705078705,0.0025
42.70517770517771,-0.0025
42.70527670527671,0.0025
42.70537570537571,0.0025
42.70547470547471,0.0
42.705573705573705,0.0025
42.70567270567271,0.0025
42.70577170577171,0.0
42.70587070587071,0.0025
42.70596970596971,0.0
42.706068706068706,0.0
42.70616770616771,0.0
42.70626670626671,0.0025
42.70636570636571,0.0
42.70646470646471,0.0
42.706563706563706,0.0
42.70666270666271,0.0
42.70676170676171,0.0025
42.70686070686071,0.0025
42.70695970695971,0.0025
42.70705870705871,0.0
42.70715770715771,0.0
42.70725670725671,0.0025
42.70735570735571,0.0
42.70745470745471,0.0025
42.70755370755371,0.0
42.70765270765271,0.0025
42.70775170775171,0.0025
42.70785070785071,0.0
42.70794970794971,0.0025
42.70804870804871,0.0
42.70814770814771,0.0025
42.70824670824671,0.0
42.70834570834571,0.0
42.70844470844471,-0.0025
42.70854370854371,0.0025
42.708642708642714,0.0025
42.70874170874171,0.0025
42.70884070884071,0.0025
42.70893970893971,0.0025
42.70903870903871,0.0
42.709137709137714,0.0
42.70923670923671,0.0
42.70933570933571,-0.0025
42.70943470943471,0.0
42.70953370953371,0.0025
42.709632709632714,0.0025
42.70973170973171,0.005
42.70983070983071,0.0025
42.70992970992971,-0.0025
42.710028710028716,0.0
42.710127710127715,0.0
42.71022671022671,-0.0025
42.71032571032571,0.0
42.71042471042471,0.0025
42.71052371052372,0.0025
42.710622710622715,0.0025
42.710721710721714,0.0
42.71082071082071,0.0
42.71091971091971,0.0
42.71101871101872,0.0025
42.711117711117716,0.0025
42.711216711216714,0.0025
42.71131571131571,0.0025
42.71141471141471,0.0
42.71151371151372,0.0025
42.711612711612716,0.0025
42.711711711711715,0.0025
42.71181071181071,0.0025
42.71190971190971,0.0025
42.71200871200872,0.0
42.712107712107716,0.0025
42.712206712206715,0.0025
42.712305712305714,0.0025
42.71240471240471,-0.0025
42.71250371250372,0.0025
42.71260271260272,0.0
42.712701712701715,0.0025
42.712800712800714,0.0025
42.71289971289971,0.0
42.71299871299872,0.0
42.71309771309772,-0.0025
42.713196713196716,0.0
42.713295713295715,-0.0025
42.71339471339471,0.0025
42.71349371349372,0.0025
42.71359271359272,0.0
42.713691713691716,0.0025
42.713790713790715,0.0025
42.713889713889714,0.0025
42.71398871398872,0.0025
42.71408771408772,0.0025
42.71418671418672,0.0025
42.714285714285715,0.0025
42.714384714384714,0.0025
42.71448371448372,0.0
42.71458271458272,0.0025
42.71468171468172,0.0025
42.714780714780716,0.0
42.714879714879714,0.0025
42.71497871497872,0.0025
42.71507771507772,0.0025
42.71517671517672,0.0025
42.715275715275716,0.0
42.715374715374715,0.0025
42.71547371547372,0.0
42.71557271557272,0.0025
42.71567171567172,0.0025
42.71577071577072,0.0
42.715869715869715,0.0025
42.71596871596872,0.0025
42.71606771606772,0.0025
42.71616671616672,0.0025
42.71626571626572,0.005
42.716364716364716,0.0025
42.71646371646372,0.0
42.71656271656272,0.0025
42.71666171666172,0.0025
42.71676071676072,0.0
42.71685971685972,0.0
42.71695871695872,0.0025
42.71705771705772,0.0025
42.71715671715672,0.0025
42.71725571725572,0.0025
42.71735471735472,0.005
42.71745371745372,0.0025
42.71755271755272,0.0025
42.71765171765172,0.0
42.71775071775072,0.0025
42.717849717849724,0.0025
42.71794871794872,0.0025
42.71804771804772,0.0025
42.71814671814672,0.0025
42.71824571824572,0.0
42.718344718344724,0.005
42.71844371844372,0.0025
42.71854271854272,0.0
42.71864171864172,0.0025
42.71874071874072,0.0025
42.718839718839725,0.0025
42.71893871893872,0.0025
42.71903771903772,0.0025
42.71913671913672,0.0025
42.71923571923572,0.0025
42.719334719334725,0.0
42.719433719433724,0.0
42.71953271953272,0.0
42.71963171963172,0.0
42.71973071973072,0.0025
42.719829719829725,0.0
42.719928719928724,0.0025
42.72002772002772,0.0025
42.72012672012672,0.005
42.72022572022572,0.0025
42.720324720324726,0.0
42.720423720423724,0.0025
42.72052272052272,0.0025
42.72062172062172,0.0
42.72072072072072,0.0025
42.720819720819726,0.0
42.720918720918725,0.0
42.72101772101772,0.0
42.72111672111672,0.0025
42.72121572121572,0.0025
42.72131472131473,0.0025
42.721413721413725,0.0025
42.721512721512724,0.0
42.72161172161172,0.0025
42.72171072171072,0.0025
42.72180972180973,0.0025
42.721908721908726,0.0
42.722007722007724,0.0025
42.72210672210672,0.0025
42.72220572220572,0.0025
42.72230472230473,0.0
42.722403722403726,0.0025
42.722502722502725,-0.0025
42.72260172260172,0.0
42.72270072270072,0.0
42.72279972279973,0.0
42.72289872289873,0.0
42.722997722997725,0.0
42.723096723096724,0.0025
42.72319572319572,0.0025
42.72329472329473,0.0
42.72339372339373,0.0025
42.723492723492726,0.0025
42.723591723591724,0.0025
42.72369072369072,0.0
42.72378972378973,0.0
42.72388872388873,0.0
42.723987723987726,0.0
42.724086724086725,0.0
42.72418572418573,0.0025
42.72428472428473,0.0
42.72438372438373,0.0025
42.724482724482726,0.0025
42.724581724581725,0.0
42.72468072468073,0.0
42.72477972477973,0.0
42.72487872487873,0.0025
42.72497772497773,0.005
42.725076725076725,0.005
42.72517572517573,0.0025
42.72527472527473,0.0025
42.72537372537373,0.0
42.72547272547273,-0.0025
42.725571725571726,-0.0025
42.72567072567073,0.0025
42.72576972576973,0.0
42.72586872586873,0.0
42.72596772596773,0.0025
42.726066726066726,0.0025
42.72616572616573,0.0
42.72626472626473,0.0
42.72636372636373,0.005
42.72646272646273,0.0025
42.72656172656173,0.0
42.72666072666073,0.0025
42.72675972675973,0.0
42.72685872685873,0.0025
42.72695772695773,0.0025
42.72705672705673,0.0
42.72715572715573,0.0
42.72725472725473,0.0
42.72735372735373,0.0
42.72745272745273,0.0025
42.72755172755173,0.0025
42.72765072765073,0.0
42.72774972774973,0.0025
42.72784872784873,0.0
42.72794772794773,0.0
42.72804672804673,0.0025
42.72814572814573,0.0
42.72824472824473,0.0025
42.72834372834373,0.005
42.72844272844273,0.0
42.72854172854173,0.0025
42.728640728640734,0.0
42.72873972873973,0.0
42.72883872883873,0.0
42.72893772893773,0.0025
42.72903672903673,0.0
42.729135729135734,0.0
42.72923472923473,0.0
42.72933372933373,0.0
42.72943272943273,0.0025
42.72953172953173,0.0
42.729630729630735,0.0
42.72972972972973,0.0
42.72982872982873,0.0025
42.72992772992773,0.0
42.73002673002673,0.0
42.730125730125735,0.0
42.730224730224734,0.0
42.73032373032373,0.0
42.73042273042273,0.0025
42.73052173052173,0.0025
42.730620730620736,0.0
42.730719730719734,0.0025
42.73081873081873,0.0025
42.73091773091773,0.0
42.73101673101673,-0.0025
42.731115731115736,0.0
42.731214731214735,0.0
42.73131373131373,0.0
42.73141273141273,0.0
42.73151173151174,0.0
42.731610731610736,0.005
42.731709731709735,0.0025
42.731808731808734,-0.0025
42.73190773190773,0.005
42.73200673200674,0.0
42.73210573210574,-0.0025
42.732204732204735,0.0
42.732303732303734,-0.0025
42.73240273240273,0.005
42.73250173250174,0.0
42.73260073260074,0.0025
42.732699732699736,0.0025
42.732798732798734,-0.0025
42.73289773289773,0.0025
42.73299673299674,0.0
42.73309573309574,0.0
42.733194733194736,-0.0025
42.733293733293735,-0.0025
42.73339273339273,0.0
42.73349173349174,0.0025
42.73359073359074,0.0
42.73368973368974,0.0
42.733788733788735,0.0
42.733887733887734,0.0
42.73398673398674,-0.0025
42.73408573408574,0.0025
42.73418473418474,0.0025
42.734283734283736,0.0
42.734382734382734,-0.0025
42.73448173448174,0.0
42.73458073458074,0.0
42.73467973467974,0.0
42.734778734778736,0.0
42.734877734877735,0.0
42.73497673497674,0.005
42.73507573507574,0.0025
42.73517473517474,0.0
42.735273735273736,0.0025
42.735372735372735,0.0025
42.73547173547174,0.0
42.73557073557074,0.0025
42.73566973566974,0.0025
42.73576873576874,0.0025
42.735867735867735,0.0025
42.73596673596674,-0.0025
42.73606573606574,0.0
42.73616473616474,0.0025
42.73626373626374,0.0
42.736362736362736,0.0025
42.73646173646174,0.0
42.73656073656074,0.0
42.73665973665974,0.0025
42.73675873675874,0.0
42.736857736857736,0.0025
42.73695673695674,0.0
42.73705573705574,0.0025
42.73715473715474,0.0
42.73725373725374,0.0
42.73735273735274,0.0025
42.73745173745174,0.0025
42.73755073755074,0.0025
42.73764973764974,0.0
42.73774873774874,0.0025
42.73784773784774,0.0
42.73794673794674,0.0025
42.73804573804574,0.0025
42.73814473814474,0.0025
42.73824373824374,0.0025
42.73834273834274,0.0
42.73844173844174,0.0
42.73854073854074,0.0025
42.73863973863974,0.0025
42.73873873873874,0.0
42.738837738837745,0.0
42.738936738936744,0.0025
42.73903573903574,0.0
42.73913473913474,0.0
42.73923373923374,0.0025
42.739332739332745,0.0025
42.739431739431744,0.0025
42.73953073953074,0.0
42.73962973962974,0.0
42.73972873972874,0.0025
42.739827739827746,0.0025
42.739926739926744,0.0
42.74002574002574,0.0
42.74012474012474,0.0
42.74022374022374,0.0025
42.740322740322746,0.0025
42.740421740421745,0.0
42.74052074052074,0.0025
42.74061974061974,-0.0025
42.74071874071874,0.0
42.74081774081775,-0.0025
42.740916740916745,0.0025
42.741015741015744,0.0025
42.74111474111474,0.0025
42.74121374121374,0.0
42.74131274131275,0.0
42.741411741411746,0.0025
42.741510741510744,-0.0025
42.74160974160974,0.0025
42.74170874170874,0.0
42.74180774180775,0.0
42.741906741906746,0.0025
42.742005742005745,0.0025
42.74210474210474,0.0
42.74220374220374,0.0
42.74230274230275,0.005
42.742401742401746,0.0025
42.742500742500745,0.0025
42.742599742599744,0.0025
42.74269874269874,0.0
42.74279774279775,0.0025
42.74289674289675,0.0025
42.742995742995745,0.0
42.743094743094744,0.0025
42.74319374319374,0.0
42.74329274329275,0.0025
42.74339174339175,0.0
42.743490743490746,0.0025
42.743589743589745,0.0
42.74368874368874,0.0025
42.74378774378775,0.0
42.74388674388675,0.0025
42.743985743985746,0.0
42.744084744084745,0.0
42.744183744183744,0.0025
42.74428274428275,0.0025
42.74438174438175,0.0025
42.74448074448075,0.0
42.744579744579745,0.0
42.744678744678744,0.0
42.74477774477775,0.0
42.74487674487675,0.0025
42.74497574497575,0.0
42.745074745074746,0.0
42.745173745173744,0.0
42.74527274527275,0.0
42.74537174537175,0.0
42.74547074547075,0.0
42.745569745569746,0.0
42.74566874566875,0.0
42.74576774576775,0.0025
42.74586674586675,0.0025
42.74596574596575,0.0025
42.74606474606475,0.0
42.74616374616375,0.0
42.74626274626275,0.0
42.74636174636175,0.0
42.74646074646075,0.0
42.74655974655975,0.0025
42.74665874665875,0.005
42.74675774675775,0.005
42.74685674685675,0.0
42.74695574695575,0.0025
42.74705474705475,0.0025
42.74715374715375,0.0
42.74725274725275,-0.0025
42.74735174735175,-0.0025
42.74745074745075,0.0025
42.74754974754975,0.0025
42.74764874764875,0.0025
42.74774774774775,0.0
42.74784674784675,-0.0025
42.74794574794575,0.0
42.74804474804475,0.0
42.748143748143754,-0.0025
42.74824274824275,0.0
42.74834174834175,0.0
42.74844074844075,0.0025
42.74853974853975,0.0025
42.748638748638754,0.0
42.74873774873775,0.0
42.74883674883675,0.0
42.74893574893575,0.0025
42.74903474903475,0.0025
42.749133749133755,0.0025
42.74923274923275,0.0025
42.74933174933175,0.0025
42.74943074943075,0.005
42.74952974952975,0.0025
42.749628749628755,0.0
42.749727749727754,0.0025
42.74982674982675,0.0025
42.74992574992575,0.0
42.75002475002475,0.005
42.750123750123755,0.0025
42.750222750222754,0.0025
42.75032175032175,0.0
42.75042075042075,0.005
42.75051975051975,0.0025
42.750618750618756,0.0025
42.750717750717754,0.0
42.75081675081675,-0.0025
42.75091575091575,0.0
42.75101475101475,0.0
42.751113751113756,0.0
42.751212751212755,0.0
42.75131175131175,0.0025
42.75141075141075,0.0
42.75150975150975,0.0
42.75160875160876,0.0
42.751707751707755,0.0
42.751806751806754,0.0025
42.75190575190575,0.0
42.75200475200475,0.0
42.75210375210376,-0.0025
42.752202752202756,0.0025
42.752301752301754,0.0025
42.75240075240075,0.0025
42.75249975249975,0.0025
42.75259875259876,0.0
42.752697752697756,0.0025
42.752796752796755,0.0025
42.75289575289575,0.0
42.75299475299476,0.0
42.75309375309376,0.0
42.75319275319276,0.0
42.753291753291755,0.0
42.753390753390754,0.0025
42.75348975348976,0.0025
42.75358875358876,0.0025
42.75368775368776,0.0025
42.753786753786756,0.0025
42.753885753885754,0.0025
42.75398475398476,0.0
42.75408375408376,0.0025
42.75418275418276,0.0025
42.754281754281756,0.0025
42.754380754380755,0.0
42.75447975447976,0.0
42.75457875457876,0.0
42.75467775467776,0.0
42.754776754776756,0.0
42.754875754875755,0.005
42.75497475497476,0.0025
42.75507375507376,0.0025
42.75517275517276,0.0
42.75527175527176,0.0025
42.755370755370755,0.005
42.75546975546976,-0.0025
42.75556875556876,0.0025
42.75566775566776,0.0
42.75576675576676,-0.0025
42.755865755865756,-0.0025
42.75596475596476,0.0
42.75606375606376,0.0025
42.75616275616276,0.0025
42.75626175626176,0.0025
42.756360756360756,0.0
42.75645975645976,0.0
42.75655875655876,-0.0025
42.75665775665776,-0.0025
42.75675675675676,-0.0025
42.75685575685576,0.0
42.75695475695476,0.0025
42.75705375705376,-0.0025
42.75715275715276,0.0025
42.75725175725176,0.0
42.75735075735076,-0.005
42.75744975744976,-0.0025
42.75754875754876,-0.0025
42.75764775764776,0.0
42.75774675774676,0.0025
42.75784575784576,0.0
42.75794475794476,-0.0025
42.75804375804376,0.005
42.75814275814276,-0.0025
42.75824175824176,0.0
42.75834075834076,0.0
42.75843975843976,0.0
42.75853875853876,0.0025
42.75863775863776,-0.0025
42.75873675873676,0.0
42.75883575883576,-0.0025
42.758934758934764,0.0025
42.75903375903376,0.0
42.75913275913276,-0.0025
42.75923175923176,-0.0025
42.75933075933076,-0.0025
42.759429759429764,0.0025
42.75952875952876,0.0
42.75962775962776,0.005
42.75972675972676,0.0
42.75982575982576,0.0025
42.759924759924765,0.0
42.76002376002376,0.0
42.76012276012276,0.0025
42.76022176022176,0.0025
42.76032076032077,0.0
42.760419760419765,0.0025
42.760518760518764,0.0
42.76061776061776,0.0025
42.76071676071676,0.0
42.76081576081577,0.005
42.760914760914766,0.0025
42.761013761013764,0.0
42.76111276111276,0.0
42.76121176121176,0.0025
42.76131076131077,0.0025
42.761409761409766,-0.0025
42.761508761508765,0.0
42.76160776160776,0.0025
42.76170676170676,0.0
42.76180576180577,0.0
42.761904761904766,0.0025
42.762003762003765,0.0025
42.762102762102764,0.0
42.76220176220176,0.0
42.76230076230077,0.0025
42.76239976239977,0.0
42.762498762498765,0.0
42.762597762597764,0.0
42.76269676269676,0.0025
42.76279576279577,0.0
42.76289476289477,0.0025
42.762993762993766,-0.0025
42.763092763092764,0.0
42.76319176319176,0.0025
42.76329076329077,0.0
42.76338976338977,0.0025
42.763488763488766,0.0
42.763587763587765,0.0
42.76368676368676,0.0
42.76378576378577,0.0
42.76388476388477,0.0025
42.76398376398377,0.0
42.764082764082765,0.0
42.764181764181764,0.0025
42.76428076428077,0.0
42.76437976437977,0.0
42.76447876447877,0.0
42.764577764577766,0.0
42.764676764676764,0.0025
42.76477576477577,0.0
42.76487476487477,0.0
42.76497376497377,0.0
42.765072765072766,0.0025
42.765171765171765,0.0
42.76527076527077,0.0025
42.76536976536977,0.0
42.76546876546877,0.0025
42.765567765567766,0.0025
42.765666765666765,0.0
42.76576576576577,0.0025
42.76586476586477,0.0
42.76596376596377,0.005
42.76606276606277,0.0
42.766161766161765,0.0025
42.76626076626077,0.005
42.76635976635977,-0.0025
42.76645876645877,0.0
42.76655776655777,0.0025
42.766656766656766,-0.0025
42.76675576675577,-0.0025
42.76685476685477,0.0025
42.76695376695377,0.0025
42.76705276705277,0.0
42.76715176715177,0.0
42.76725076725077,0.0
42.76734976734977,0.0025
42.76744876744877,0.0025
42.76754776754777,0.0025
42.767646767646774,0.0
42.76774576774577,0.0025
42.76784476784477,0.0025
42.76794376794377,0.0
42.76804276804277,0.0025
42.768141768141774,0.0
42.76824076824077,0.0025
42.76833976833977,0.005
42.76843876843877,0.005
42.76853776853777,0.0025
42.768636768636775,0.0025
42.76873576873577,0.0
42.76883476883477,0.0025
42.76893376893377,-0.0025
42.76903276903277,0.0
42.769131769131775,0.0025
42.769230769230774,0.0025
42.76932976932977,0.0025
42.76942876942877,0.0025
42.76952776952777,0.0025
42.769626769626775,0.0025
42.769725769725774,0.005
42.76982476982477,0.0
42.76992376992377,0.0
42.77002277002277,0.0
42.770121770121776,0.0
42.770220770220774,0.0
42.77031977031977,-0.0025
42.77041877041877,-0.0025
42.77051777051777,0.0
42.770616770616776,0.0
42.770715770715775,0.0
42.77081477081477,0.0025
42.77091377091377,0.0025
42.77101277101277,-0.0025
42.77111177111178,-0.0025
42.771210771210775,0.0
42.771309771309774,0.0
42.77140877140877,-0.0025
42.77150777150777,0.0025
42.77160677160678,0.0
42.771705771705776,0.005
42.771804771804774,0.0
42.77190377190377,0.0
42.77200277200277,0.0
42.77210177210178,0.0
42.772200772200776,0.0025
42.772299772299775,0.0
42.77239877239877,0.0025
42.77249777249777,0.005
42.77259677259678,0.005
42.772695772695776,0.0
42.772794772794775,0.0025
42.772893772893774,0.0025
42.77299277299277,0.0025
42.77309177309178,0.0025
42.77319077319078,0.0025
42.773289773289775,0.0
42.773388773388774,0.0025
42.77348777348777,0.0025
42.77358677358678,0.0025
42.77368577368578,0.0
42.773784773784776,0.0
42.773883773883774,0.0
42.77398277398277,0.0025
42.77408177408178,0.0025
42.77418077418078,0.005
42.774279774279776,0.0
42.774378774378775,-0.0025
42.77447777447778,-0.0025
42.77457677457678,0.0
42.77467577467578,0.0
42.77477477477478,0.0025
42.774873774873775,0.0
42.77497277497278,0.0025
42.77507177507178,0.0025
42.77517077517078,0.0025
42.77526977526978,0.0025
42.775368775368776,0.0025
42.77546777546778,0.0
42.77556677556678,0.0025
42.77566577566578,0.0
42.77576477576478,0.0025
42.775863775863776,0.0025
42.77596277596278,0.0025
42.77606177606178,0.0025
42.77616077616078,0.0
42.77625977625978,0.0
42.77635877635878,0.0025
42.77645777645778,0.0
42.77655677655678,0.0
42.77665577665578,0.0025
42.77675477675478,0.0
42.77685377685378,0.0025
42.77695277695278,0.005
42.77705177705178,0.0
42.77715077715078,0.0025
42.77724977724978,-0.0025
42.77734877734878,0.0
42.77744777744778,0.0
42.77754677754678,0.0
42.77764577764578,0.0
42.77774477774478,0.0025
42.77784377784378,0.0025
42.77794277794278,0.0
42.77804177804178,0.0
42.77814077814078,0.0
42.77823977823978,0.0
42.77833877833878,0.0025
42.778437778437784,0.0
42.77853677853678,0.0025
42.77863577863578,0.0
42.77873477873478,0.0
42.77883377883378,0.0025
42.778932778932784,0.0025
42.77903177903178,0.0
42.77913077913078,0.0
42.77922977922978,0.0
42.77932877932878,0.0025
42.779427779427785,0.0025
42.77952677952678,0.0
42.77962577962578,0.0
42.77972477972478,0.0
42.77982377982378,0.005
42.779922779922785,0.0025
42.780021780021784,0.0025
42.78012078012078,0.0
42.78021978021978,0.0
42.78031878031878,-0.0025
42.780417780417785,0.0
42.780516780516784,0.0
42.78061578061578,0.0025
42.78071478071478,0.0025
42.78081378081378,0.0
42.780912780912786,0.0
42.781011781011784,0.0025
42.78111078111078,0.0
42.78120978120978,0.005
42.78130878130878,0.0025
42.781407781407786,0.0025
42.781506781506785,0.0
42.78160578160578,0.0025
42.78170478170478,0.0
42.78180378180379,0.005
42.78190278190279,0.0
42.782001782001785,0.0025
42.782100782100784,0.0
42.78219978219978,0.005
42.78229878229879,0.0025
42.78239778239779,0.0
42.782496782496786,0.0025
42.782595782595784,-0.0025
42.78269478269478,-0.0025
42.78279378279379,0.0025
42.78289278289279,0.0025
42.782991782991786,0.0025
42.783090783090785,0.0
42.78318978318978,0.0025
42.78328878328879,0.0025
42.78338778338779,0.0
42.78348678348679,0.0025
42.783585783585785,0.0
42.783684783684784,0.0025
42.78378378378379,0.0025
42.78388278388279,0.0025
42.78398178398179,0.0025
42.784080784080786,0.0
42.784179784179784,0.0025
42.78427878427879,0.0025
42.78437778437779,0.0
42.78447678447679,0.005
42.784575784575786,0.0025
42.784674784674785,0.0025
42.78477378477379,0.0025
42.78487278487279,-0.0025
42.78497178497179,0.0
42.785070785070786,0.0025
42.785169785169785,0.0
42.78526878526879,-0.0025
42.78536778536779,-0.0025
42.78546678546679,0.0
42.78556578556579,0.0
42.785664785664785,0.0
42.78576378576379,0.0025
42.78586278586279,0.0
42.78596178596179,0.0
42.78606078606079,0.0025
42.786159786159786,0.0025
42.78625878625879,0.0025
42.78635778635779,0.0025
42.78645678645679,0.0
42.78655578655579,0.0025
42.786654786654786,0.0
42.78675378675379,0.0
42.78685278685279,0.0
42.78695178695179,0.0
42.78705078705079,0.0
42.78714978714979,0.0025
42.78724878724879,0.0
42.78734778734779,0.0025
42.78744678744679,0.0025
42.78754578754579,0.0
42.78764478764479,0.0025
42.78774378774379,0.0025
42.78784278784279,0.0025
42.78794178794179,0.0
42.78804078804079,0.0
42.78813978813979,0.0
42.78823878823879,0.0025
42.78833778833779,0.0025
42.78843678843679,0.0025
42.78853578853579,0.0025
42.78863478863479,0.0025
42.78873378873379,0.0
42.78883278883279,0.0
42.78893178893179,0.0
42.78903078903079,0.0025
42.789129789129795,0.0
42.789228789228794,0.0025
42.78932778932779,0.0025
42.78942678942679,0.0025
42.78952578952579,0.0
42.789624789624796,0.0
42.789723789723794,0.0
42.78982278982279,0.0
42.78992178992179,0.0
42.79002079002079,0.0025
42.790119790119796,0.0
42.790218790218795,0.0
42.79031779031779,-0.0025
42.79041679041679,0.0025
42.79051579051579,0.0
42.7906147906148,0.0025
42.790713790713795,0.0
42.790812790812794,0.0025
42.79091179091179,0.0025
42.79101079101079,0.0025
42.7911097911098,0.0
42.791208791208796,0.0
42.791307791307794,0.005
42.79140679140679,0.0025
42.79150579150579,0.0025
42.7916047916048,0.0025
42.791703791703796,0.0
42.791802791802795,0.0
42.79190179190179,0.0
42.79200079200079,0.0
42.7920997920998,0.0025
42.792198792198796,0.0025
42.792297792297795,0.0
42.792396792396794,0.0
42.79249579249579,0.005
42.7925947925948,0.0
42.7926937926938,0.0
42.792792792792795,0.0
42.792891792891794,0.0025
42.79299079299079,0.0025
42.7930897930898,0.0025
42.7931887931888,0.0025
42.793287793287796,0.0025
42.793386793386794,0.0025
42.79348579348579,0.0025
42.7935847935848,-0.0025
42.7936837936838,0.0025
42.793782793782796,0.0025
42.793881793881795,-0.0025
42.79398079398079,-0.0025
42.7940797940798,0.0025
42.7941787941788,0.0025
42.7942777942778,0.005
42.794376794376795,0.0
42.794475794475794,0.005
42.7945747945748,0.005
42.7946737946738,0.005
42.7947727947728,0.0025
42.794871794871796,0.0
42.794970794970794,0.0025
42.7950697950698,0.0
42.7951687951688,0.0
42.7952677952678,0.0
42.795366795366796,0.0025
42.795465795465795,0.0025
42.7955647955648,0.0025
42.7956637956638,0.0
42.7957627957628,0.0
42.795861795861796,0.0
42.7959607959608,0.0
42.7960597960598,0.0
42.7961587961588,-0.0025
42.7962577962578,0.0025
42.7963567963568,0.0025
42.7964557964558,0.0025
42.7965547965548,0.0025
42.7966537966538,0.0025
42.7967527967528,0.0025
42.7968517968518,0.0025
42.7969507969508,0.0025
42.7970497970498,0.0
42.7971487971488,0.0025
42.7972477972478,0.0
42.7973467973468,0.0
42.7974457974458,0.0
42.7975447975448,0.0
42.7976437976438,0.0025
42.7977427977428,0.0025
42.7978417978418,0.0
42.797940797940804,-0.0025
42.7980397980398,0.0025
42.7981387981388,0.0
42.7982377982378,0.0
42.7983367983368,0.0025
42.798435798435804,0.0
42.7985347985348,0.0025
42.7986337986338,0.0
42.7987327987328,0.0
42.7988317988318,0.0
42.798930798930805,0.0
42.7990297990298,0.0025
42.7991287991288,0.0025
42.7992277992278,0.0025
42.7993267993268,0.0025
42.799425799425805,0.0
42.799524799524804,0.0
42.7996237996238,0.0
42.7997227997228,0.0025
42.7998217998218,0.0025
42.799920799920805,0.0025
42.800019800019804,0.0025
42.8001188001188,0.0025
42.8002178002178,0.0025
42.8003168003168,0.0025
42.800415800415806,0.0025
42.800514800514804,0.0025
42.8006138006138,0.0025
42.8007128007128,0.0
42.8008118008118,0.0
42.800910800910806,0.0025
42.801009801009805,0.0025
42.8011088011088,0.0025
42.8012078012078,0.0025
42.8013068013068,0.0
42.80140580140581,0.0025
42.801504801504805,0.0
42.801603801603804,0.0
42.8017028017028,0.0
42.8018018018018,0.0025
42.80190080190081,0.0025
42.801999801999806,0.0025
42.802098802098804,0.005
42.8021978021978,0.0025
42.8022968022968,0.0025
42.80239580239581,0.0
42.802494802494806,0.0025
42.802593802593805,0.0
42.8026928026928,0.0
42.8027918027918,0.0
42.80289080289081,0.0
42.802989802989806,0.0025
42.803088803088805,0.0
42.803187803187804,0.0
42.80328680328681,0.0
42.80338580338581,0.0
42.80348480348481,0.0
42.803583803583805,0.0025
42.803682803682804,0.0025
42.80378180378181,0.0025
42.80388080388081,0.0025
42.80397980397981,0.0
42.804078804078806,0.0025
42.804177804177804,-0.0025
42.80427680427681,0.0
42.80437580437581,0.0
42.80447480447481,0.0025
42.804573804573806,-0.0025
42.804672804672805,0.0
42.80477180477181,0.0025
42.80487080487081,0.0
42.80496980496981,0.0025
42.80506880506881,0.0
42.805167805167805,0.0
42.80526680526681,0.0
42.80536580536581,0.0
42.80546480546481,0.0
42.80556380556381,0.0
42.805662805662806,0.0
42.80576180576181,0.0
42.80586080586081,0.0025
42.80595980595981,0.0
42.80605880605881,0.0
42.806157806157806,0.0025
42.80625680625681,0.0
42.80635580635581,0.0
42.80645480645481,0.0
42.80655380655381,0.0
42.80665280665281,0.0025
42.80675180675181,0.0
42.80685080685081,0.0
42.80694980694981,0.0
42.80704880704881,0.0
42.80714780714781,0.0
42.80724680724681,0.0025
42.80734580734581,0.0
42.80744480744481,0.0025
42.80754380754381,0.0
42.80764280764281,0.0025
42.80774180774181,0.0025
42.80784080784081,0.0025
42.80793980793981,-0.0025
42.80803880803881,0.0025
42.80813780813781,-0.0025
42.80823680823681,0.0025
42.80833580833581,0.0
42.80843480843481,-0.0025
42.80853380853381,0.0025
42.80863280863281,0.0025
42.808731808731814,0.0
42.80883080883081,-0.0025
42.80892980892981,-0.0025
42.80902880902881,0.0
42.80912780912781,0.0
42.809226809226814,0.0
42.80932580932581,0.0025
42.80942480942481,0.0025
42.80952380952381,0.0025
42.80962280962281,0.0025
42.809721809721815,0.0025
42.80982080982081,0.0
42.80991980991981,0.0
42.81001881001881,0.0
42.81011781011781,0.0025
42.810216810216815,0.0025
42.810315810315814,0.0
42.81041481041481,0.0
42.81051381051381,0.0025
42.81061281061282,0.0
42.810711810711815,0.0025
42.810810810810814,0.005
42.81090981090981,0.0
42.81100881100881,0.0025
42.81110781110782,0.0
42.811206811206816,0.0025
42.811305811305814,0.0025
42.81140481140481,0.0
42.81150381150381,0.0025
42.81160281160282,0.0
42.811701811701816,0.0025
42.811800811800815,0.0025
42.81189981189981,0.0
42.81199881199881,0.0
42.81209781209782,0.0025
42.81219681219682,0.0
42.812295812295815,0.0
42.812394812394814,0.0025
42.81249381249381,0.0
42.81259281259282,0.0
42.81269181269182,0.0
42.812790812790816,0.0025
42.812889812889814,0.0
42.81298881298881,0.0
42.81308781308782,0.0
42.81318681318682,0.0
42.813285813285816,0.0
42.813384813384815,0.0025
42.81348381348381,0.0025
42.81358281358282,0.0025
42.81368181368182,0.0025
42.81378081378082,0.0
42.813879813879815,0.0025
42.813978813978814,-0.0025
42.81407781407782,0.0
42.81417681417682,0.0
42.81427581427582,0.0
42.814374814374816,0.0025
42.814473814473814,0.0
42.81457281457282,-0.0025
42.81467181467182,-0.0025
42.81477081477082,0.0
42.814869814869816,0.005
42.814968814968815,0.0025
42.81506781506782,0.0
42.81516681516682,0.0
42.81526581526582,0.0
42.815364815364816,0.0025
42.815463815463815,0.0
42.81556281556282,0.0025
42.81566181566182,0.0025
42.81576081576082,0.0
42.81585981585982,0.0
42.815958815958815,0.0
42.81605781605782,0.0
42.81615681615682,0.0
42.81625581625582,0.0
42.81635481635482,0.0025
42.816453816453816,0.0025
42.81655281655282,0.0
42.81665181665182,0.0
42.81675081675082,0.0
42.81684981684982,0.0
42.816948816948816,0.0
42.81704781704782,0.0
42.81714681714682,0.0025
42.81724581724582,0.0
42.81734481734482,0.005
42.81744381744382,0.0
42.81754281754282,0.0
42.81764181764182,0.0025
42.81774081774082,-0.0025
42.81783981783982,-0.0025
42.817938817938824,-0.0025
42.81803781803782,0.005
42.81813681813682,-0.0025
42.81823581823582,0.0
42.81833481833482,0.0
42.818433818433824,0.0
42.81853281853282,0.0
42.81863181863182,0.0025
42.81873081873082,0.0
42.81882981882982,0.0025
42.818928818928825,0.0
42.81902781902782,0.0
42.81912681912682,0.0
42.81922581922582,0.0
42.81932481932482,0.0025
42.819423819423825,0.0
42.819522819522824,0.0025
42.81962181962182,0.0025
42.81972081972082,0.0
42.81981981981982,0.0
42.819918819918826,0.0025
42.820017820017824,0.0
42.82011682011682,0.0025
42.82021582021582,0.0025
42.82031482031482,0.0
42.820413820413826,0.0
42.820512820512825,0.0
42.82061182061182,0.0
42.82071082071082,0.0025
42.82080982080982,0.0
42.820908820908826,0.0025
42.821007821007825,0.0025
42.821106821106824,0.0
42.82120582120582,0.0
42.82130482130482,0.0025
42.82140382140383,0.0025
42.821502821502825,0.0
42.821601821601824,0.0
42.82170082170082,0.005
42.82179982179982,0.005
42.82189882189883,0.0025
42.821997821997826,0.0
42.822096822096825,0.005
42.82219582219582,0.0025
42.82229482229482,0.0025
42.82239382239383,0.0025
42.822492822492826,0.0
42.822591822591825,0.0025
42.822690822690824,-0.0025
42.82278982278982,0.005
42.82288882288883,0.0
42.82298782298783,-0.0025
42.823086823086825,-0.0025
42.823185823185824,-0.0025
42.82328482328482,0.0025
42.82338382338383,0.0
42.82348282348283,0.0
42.823581823581826,0.0025
42.823680823680824,0.0025
42.82377982377982,0.0025
42.82387882387883,0.0
42.82397782397783,0.0
42.824076824076826,0.0
42.824175824175825,0.0
42.82427482427482,0.0025
42.82437382437383,0.005
42.82447282447283,0.0025
42.82457182457183,0.0025
42.824670824670825,0.0025
42.82476982476983,0.0
42.82486882486883,0.0025
42.82496782496783,0.0
42.82506682506683,0.0
42.825165825165826,0.0025
42.82526482526483,0.0
42.82536382536383,0.0025
42.82546282546283,0.0
42.82556182556183,0.0025
42.825660825660826,0.0025
42.82575982575983,0.0025
42.82585882585883,0.0
42.82595782595783,0.0
42.82605682605683,0.0025
42.826155826155826,0.0025
42.82625482625483,0.0025
42.82635382635383,0.0
42.82645282645283,0.0025
42.82655182655183,0.0
42.82665082665083,0.0
42.82674982674983,0.0
42.82684882684883,0.0
42.82694782694783,0.0
42.82704682704683,0.0
42.82714582714583,0.0
42.82724482724483,0.0
42.82734382734383,-0.0025
42.82744282744283,0.0025
42.82754182754183,0.0025
42.82764082764083,0.0025
42.82773982773983,0.0025
42.82783882783883,0.0
42.82793782793783,0.0
42.82803682803683,0.0
42.82813582813583,-0.0025
42.828234828234834,0.0
42.82833382833383,0.005
42.82843282843283,0.0025
42.82853182853183,-0.0025
42.82863082863083,0.0
42.828729828729834,0.0
42.82882882882883,0.0
42.82892782892783,0.0
42.82902682902683,0.0025
42.82912582912583,0.005
42.829224829224835,0.0
42.82932382932383,0.0025
42.82942282942283,0.0
42.82952182952183,0.0
42.82962082962083,0.0
42.829719829719835,0.0
42.829818829818834,0.0025
42.82991782991783,0.0025
42.83001683001683,0.0
42.83011583011583,0.005
42.830214830214835,0.0
42.830313830313834,0.0
42.83041283041283,0.0
42.83051183051183,0.0025
42.83061083061083,0.0
42.830709830709836,0.0025
42.830808830808834,-0.0025
42.83090783090783,0.0025
42.83100683100683,0.0025
42.83110583110583,0.0
42.831204831204836,0.0
42.831303831303835,0.0025
42.83140283140283,0.0025
42.83150183150183,0.0025
42.83160083160083,0.0025
42.83169983169984,0.0025
42.831798831798835,0.0025
42.831897831897834,0.0
42.83199683199683,0.0
42.83209583209584,0.0025
42.83219483219484,0.0
42.832293832293836,0.0025
42.832392832392834,0.0
42.83249183249183,0.0
42.83259083259084,0.0
42.83268983268984,0.0025
42.832788832788836,0.0
42.832887832887835,0.0
42.83298683298683,0.0025
42.83308583308584,0.0025
42.83318483318484,0.005
42.833283833283836,0.0
42.833382833382835,0.0
42.833481833481834,0.0
42.83358083358084,0.0025
42.83367983367984,0.0025
42.83377883377884,0.0
42.833877833877835,0.0
42.833976833976834,0.0
42.83407583407584,0.0
42.83417483417484,0.0025
42.83427383427384,0.0
42.834372834372836,0.0
42.834471834471834,0.0
42.83457083457084,0.0
42.83466983466984,0.0025
42.83476883476884,0.0025
42.834867834867836,0.0
42.834966834966835,0.0
42.83506583506584,0.0
42.83516483516484,0.0025
42.83526383526384,-0.0025
42.83536283536284,0.0
42.835461835461835,0.0
42.83556083556084,0.0025
42.83565983565984,0.0025
42.83575883575884,0.005
42.83585783585784,0.005
42.835956835956836,0.0
42.83605583605584,0.0
42.83615483615484,0.005
42.83625383625384,-0.0025
42.83635283635284,0.0
42.836451836451836,0.0025
42.83655083655084,-0.0025
42.83664983664984,-0.0025
42.83674883674884,0.0
42.83684783684784,0.0
42.83694683694684,0.0
42.83704583704584,-0.0025
42.83714483714484,0.0
42.83724383724384,0.0
42.83734283734284,0.0
42.83744183744184,-0.0025
42.83754083754084,-0.0025
42.83763983763984,0.0
42.83773883773884,0.0
42.83783783783784,0.0
42.83793683793684,0.0
42.83803583803584,0.0025
42.83813483813484,0.005
42.83823383823384,-0.0025
42.83833283833284,-0.0025
42.83843183843184,0.0025
42.83853083853084,0.0025
42.83862983862984,-0.0025
42.83872883872884,0.0
42.83882783882784,-0.0025
42.83892683892684,0.0025
42.839025839025844,0.0
42.83912483912484,-0.0025
42.83922383922384,0.0
42.83932283932284,0.0
42.839421839421846,0.0025
42.839520839520844,0.0025
42.83961983961984,0.0
42.83971883971884,0.0
42.83981783981784,-0.0025
42.839916839916846,0.0
42.840015840015845,-0.0025
42.84011484011484,0.0025
42.84021384021384,0.0025
42.84031284031284,0.0
42.840411840411846,0.0
42.840510840510845,0.0025
42.840609840609844,-0.0025
42.84070884070884,0.0
42.84080784080784,0.0
42.84090684090685,0.0025
42.841005841005845,0.0025
42.841104841104844,-0.0025
42.84120384120384,-0.0025
42.84130284130284,0.0025
42.84140184140185,0.0025
42.841500841500846,-0.0025
42.841599841599844,-0.0025
42.84169884169884,0.0
42.84179784179784,0.0025
42.84189684189685,0.0
42.841995841995846,0.0
42.842094842094845,0.0
42.84219384219384,-0.0025
42.84229284229284,0.0
42.84239184239185,0.0
42.84249084249085,0.0025
42.842589842589845,0.0
42.842688842688844,0.0025
42.84278784278784,0.0
42.84288684288685,0.0
42.84298584298585,0.0025
42.843084843084846,0.0025
42.843183843183844,0.0
42.84328284328284,0.0
42.84338184338185,0.005
42.84348084348085,0.0
42.843579843579846,0.0
42.843678843678845,0.0
42.84377784377784,0.0025
42.84387684387685,-0.0025
42.84397584397585,0.0025
42.84407484407485,0.0025
42.844173844173845,0.0025
42.844272844272844,0.0025
42.84437184437185,0.0
42.84447084447085,0.0025
42.84456984456985,0.0025
42.844668844668846,0.0025
42.844767844767844,0.0025
42.84486684486685,0.0
42.84496584496585,0.0025
42.84506484506485,0.0025
42.845163845163846,0.0025
42.845262845262845,0.0
42.84536184536185,0.0
42.84546084546085,0.0025
42.84555984555985,0.0025
42.845658845658846,0.0
42.845757845757845,0.0
42.84585684585685,0.0
42.84595584595585,0.0
42.84605484605485,0.0025
42.84615384615385,0.0
42.846252846252845,0.0025
42.84635184635185,0.0
42.84645084645085,0.0025
42.84654984654985,0.0
42.84664884664885,0.0
42.84674784674785,0.0
42.84684684684685,0.0025
42.84694584694585,0.0
42.84704484704485,0.0025
42.84714384714385,0.0
42.84724284724285,0.0025
42.84734184734185,0.0
42.84744084744085,0.0025
42.84753984753985,0.0025
42.84763884763885,0.0
42.847737847737854,0.0
42.84783684783685,0.0
42.84793584793585,0.0
42.84803484803485,0.0
42.84813384813385,0.0
42.848232848232854,0.0
42.84833184833185,0.0
42.84843084843085,0.0025
42.84852984852985,0.0025
42.84862884862885,0.0025
42.848727848727854,0.0025
42.84882684882685,0.0025
42.84892584892585,0.0
42.84902484902485,0.0
42.84912384912385,0.0
42.849222849222855,0.0
42.84932184932185,0.0025
42.84942084942085,0.0
42.84951984951985,0.0025
42.84961884961885,0.0025
42.849717849717855,0.0
42.849816849816854,0.0
42.84991584991585,0.0
42.85001485001485,0.0
42.85011385011385,0.0025
42.850212850212856,0.0
42.850311850311854,0.0
42.85041085041085,0.0025
42.85050985050985,0.0
42.85060885060885,0.0025
42.850707850707856,0.0
42.850806850806855,0.0025
42.85090585090585,0.0025
42.85100485100485,0.005
42.85110385110385,0.0025
42.851202851202856,0.0025
42.851301851301855,0.005
42.851400851400854,0.005
42.85149985149985,0.005
42.85159885159885,0.0
42.85169785169786,0.005
42.851796851796855,0.005
42.851895851895854,0.0025
42.85199485199485,-0.0025
42.85209385209385,0.0025
42.85219285219286,0.0
42.852291852291856,0.0
42.852390852390855,0.0
42.85248985248985,0.0
42.85258885258885,0.0
42.85268785268786,0.0025
42.852786852786856,0.0025
42.852885852885855,0.005
42.852984852984854,0.0
42.85308385308385,0.0025
42.85318285318286,0.0
42.85328185328186,0.0025
42.853380853380855,0.0025
42.853479853479854,0.0025
42.85357885357886,0.0
42.85367785367786,0.0
42.85377685377686,0.0
42.853875853875856,-0.0025
42.853974853974854,0.0025
42.85407385407386,0.0025
42.85417285417286,0.0025
42.85427185427186,0.005
42.854370854370856,0.005
42.854469854469855,0.0025
42.85456885456886,0.0025
42.85466785466786,-0.0025
42.85476685476686,0.0
42.85486585486586,0.0
42.854964854964855,0.0
42.85506385506386,0.0
42.85516285516286,0.0025
42.85526185526186,0.0
42.85536085536086,0.0025
42.855459855459856,0.0025
42.85555885555886,0.0025
42.85565785565786,-0.0025
42.85575685575686,-0.0025
42.85585585585586,0.005
42.855954855954856,0.0025
42.85605385605386,0.0025
42.85615285615286,0.0
42.85625185625186,-0.005
42.85635085635086,0.0025
42.856449856449856,0.0
42.85654885654886,0.0025
42.85664785664786,0.0025
42.85674685674686,0.0
42.85684585684586,0.0025
42.85694485694486,0.0
42.85704385704386,0.0025
42.85714285714286,0.0
42.85724185724186,0.0
42.85734085734086,0.0025
42.85743985743986,0.0025
42.85753885753886,0.0025
42.85763785763786,0.0025
42.85773685773686,0.0025
42.85783585783586,0.0025
42.85793485793486,0.0025
42.85803385803386,-0.0025
42.85813285813286,0.0
42.85823185823186,0.0025
42.85833085833086,0.0025
42.85842985842986,0.0
42.858528858528864,0.0025
42.85862785862786,0.0
42.85872685872686,0.0
42.85882585882586,0.0
42.85892485892486,0.0
42.859023859023864,0.0025
42.85912285912286,0.0
42.85922185922186,0.0025
42.85932085932086,0.0025
42.85941985941986,0.0
42.859518859518865,0.0025
42.85961785961786,0.0
42.85971685971686,0.0025
42.85981585981586,0.005
42.85991485991486,0.0
42.860013860013865,0.0025
42.860112860112864,0.0
42.86021186021186,0.0
42.86031086031086,0.0025
42.86040986040986,0.0025
42.860508860508865,0.0025
42.860607860607864,0.0
42.86070686070686,0.0
42.86080586080586,-0.0025
42.86090486090487,0.0
42.861003861003866,0.005
42.861102861102864,0.0
42.86120186120186,0.0
42.86130086130086,0.0
42.86139986139987,0.0
42.861498861498866,0.0025
42.861597861597865,0.0
42.86169686169686,0.0025
42.86179586179586,0.0025
42.86189486189487,-0.0025
42.86199386199387,-0.0025
42.862092862092865,-0.0025
42.862191862191864,0.0
42.86229086229086,0.0025
42.86238986238987,0.0
42.86248886248887,0.0025
42.862587862587866,0.0025
42.862686862686864,0.0025
42.86278586278586,0.0025
42.86288486288487,0.0
42.86298386298387,0.0
42.863082863082866,0.0025
42.863181863181865,0.0
42.86328086328086,0.0
42.86337986337987,0.0
42.86347886347887,0.0
42.863577863577866,0.0025
42.863676863676865,0.0025
42.863775863775864,0.0
42.86387486387487,0.0025
42.86397386397387,0.0
42.86407286407287,0.0
42.864171864171865,0.0
42.864270864270864,0.0025
42.86436986436987,0.0
42.86446886446887,0.0
42.86456786456787,0.0
42.864666864666866,0.0
42.864765864765864,0.005
42.86486486486487,0.0025
42.86496386496387,0.0025
42.86506286506287,0.005
42.865161865161866,0.0025
42.865260865260865,0.0025
42.86535986535987,0.0025
42.86545886545887,0.005
42.86555786555787,-0.0025
42.86565686565687,-0.0025
42.865755865755865,-0.0025
42.86585486585487,0.0
42.86595386595387,0.0
42.86605286605287,-0.0025
42.86615186615187,-0.0025
42.866250866250866,0.0
42.86634986634987,0.0
42.86644886644887,0.0025
42.86654786654787,0.0
42.86664686664687,0.0
42.866745866745866,0.0
42.86684486684487,0.0
42.86694386694387,0.0025
42.86704286704287,0.0
42.86714186714187,0.0
42.86724086724087,0.0025
42.86733986733987,0.0025
42.86743886743887,0.005
42.86753786753787,0.0
42.86763686763687,0.0025
42.86773586773587,0.0025
42.86783486783487,0.0
42.86793386793387,0.0
42.86803286803287,0.0
42.86813186813187,0.005
42.868230868230874,0.0
42.86832986832987,0.0
42.86842886842887,0.0
42.86852786852787,0.0025
42.86862686862687,0.0025
42.868725868725875,0.0025
42.86882486882487,0.0
42.86892386892387,0.0
42.86902286902287,0.0
42.86912186912187,0.0025
42.869220869220875,0.0025
42.869319869319874,0.0025
42.86941886941887,0.0025
42.86951786951787,0.0025
42.86961686961687,0.0025
42.869715869715876,0.0
42.869814869814874,0.0025
42.86991386991387,0.0
42.87001287001287,0.005
42.87011187011187,0.0025
42.870210870210876,0.0025
42.870309870309875,0.0
42.87040887040887,0.0025
42.87050787050787,0.0025
42.87060687060687,0.0
42.870705870705876,0.0025
42.870804870804875,0.0
42.870903870903874,0.0025
42.87100287100287,0.0
42.87110187110187,0.0025
42.87120087120088,0.0025
42.871299871299875,0.0
42.871398871398874,0.0025
42.87149787149787,0.0025
42.87159687159687,0.0
42.87169587169588,0.0025
42.871794871794876,0.0
42.871893871893874,0.0
42.87199287199287,0.0
42.87209187209187,0.0
42.87219087219088,0.0025
42.872289872289876,0.0025
42.872388872388875,0.0
42.87248787248787,0.0025
42.87258687258687,0.0
42.87268587268588,0.0
42.87278487278488,0.0
42.872883872883875,0.0
42.872982872982874,0.0025
42.87308187308187,0.0025
42.87318087318088,0.0025
42.87327987327988,0.0025
42.873378873378876,0.0
42.873477873477874,0.0025
42.87357687357687,0.0
42.87367587367588,0.0
42.87377487377488,0.0
42.873873873873876,0.0
42.873972873972875,0.0
42.87407187407187,0.0025
42.87417087417088,0.0025
42.87426987426988,-0.0025
42.87436887436888,0.0
42.874467874467875,0.0
42.874566874566874,0.0
42.87466587466588,-0.0025
42.87476487476488,-0.0025
42.87486387486388,0.0
42.874962874962876,0.0
42.87506187506188,0.0025
42.87516087516088,0.0
42.87525987525988,0.0025
42.87535887535888,0.0
42.875457875457876,0.0
42.87555687555688,0.0
42.87565587565588,0.0
42.87575487575488,0.0025
42.87585387585388,0.005
42.875952875952876,0.0025
42.87605187605188,0.0
42.87615087615088,0.0
42.87624987624988,0.0
42.87634887634888,0.0
42.87644787644788,0.0025
42.87654687654688,0.0
42.87664587664588,0.0
42.87674487674488,0.0025
42.87684387684388,0.0025
42.87694287694288,0.0
42.87704187704188,0.0
42.87714087714088,0.0
42.87723987723988,0.0025
42.87733887733888,0.0025
42.87743787743788,0.0025
42.87753687753688,0.005
42.87763587763588,0.0025
42.87773487773488,0.0025
42.87783387783388,0.0
42.87793287793288,0.0025
42.878031878031884,0.0025
42.87813087813088,0.0025
42.87822987822988,0.005
42.87832887832888,0.0025
42.87842787842788,0.005
42.878526878526884,0.0
42.87862587862588,-0.005
42.87872487872488,-0.0025
42.87882387882388,-0.0025
42.87892287892288,0.0
42.879021879021884,0.0
42.87912087912088,0.005
42.87921987921988,0.0
42.87931887931888,-0.0025
42.87941787941788,0.0
42.879516879516885,-0.0025
42.87961587961588,0.0
42.87971487971488,0.0
42.87981387981388,0.0025
42.87991287991288,0.0
42.880011880011885,0.0025
42.880110880110884,0.0
42.88020988020988,0.0
42.88030888030888,0.0025
42.88040788040788,0.0025
42.880506880506886,0.0025
42.880605880605884,0.0
42.88070488070488,0.0025
42.88080388080388,0.0025
42.88090288090288,0.0025
42.881001881001886,0.0025
42.881100881100885,0.0025
42.88119988119988,0.0
42.88129888129888,0.0025
42.88139788139788,0.0
42.881496881496886,0.0
42.881595881595885,0.0
42.881694881694884,0.005
42.88179388179388,0.0025
42.88189288189288,0.0025
42.88199188199189,0.0
42.882090882090885,0.0025
42.882189882189884,0.0025
42.88228888228888,0.0
42.88238788238789,0.005
42.88248688248689,0.0
42.882585882585886,0.005
42.882684882684885,0.0025
42.88278388278388,0.0025
42.88288288288289,0.0025
42.88298188298189,0.0
42.883080883080886,0.0025
42.883179883179885,0.0
42.883278883278884,0.0025
42.88337788337789,0.0025
42.88347688347689,0.0025
42.88357588357589,0.0
42.883674883674885,0.0025
42.883773883773884,0.0025
42.88387288387289,0.0
42.88397188397189,0.0
42.88407088407089,0.0025
42.884169884169886,-0.0025
42.884268884268884,0.0025
42.88436788436789,0.0025
42.88446688446689,0.0025
42.88456588456589,0.0
42.884664884664886,0.0
42.884763884763885,0.0025
42.88486288486289,0.0
42.88496188496189,0.0
42.88506088506089,0.0025
42.88515988515989,0.0025
42.885258885258885,0.0025
42.88535788535789,0.0
42.88545688545689,0.0
42.88555588555589,0.0
42.88565488565489,0.0
42.885753885753886,0.0
42.88585288585289,0.0
42.88595188595189,0.0
42.88605088605089,0.0025
42.88614988614989,0.0025
42.886248886248886,0.0025
42.88634788634789,0.0
42.88644688644689,0.0
42.88654588654589,0.0
42.88664488664489,0.0025
42.886743886743886,0.0
42.88684288684289,0.0025
42.88694188694189,0.0
42.88704088704089,0.0025
42.88713988713989,0.0
42.88723888723889,-0.0025
42.88733788733789,0.0
42.88743688743689,0.0
42.88753588753589,0.0
42.88763488763489,0.0
42.88773388773389,0.0025
42.88783288783289,0.0
42.88793188793189,0.0
42.88803088803089,0.0
42.88812988812989,0.0025
42.88822888822889,0.0
42.88832788832789,0.0025
42.88842688842689,0.0025
42.88852588852589,0.0025
42.88862488862489,0.0
42.88872388872389,0.0
42.888822888822894,0.005
42.88892188892189,-0.0025
42.88902088902089,-0.0025
42.88911988911989,0.0
42.88921888921889,0.0
42.889317889317894,0.0025
42.88941688941689,0.0
42.88951588951589,0.0
42.88961488961489,0.005
42.889713889713896,-0.0025
42.889812889812895,0.0025
42.88991188991189,0.0
42.89001089001089,0.0025
42.89010989010989,0.0025
42.890208890208896,0.0025
42.890307890307895,0.0025
42.890406890406894,0.0025
42.89050589050589,0.0
42.89060489060489,0.0
42.8907038907039,0.0
42.890802890802895,0.0
42.890901890901894,0.0
42.89100089100089,0.0025
42.89109989109989,0.0025
42.8911988911989,0.0
42.891297891297896,0.0
42.891396891396894,0.0
42.89149589149589,0.0
42.89159489159489,0.0
42.8916938916939,0.0
42.891792891792896,0.0
42.891891891891895,0.0
42.89199089199089,0.0
42.89208989208989,0.0025
42.8921888921889,0.0025
42.8922878922879,-0.0025
42.892386892386895,0.0
42.892485892485894,0.0025
42.89258489258489,0.0
42.8926838926839,-0.0025
42.8927828927829,0.005
42.892881892881896,-0.0025
42.892980892980894,0.0
42.89307989307989,0.0025
42.8931788931789,0.0025
42.8932778932779,0.0
42.893376893376896,0.0
42.893475893475895,0.0
42.89357489357489,0.0025
42.8936738936739,0.0025
42.8937728937729,0.0025
42.893871893871896,0.0025
42.893970893970895,0.0
42.894069894069894,0.0025
42.8941688941689,0.0025
42.8942678942679,0.0
42.8943668943669,0.0
42.894465894465895,0.0
42.894564894564894,0.0
42.8946638946639,0.0
42.8947628947629,0.0
42.8948618948619,0.0025
42.894960894960896,0.0
42.895059895059894,0.0
42.8951588951589,0.0025
42.8952578952579,0.0025
42.8953568953569,0.0
42.895455895455896,0.0025
42.895554895554895,0.0
42.8956538956539,0.0
42.8957528957529,0.005
42.8958518958519,-0.0025
42.8959508959509,0.0025
42.896049896049895,-0.0025
42.8961488961489,0.0
42.8962478962479,0.0025
42.8963468963469,0.0
42.8964458964459,-0.0025
42.896544896544896,0.0025
42.8966438966439,0.0025
42.8967428967429,0.0
42.8968418968419,0.0025
42.8969408969409,0.0025
42.8970398970399,0.0025
42.8971388971389,0.0
42.8972378972379,0.0025
42.8973368973369,0.0025
42.8974358974359,0.0025
42.897534897534904,0.0
42.8976338976339,0.0
42.8977328977329,0.0025
42.8978318978319,0.0
42.8979308979309,0.0025
42.898029898029904,0.0
42.8981288981289,0.0
42.8982278982279,0.005
42.8983268983269,0.0025
42.8984258984259,0.0
42.898524898524904,0.0025
42.8986238986239,0.0
42.8987228987229,0.0
42.8988218988219,0.0025
42.8989208989209,0.0
42.899019899019905,0.005
42.8991188991189,0.005
42.8992178992179,0.0025
42.8993168993169,0.0025
42.8994158994159,0.0
42.899514899514905,0.0
42.899613899613904,0.005
42.8997128997129,0.0
42.8998118998119,0.0025
42.8999108999109,0.0025
42.900009900009906,0.0
42.900108900108904,0.0
42.9002079002079,0.0
42.9003069003069,0.0025
42.9004059004059,0.0025
42.900504900504906,0.0
42.900603900603905,0.0
42.9007029007029,0.0
42.9008019008019,0.0
42.9009009009009,0.0
42.900999900999906,0.0
42.901098901098905,0.0
42.901197901197904,0.0
42.9012969012969,0.0
42.9013959013959,0.0
42.90149490149491,0.0025
42.901593901593905,0.0
42.901692901692904,0.0
42.9017919017919,0.0
42.9018909018909,0.0
42.90198990198991,0.0025
42.902088902088906,0.0
42.902187902187904,0.005
42.9022869022869,0.0
42.9023859023859,0.0025
42.90248490248491,0.005
42.902583902583906,0.0
42.902682902682905,0.0025
42.9027819027819,0.0
42.9028809028809,0.0
42.90297990297991,0.0025
42.90307890307891,0.0
42.903177903177905,0.0
42.903276903276904,0.0
42.9033759033759,0.0
42.90347490347491,0.0025
42.90357390357391,0.0
42.903672903672906,0.0025
42.903771903771904,0.0
42.90387090387091,0.0
42.90396990396991,0.0
42.90406890406891,0.0025
42.904167904167906,0.0
42.904266904266905,0.0
42.90436590436591,0.0025
42.90446490446491,0.0
42.90456390456391,0.0
42.904662904662906,0.0025
42.904761904761905,0.0
42.90486090486091,0.0
42.90495990495991,0.0
42.90505890505891,0.0025
42.90515790515791,0.0025
42.905256905256905,0.005
42.90535590535591,0.0
42.90545490545491,0.0
42.90555390555391,0.0
42.90565290565291,0.0
42.905751905751906,0.0
42.90585090585091,0.0
42.90594990594991,0.0
42.90604890604891,0.0025
42.90614790614791,0.0025
42.906246906246906,0.0025
42.90634590634591,0.0
42.90644490644491,0.0
42.90654390654391,0.0
42.90664290664291,0.0025
42.90674190674191,0.0
42.90684090684091,0.0025
42.90693990693991,0.0025
42.90703890703891,0.0
42.90713790713791,0.0
42.90723690723691,0.0
42.90733590733591,0.0
42.90743490743491,0.0
42.90753390753391,0.0
42.90763290763291,0.0
42.90773190773191,-0.0025
42.90783090783091,0.0
42.90792990792991,0.0
42.90802890802891,0.0
42.90812790812791,0.0
42.90822690822691,0.0
42.908325908325914,0.0
42.90842490842491,0.0
42.90852390852391,0.0
42.90862290862291,0.0
42.90872190872191,0.0
42.908820908820914,0.0
42.90891990891991,0.0
42.90901890901891,0.0025
42.90911790911791,0.0
42.90921690921691,0.0025
42.909315909315914,0.0025
42.90941490941491,0.0
42.90951390951391,0.0
42.90961290961291,0.0
42.90971190971191,0.0
42.909810909810915,0.0
42.90990990990991,0.0
42.91000891000891,0.0025
42.91010791010791,0.005
42.91020691020691,0.0025
42.910305910305915,0.0
42.910404910404914,0.0025
42.91050391050391,0.0
42.91060291060291,0.0025
42.91070191070191,0.0025
42.910800910800916,0.0025
42.910899910899914,0.0
42.91099891099891,0.0025
42.91109791109791,0.0
42.91119691119692,0.0025
42.911295911295916,0.0
42.911394911394915,0.0
42.91149391149391,-0.0025
42.91159291159291,-0.0025
42.91169191169192,0.0
42.911790911790916,0.0
42.911889911889915,0.0
42.911988911988914,0.0
42.91208791208791,-0.0025
42.91218691218692,0.0025
42.91228591228592,0.0025
42.912384912384915,0.0
42.912483912483914,0.005
42.91258291258291,0.0025
42.91268191268192,0.0025
42.91278091278092,0.0
42.912879912879916,0.005
42.912978912978915,0.0025
42.91307791307791,0.0
42.91317691317692,0.0025
42.91327591327592,0.0025
42.913374913374916,0.005
42.913473913473915,-0.0025
42.913572913572914,0.0025
42.91367191367192,0.0
42.91377091377092,0.005
42.91386991386992,-0.0025
42.913968913968915,0.0025
42.914067914067914,0.0
42.91416691416692,0.0
42.91426591426592,-0.005
42.91436491436492,0.0025
42.914463914463916,0.0025
42.914562914562914,0.0025
42.91466191466192,0.0
42.91476091476092,0.0025
42.91485991485992,0.0025
42.914958914958916,0.0
42.915057915057915,0.0025
42.91515691515692,0.0025
42.91525591525592,0.0
42.91535491535492,0.0
42.91545391545392,0.0025
42.915552915552915,0.0
42.91565191565192,0.0
