Tiempo (s),Datos
16.528363528363528,0.0
16.52846252846253,0.0019999999
16.52856152856153,0.0029999998
16.52866052866053,0.0
16.52875952875953,0.0019999999
16.528858528858528,0.0019999999
16.52895752895753,0.0019999999
16.52905652905653,0.0009999999
16.52915552915553,0.0029999998
16.52925452925453,0.0019999999
16.529353529353532,0.0
16.52945252945253,0.0009999999
16.52955152955153,0.0009999999
16.52965052965053,0.0
16.52974952974953,0.0019999999
16.529848529848532,0.0009999999
16.52994752994753,0.0019999999
16.53004653004653,0.0009999999
16.530145530145532,0.0
16.53024453024453,0.0009999999
16.530343530343533,0.0019999999
16.53044253044253,0.0009999999
16.53054153054153,0.0009999999
16.530640530640532,0.0009999999
16.53073953073953,0.0019999999
16.530838530838533,0.0
16.530937530937532,0.0009999999
16.53103653103653,0.0019999999
16.531135531135533,0.0009999999
16.53123453123453,0.0009999999
16.531333531333534,0.0009999999
16.531432531432532,0.0009999999
16.53153153153153,0.0009999999
16.531630531630533,0.0
16.531729531729532,0.0009999999
16.531828531828534,0.0
16.531927531927533,0.0009999999
16.53202653202653,0.0009999999
16.532125532125534,0.0009999999
16.532224532224532,0.0009999999
16.532323532323534,-0.0009999999
16.532422532422533,0.0009999999
16.532521532521532,0.0019999999
16.532620532620534,0.0009999999
16.532719532719533,0.0009999999
16.532818532818535,0.0
16.532917532917534,0.0009999999
16.533016533016536,0.0019999999
16.533115533115534,0.0009999999
16.533214533214533,0.0019999999
16.533313533313535,0.0009999999
16.533412533412534,0.0
16.533511533511536,0.0
16.533610533610535,0.0009999999
16.533709533709533,0.0
16.533808533808536,0.0009999999
16.533907533907534,0.0009999999
16.534006534006537,0.0009999999
16.534105534105535,0.0
16.534204534204534,0.0009999999
16.534303534303536,0.0
16.534402534402535,0.0009999999
16.534501534501537,0.0
16.534600534600536,0.0009999999
16.534699534699534,0.0019999999
16.534798534798536,0.0009999999
16.534897534897535,0.0
16.534996534996537,0.0009999999
16.535095535095536,0.0009999999
16.535194535194535,0.0
16.535293535293537,0.0
16.535392535392536,-0.0009999999
16.535491535491538,-0.0009999999
16.535590535590536,0.0009999999
16.535689535689535,0.0009999999
16.535788535788537,0.0009999999
16.535887535887536,0.0019999999
16.535986535986538,0.0009999999
16.536085536085537,0.0
16.53618453618454,0.0019999999
16.536283536283538,0.0009999999
16.536382536382536,0.0
16.53648153648154,0.0009999999
16.536580536580537,0.0
16.53667953667954,0.0
16.536778536778538,0.0009999999
16.536877536877537,0.0
16.53697653697654,0.0009999999
16.537075537075538,0.0
16.53717453717454,-0.0009999999
16.53727353727354,0.0
16.537372537372537,0.0
16.53747153747154,0.0009999999
16.537570537570538,0.0
16.53766953766954,0.0
16.53776853776854,0.0
16.537867537867537,0.0
16.53796653796654,0.0009999999
16.53806553806554,0.0
16.53816453816454,0.0009999999
16.53826353826354,0.0
16.538362538362538,-0.0009999999
16.53846153846154,0.0009999999
16.53856053856054,0.0
16.53865953865954,0.0019999999
16.53875853875854,0.0019999999
16.53885753885754,0.0019999999
16.53895653895654,0.0
16.53905553905554,0.0009999999
16.53915453915454,0.0009999999
16.53925353925354,0.0009999999
16.53935253935254,0.0
16.53945153945154,0.0009999999
16.53955053955054,0.0009999999
16.53964953964954,0.0009999999
16.53974853974854,0.0
16.539847539847543,0.0
16.53994653994654,0.0019999999
16.54004554004554,0.0009999999
16.540144540144542,0.0009999999
16.54024354024354,0.0009999999
16.540342540342543,0.0019999999
16.54044154044154,0.0009999999
16.54054054054054,0.0009999999
16.540639540639543,0.0019999999
16.54073854073854,0.0
16.540837540837543,0.0019999999
16.540936540936542,-0.0009999999
16.54103554103554,0.0009999999
16.541134541134543,0.0009999999
16.54123354123354,0.0009999999
16.541332541332544,0.0009999999
16.541431541431542,0.0019999999
16.54153054153054,0.0
16.541629541629543,0.0009999999
16.541728541728542,0.0009999999
16.541827541827544,-0.0009999999
16.541926541926543,0.0009999999
16.54202554202554,0.0009999999
16.542124542124544,0.0009999999
16.542223542223542,0.0009999999
16.542322542322545,0.0
16.542421542421543,0.0009999999
16.542520542520542,0.0009999999
16.542619542619544,0.0009999999
16.542718542718543,0.0009999999
16.542817542817545,0.0
16.542916542916544,0.0009999999
16.543015543015542,0.0009999999
16.543114543114545,0.0
16.543213543213543,0.0
16.543312543312545,0.0
16.543411543411544,0.0009999999
16.543510543510546,0.0009999999
16.543609543609545,0.0019999999
16.543708543708544,0.0009999999
16.543807543807546,0.0009999999
16.543906543906544,0.0
16.544005544005547,0.0029999998
16.544104544104545,0.0009999999
16.544203544203544,0.0009999999
16.544302544302546,0.0009999999
16.544401544401545,0.0
16.544500544500547,0.0009999999
16.544599544599546,0.0009999999
16.544698544698544,0.0
16.544797544797547,0.0009999999
16.544896544896545,0.0009999999
16.544995544995547,0.0
16.545094545094546,0.0009999999
16.545193545193545,0.0009999999
16.545292545292547,0.0009999999
16.545391545391546,0.0
16.545490545490548,0.0009999999
16.545589545589547,0.0009999999
16.545688545688545,0.0009999999
16.545787545787547,0.0009999999
16.545886545886546,0.0009999999
16.54598554598555,0.0009999999
16.546084546084547,0.0
16.546183546183546,0.0009999999
16.546282546282548,0.0009999999
16.546381546381546,0.0009999999
16.54648054648055,0.0009999999
16.546579546579547,0.0009999999
16.546678546678546,0.0009999999
16.546777546777548,0.0019999999
16.546876546876547,0.0009999999
16.54697554697555,0.0009999999
16.547074547074548,0.0
16.54717354717355,0.0
16.54727254727255,0.0
16.547371547371547,0.0009999999
16.54747054747055,0.0009999999
16.547569547569548,0.0009999999
16.54766854766855,0.0009999999
16.54776754776755,0.0009999999
16.547866547866548,0.0009999999
16.54796554796555,-0.0009999999
16.54806454806455,0.0009999999
16.54816354816355,0.0
16.54826254826255,0.0
16.548361548361548,0.0
16.54846054846055,0.0009999999
16.54855954855955,0.0
16.54865854865855,0.0019999999
16.54875754875755,0.0019999999
16.54885654885655,0.0019999999
16.54895554895555,0.0
16.54905454905455,-0.0009999999
16.54915354915355,0.0009999999
16.54925254925255,0.0009999999
16.54935154935155,0.0019999999
16.54945054945055,0.0
16.54954954954955,0.0
16.549648549648552,0.0009999999
16.54974754974755,0.0009999999
16.54984654984655,0.0009999999
16.54994554994555,0.0009999999
16.55004455004455,0.0009999999
16.550143550143552,0.0
16.55024255024255,0.0009999999
16.55034155034155,0.0009999999
16.550440550440552,0.0009999999
16.55053955053955,0.0009999999
16.550638550638553,0.0009999999
16.55073755073755,0.0009999999
16.550836550836554,0.0009999999
16.550935550935552,0.0019999999
16.55103455103455,0.0009999999
16.551133551133553,0.0
16.55123255123255,0.0009999999
16.551331551331554,0.0019999999
16.551430551430553,0.0009999999
16.55152955152955,0.0009999999
16.551628551628554,0.0009999999
16.551727551727552,0.0009999999
16.551826551826554,0.0019999999
16.551925551925553,0.0009999999
16.55202455202455,0.0
16.552123552123554,0.0009999999
16.552222552222553,0.0009999999
16.552321552321555,0.0009999999
16.552420552420553,0.0
16.552519552519552,0.0
16.552618552618554,0.0009999999
16.552717552717553,0.0
16.552816552816555,0.0019999999
16.552915552915554,0.0009999999
16.553014553014552,0.0009999999
16.553113553113555,0.0
16.553212553212553,0.0
16.553311553311556,0.0009999999
16.553410553410554,0.0009999999
16.553509553509553,0.0009999999
16.553608553608555,0.0019999999
16.553707553707554,0.0019999999
16.553806553806556,0.0019999999
16.553905553905555,-0.0009999999
16.554004554004553,-0.0009999999
16.554103554103555,0.0
16.554202554202554,0.0009999999
16.554301554301556,0.0019999999
16.554400554400555,0.0029999998
16.554499554499557,0.0
16.554598554598556,0.0
16.554697554697555,0.0
16.554796554796557,0.0019999999
16.554895554895555,0.0009999999
16.554994554994558,0.0
16.555093555093556,0.0009999999
16.555192555192555,0.0009999999
16.555291555291557,0.0
16.555390555390556,0.0
16.555489555489558,0.0
16.555588555588557,0.0
16.555687555687555,0.0009999999
16.555786555786558,0.0009999999
16.555885555885556,0.0019999999
16.55598455598456,0.0019999999
16.556083556083557,0.0019999999
16.556182556182556,0.0009999999
16.556281556281558,0.0009999999
16.556380556380557,0.0009999999
16.55647955647956,0.0
16.556578556578557,0.0
16.556677556677556,0.0009999999
16.55677655677656,0.0019999999
16.556875556875557,0.0
16.55697455697456,0.0009999999
16.557073557073558,0.0009999999
16.557172557172557,0.0019999999
16.55727155727156,0.0009999999
16.557370557370557,0.0
16.55746955746956,-0.0009999999
16.55756855756856,0.0
16.557667557667557,-0.0009999999
16.55776655776656,0.0
16.557865557865558,0.0
16.55796455796456,-0.0009999999
16.55806355806356,0.0009999999
16.55816255816256,-0.0009999999
16.55826155826156,0.0
16.558360558360558,0.0009999999
16.55845955845956,0.0009999999
16.55855855855856,0.0
16.55865755865756,0.0019999999
16.55875655875656,0.0009999999
16.55885555885556,0.0
16.55895455895456,0.0009999999
16.55905355905356,0.0
16.55915255915256,0.0009999999
16.55925155925156,0.0019999999
16.55935055935056,0.0
16.55944955944956,0.0009999999
16.55954855954856,0.0019999999
16.559647559647562,0.0019999999
16.55974655974656,0.0009999999
16.55984555984556,0.0019999999
16.55994455994456,0.0009999999
16.56004356004356,0.0009999999
16.560142560142562,0.0009999999
16.56024156024156,0.0019999999
16.56034056034056,0.0
16.560439560439562,0.0009999999
16.56053856053856,0.0009999999
16.560637560637563,-0.0009999999
16.56073656073656,0.0009999999
16.56083556083556,0.0
16.560934560934562,0.0009999999
16.56103356103356,0.0
16.561132561132563,0.0009999999
16.561231561231562,0.0019999999
16.56133056133056,0.0
16.561429561429563,0.0009999999
16.56152856152856,0.0009999999
16.561627561627564,0.0009999999
16.561726561726562,0.0
16.561825561825565,0.0
16.561924561924563,0.0
16.562023562023562,0.0
16.562122562122564,0.0009999999
16.562221562221563,0.0009999999
16.562320562320565,-0.0009999999
16.562419562419564,-0.0009999999
16.562518562518562,0.0009999999
16.562617562617564,0.0019999999
16.562716562716563,0.0009999999
16.562815562815565,0.0009999999
16.562914562914564,0.0009999999
16.563013563013563,0.0009999999
16.563112563112565,0.0009999999
16.563211563211564,0.0009999999
16.563310563310566,0.0019999999
16.563409563409564,0.0019999999
16.563508563508563,0.0
16.563607563607565,0.0
16.563706563706564,0.0009999999
16.563805563805566,0.0
16.563904563904565,0.0019999999
16.564003564003563,0.0009999999
16.564102564102566,0.0
16.564201564201564,0.0
16.564300564300567,0.0009999999
16.564399564399565,0.0
16.564498564498564,0.0009999999
16.564597564597566,0.0009999999
16.564696564696565,0.0
16.564795564795567,0.0009999999
16.564894564894566,0.0009999999
16.564993564993568,0.0009999999
16.565092565092566,0.0
16.565191565191565,0.0009999999
16.565290565290567,0.0
16.565389565389566,0.0009999999
16.565488565488568,0.0009999999
16.565587565587567,0.0009999999
16.565686565686566,-0.0009999999
16.565785565785568,0.0009999999
16.565884565884566,0.0019999999
16.56598356598357,0.0009999999
16.566082566082567,0.0
16.566181566181566,0.0
16.566280566280568,0.0019999999
16.566379566379567,0.0009999999
16.56647856647857,0.0009999999
16.566577566577568,0.0
16.566676566676566,0.0
16.56677556677557,0.0019999999
16.566874566874567,0.0009999999
16.56697356697357,0.0009999999
16.567072567072568,0.0
16.567171567171567,0.0
16.56727056727057,0.0009999999
16.567369567369568,0.0
16.56746856746857,0.0019999999
16.56756756756757,0.0009999999
16.567666567666567,0.0009999999
16.56776556776557,0.0019999999
16.567864567864568,0.0
16.56796356796357,0.0009999999
16.56806256806257,0.0009999999
16.568161568161567,0.0009999999
16.56826056826057,0.0009999999
16.56835956835957,0.0009999999
16.56845856845857,0.0009999999
16.56855756855757,0.0009999999
16.56865656865657,0.0009999999
16.56875556875557,0.0019999999
16.56885456885457,0.0009999999
16.56895356895357,0.0
16.56905256905257,0.0009999999
16.569151569151572,0.0009999999
16.56925056925057,0.0019999999
16.56934956934957,0.0009999999
16.56944856944857,0.0019999999
16.56954756954757,0.0019999999
16.569646569646572,0.0019999999
16.56974556974557,0.0009999999
16.56984456984457,0.0009999999
16.56994356994357,0.0019999999
16.57004257004257,0.0009999999
16.570141570141573,0.0009999999
16.57024057024057,0.0009999999
16.57033957033957,0.0009999999
16.570438570438572,0.0009999999
16.57053757053757,0.0009999999
16.570636570636573,0.0
16.57073557073557,0.0009999999
16.57083457083457,0.0
16.570933570933573,0.0009999999
16.57103257103257,0.0
16.571131571131573,0.0
16.571230571230572,0.0009999999
16.57132957132957,0.0009999999
16.571428571428573,0.0009999999
16.57152757152757,0.0
16.571626571626574,0.0
16.571725571725572,0.0019999999
16.57182457182457,0.0009999999
16.571923571923573,0.0
16.572022572022572,0.0019999999
16.572121572121574,0.0019999999
16.572220572220573,0.0019999999
16.572319572319575,0.0
16.572418572418574,0.0
16.572517572517572,-0.0009999999
16.572616572616575,0.0019999999
16.572715572715573,0.0
16.572814572814575,0.0
16.572913572913574,0.0009999999
16.573012573012573,0.0019999999
16.573111573111575,0.0
16.573210573210574,0.0009999999
16.573309573309576,0.0
16.573408573408575,0.0019999999
16.573507573507573,0.0009999999
16.573606573606575,0.0009999999
16.573705573705574,0.0019999999
16.573804573804576,0.0019999999
16.573903573903575,0.0019999999
16.574002574002574,0.0
16.574101574101576,0.0009999999
16.574200574200574,0.0009999999
16.574299574299577,0.0009999999
16.574398574398575,0.0
16.574497574497574,0.0009999999
16.574596574596576,0.0
16.574695574695575,0.0009999999
16.574794574794577,0.0009999999
16.574893574893576,0.0009999999
16.574992574992574,0.0
16.575091575091577,0.0009999999
16.575190575190575,0.0019999999
16.575289575289577,0.0009999999
16.575388575388576,0.0009999999
16.575487575487575,0.0
16.575586575586577,0.0
16.575685575685576,0.0019999999
16.575784575784578,0.0009999999
16.575883575883577,0.0009999999
16.57598257598258,0.0009999999
16.576081576081577,0.0009999999
16.576180576180576,0.0
16.57627957627958,0.0009999999
16.576378576378577,0.0009999999
16.57647757647758,0.0019999999
16.576576576576578,0.0009999999
16.576675576675576,0.0009999999
16.57677457677458,0.0009999999
16.576873576873577,0.0009999999
16.57697257697258,0.0019999999
16.577071577071578,0.0009999999
16.577170577170577,0.0009999999
16.57726957726958,0.0009999999
16.577368577368578,0.0009999999
16.57746757746758,0.0009999999
16.57756657756658,0.0009999999
16.577665577665577,0.0009999999
16.57776457776458,0.0009999999
16.577863577863578,0.0009999999
16.57796257796258,0.0
16.57806157806158,0.0009999999
16.578160578160578,0.0009999999
16.57825957825958,0.0
16.57835857835858,0.0009999999
16.57845757845758,0.0
16.57855657855658,0.0
16.578655578655578,0.0009999999
16.57875457875458,0.0
16.57885357885358,0.0009999999
16.57895257895258,0.0009999999
16.57905157905158,0.0009999999
16.57915057915058,0.0
16.57924957924958,0.0009999999
16.57934857934858,0.0
16.57944757944758,0.0009999999
16.57954657954658,0.0
16.579645579645582,0.0009999999
16.57974457974458,0.0019999999
16.57984357984358,0.0
16.579942579942582,0.0
16.58004158004158,0.0009999999
16.580140580140583,0.0
16.58023958023958,0.0
16.58033858033858,0.0009999999
16.580437580437582,0.0009999999
16.58053658053658,0.0
16.580635580635583,0.0009999999
16.580734580734582,0.0009999999
16.58083358083358,0.0009999999
16.580932580932583,0.0
16.58103158103158,0.0
16.581130581130584,0.0009999999
16.581229581229582,0.0009999999
16.58132858132858,0.0009999999
16.581427581427583,0.0009999999
16.58152658152658,0.0009999999
16.581625581625584,0.0009999999
16.581724581724583,0.0009999999
16.58182358182358,0.0
16.581922581922584,0.0009999999
16.582021582021582,0.0019999999
16.582120582120584,0.0009999999
16.582219582219583,0.0009999999
16.58231858231858,0.0019999999
16.582417582417584,0.0009999999
16.582516582516583,0.0
16.582615582615585,0.0009999999
16.582714582714583,0.0019999999
16.582813582813582,0.0019999999
16.582912582912584,0.0009999999
16.583011583011583,0.0019999999
16.583110583110585,0.0009999999
16.583209583209584,0.0009999999
16.583308583308586,-0.0009999999
16.583407583407585,0.0
16.583506583506583,0.0009999999
16.583605583605586,0.0009999999
16.583704583704584,0.0
16.583803583803586,0.0
16.583902583902585,0.0
16.584001584001584,0.0
16.584100584100586,0.0
16.584199584199585,-0.0009999999
16.584298584298587,0.0
16.584397584397585,0.0
16.584496584496584,0.0
16.584595584595586,0.0009999999
16.584694584694585,0.0009999999
16.584793584793587,0.0009999999
16.584892584892586,0.0009999999
16.584991584991585,0.0
16.585090585090587,0.0
16.585189585189585,0.0019999999
16.585288585288588,0.0009999999
16.585387585387586,0.0009999999
16.585486585486585,0.0
16.585585585585587,0.0019999999
16.585684585684586,0.0019999999
16.585783585783588,0.0019999999
16.585882585882587,0.0009999999
16.585981585981585,0.0009999999
16.586080586080588,0.0019999999
16.586179586179586,0.0019999999
16.58627858627859,0.0009999999
16.586377586377587,0.0019999999
16.586476586476586,0.0009999999
16.586575586575588,0.0009999999
16.586674586674587,0.0
16.58677358677359,0.0009999999
16.586872586872587,0.0019999999
16.58697158697159,0.0
16.58707058707059,0.0
16.587169587169587,0.0
16.58726858726859,0.0009999999
16.587367587367588,0.0009999999
16.58746658746659,0.0009999999
16.58756558756559,0.0009999999
16.587664587664587,0.0019999999
16.58776358776359,0.0009999999
16.58786258786259,0.0
16.58796158796159,0.0009999999
16.58806058806059,0.0009999999
16.588159588159588,0.0009999999
16.58825858825859,0.0009999999
16.58835758835759,0.0
16.58845658845659,0.0009999999
16.58855558855559,0.0009999999
16.588654588654588,0.0009999999
16.58875358875359,0.0
16.58885258885259,0.0009999999
16.58895158895159,0.0009999999
16.58905058905059,0.0009999999
16.58914958914959,0.0009999999
16.58924858924859,0.0009999999
16.58934758934759,0.0009999999
16.58944658944659,0.0009999999
16.58954558954559,0.0009999999
16.58964458964459,0.0009999999
16.58974358974359,-0.0009999999
16.58984258984259,0.0009999999
16.589941589941592,0.0
16.59004059004059,0.0019999999
16.590139590139593,0.0009999999
16.59023859023859,0.0009999999
16.59033759033759,0.0009999999
16.590436590436592,0.0009999999
16.59053559053559,0.0019999999
16.590634590634593,0.0019999999
16.590733590733592,-0.0009999999
16.59083259083259,0.0019999999
16.590931590931593,0.0019999999
16.59103059103059,0.0
16.591129591129594,0.0
16.591228591228592,0.0
16.59132759132759,-0.0009999999
16.591426591426593,0.0
16.591525591525592,0.0019999999
16.591624591624594,0.0009999999
16.591723591723593,0.0009999999
16.59182259182259,0.0019999999
16.591921591921594,0.0029999998
16.592020592020592,0.0009999999
16.592119592119595,-0.0009999999
16.592218592218593,0.0009999999
16.592317592317592,0.0
16.592416592416594,-0.0009999999
16.592515592515593,0.0009999999
16.592614592614595,0.0009999999
16.592713592713594,0.0009999999
16.592812592812592,0.0019999999
16.592911592911594,0.0
16.593010593010593,0.0009999999
16.593109593109595,0.0009999999
16.593208593208594,0.0009999999
16.593307593307593,0.0019999999
16.593406593406595,0.0009999999
16.593505593505594,0.0019999999
16.593604593604596,0.0009999999
16.593703593703594,0.0019999999
16.593802593802597,0.0009999999
16.593901593901595,0.0
16.594000594000594,0.0
16.594099594099596,0.0009999999
16.594198594198595,0.0009999999
16.594297594297597,0.0019999999
16.594396594396596,0.0
16.594495594495594,0.0019999999
16.594594594594597,-0.0009999999
16.594693594693595,0.0009999999
16.594792594792597,0.0009999999
16.594891594891596,0.0009999999
16.594990594990595,0.0009999999
16.595089595089597,0.0009999999
16.595188595188596,-0.0009999999
16.595287595287598,0.0019999999
16.595386595386596,0.0009999999
16.595485595485595,0.0009999999
16.595584595584597,0.0019999999
16.595683595683596,0.0019999999
16.595782595782598,0.0009999999
16.595881595881597,0.0009999999
16.595980595980595,0.0019999999
16.596079596079598,0.0009999999
16.596178596178596,0.0009999999
16.5962775962776,0.0019999999
16.596376596376597,0.0009999999
16.596475596475596,0.0009999999
16.596574596574598,0.0009999999
16.596673596673597,0.0009999999
16.5967725967726,0.0
16.596871596871598,0.0019999999
16.596970596970596,0.0009999999
16.5970695970696,0.0009999999
16.597168597168597,0.0009999999
16.5972675972676,0.0019999999
16.597366597366598,0.0019999999
16.5974655974656,0.0009999999
16.5975645975646,0.0009999999
16.597663597663598,0.0009999999
16.5977625977626,0.0009999999
16.5978615978616,0.0009999999
16.5979605979606,0.0019999999
16.5980595980596,0.0009999999
16.598158598158598,0.0009999999
16.5982575982576,0.0009999999
16.5983565983566,0.0009999999
16.5984555984556,0.0009999999
16.5985545985546,0.0
16.5986535986536,0.0009999999
16.5987525987526,0.0
16.5988515988516,0.0
16.5989505989506,0.0009999999
16.5990495990496,0.0009999999
16.5991485991486,0.0009999999
16.5992475992476,0.0009999999
16.5993465993466,0.0009999999
16.599445599445602,0.0009999999
16.5995445995446,0.0
16.5996435996436,0.0009999999
16.5997425997426,0.0019999999
16.5998415998416,0.0
16.599940599940602,0.0
16.6000396000396,0.0019999999
16.6001386001386,0.0009999999
16.6002376002376,0.0009999999
16.6003366003366,0.0009999999
16.600435600435603,0.0019999999
16.6005346005346,0.0019999999
16.6006336006336,0.0009999999
16.600732600732602,0.0009999999
16.6008316008316,0.0009999999
16.600930600930603,0.0009999999
16.6010296010296,0.0009999999
16.601128601128604,0.0009999999
16.601227601227603,0.0019999999
16.6013266013266,0.0009999999
16.601425601425603,0.0009999999
16.601524601524602,0.0009999999
16.601623601623604,0.0009999999
16.601722601722603,0.0
16.6018216018216,0.0009999999
16.601920601920604,0.0009999999
16.602019602019602,0.0
16.602118602118605,0.0009999999
16.602217602217603,0.0009999999
16.602316602316602,0.0009999999
16.602415602415604,0.0
16.602514602514603,0.0009999999
16.602613602613605,0.0009999999
16.602712602712604,0.0
16.602811602811602,0.0009999999
16.602910602910605,0.0009999999
16.603009603009603,0.0009999999
16.603108603108605,0.0009999999
16.603207603207604,0.0009999999
16.603306603306603,0.0009999999
16.603405603405605,0.0009999999
16.603504603504604,0.0009999999
16.603603603603606,0.0009999999
16.603702603702605,0.0009999999
16.603801603801603,0.0009999999
16.603900603900605,0.0009999999
16.603999603999604,0.0009999999
16.604098604098606,0.0009999999
16.604197604197605,0.0009999999
16.604296604296604,0.0
16.604395604395606,0.0009999999
16.604494604494604,0.0009999999
16.604593604593607,0.0009999999
16.604692604692605,0.0009999999
16.604791604791608,0.0019999999
16.604890604890606,0.0009999999
16.604989604989605,0.0009999999
16.605088605088607,0.0
16.605187605187606,0.0009999999
16.605286605286608,0.0009999999
16.605385605385607,0.0009999999
16.605484605484605,0.0019999999
16.605583605583607,0.0009999999
16.605682605682606,0.0019999999
16.60578160578161,0.0009999999
16.605880605880607,0.0009999999
16.605979605979606,0.0
16.606078606078608,0.0
16.606177606177607,0.0
16.60627660627661,0.0009999999
16.606375606375607,0.0009999999
16.606474606474606,0.0009999999
16.60657360657361,0.0009999999
16.606672606672607,0.0009999999
16.60677160677161,0.0009999999
16.606870606870608,0.0019999999
16.606969606969606,0.0019999999
16.60706860706861,0.0009999999
16.607167607167607,0.0
16.60726660726661,-0.0009999999
16.607365607365608,0.0019999999
16.607464607464607,0.0
16.60756360756361,0.0
16.607662607662608,0.0009999999
16.60776160776161,0.0
16.60786060786061,0.0029999998
16.607959607959607,0.0
16.60805860805861,-0.0009999999
16.608157608157608,0.0009999999
16.60825660825661,0.0009999999
16.60835560835561,0.0
16.60845460845461,0.0009999999
16.60855360855361,0.0009999999
16.60865260865261,0.0
16.60875160875161,0.0
16.60885060885061,0.0
16.60894960894961,0.0019999999
16.60904860904861,0.0009999999
16.60914760914761,0.0009999999
16.60924660924661,0.0009999999
16.60934560934561,0.0
16.609444609444612,0.0
16.60954360954361,0.0019999999
16.60964260964261,0.0009999999
16.60974160974161,0.0009999999
16.60984060984061,0.0009999999
16.609939609939612,0.0
16.61003861003861,0.0019999999
16.61013761013761,0.0019999999
16.610236610236612,0.0009999999
16.61033561033561,0.0009999999
16.610434610434613,0.0009999999
16.61053361053361,0.0009999999
16.61063261063261,0.0
16.610731610731612,0.0019999999
16.61083061083061,0.0019999999
16.610929610929613,0.0
16.611028611028612,0.0
16.61112761112761,0.0009999999
16.611226611226613,0.0009999999
16.61132561132561,0.0
16.611424611424614,0.0009999999
16.611523611523612,0.0009999999
16.61162261162261,0.0009999999
16.611721611721613,0.0
16.61182061182061,0.0
16.611919611919614,0.0009999999
16.612018612018613,0.0009999999
16.612117612117615,0.0
16.612216612216613,0.0009999999
16.612315612315612,0.0009999999
16.612414612414614,0.0009999999
16.612513612513613,0.0009999999
16.612612612612615,0.0009999999
16.612711612711614,0.0009999999
16.612810612810613,0.0009999999
16.612909612909615,0.0009999999
16.613008613008613,0.0009999999
16.613107613107616,0.0009999999
16.613206613206614,0.0009999999
16.613305613305613,0.0009999999
16.613404613404615,0.0009999999
16.613503613503614,0.0
16.613602613602616,0.0
16.613701613701615,0.0
16.613800613800613,0.0
16.613899613899616,0.0009999999
16.613998613998614,0.0009999999
16.614097614097616,0.0009999999
16.614196614196615,0.0009999999
16.614295614295614,0.0009999999
16.614394614394616,0.0009999999
16.614493614493615,0.0009999999
16.614592614592617,0.0009999999
16.614691614691615,0.0009999999
16.614790614790614,0.0009999999
16.614889614889616,0.0
16.614988614988615,0.0009999999
16.615087615087617,0.0009999999
16.615186615186616,0.0019999999
16.615285615285615,0.0009999999
16.615384615384617,0.0
16.615483615483615,0.0009999999
16.615582615582618,0.0009999999
16.615681615681616,0.0009999999
16.61578061578062,0.0009999999
16.615879615879617,0.0
16.615978615978616,0.0009999999
16.616077616077618,0.0019999999
16.616176616176617,0.0
16.61627561627562,0.0
16.616374616374618,0.0009999999
16.616473616473616,0.0009999999
16.61657261657262,0.0009999999
16.616671616671617,0.0009999999
16.61677061677062,0.0009999999
16.616869616869618,0.0019999999
16.616968616968617,0.0
16.61706761706762,0.0019999999
16.617166617166617,0.0019999999
16.61726561726562,0.0
16.61736461736462,0.0009999999
16.617463617463617,0.0
16.61756261756262,-0.0009999999
16.617661617661618,-0.0009999999
16.61776061776062,0.0009999999
16.61785961785962,0.0
16.617958617958617,0.0
16.61805761805762,0.0
16.61815661815662,0.0
16.61825561825562,0.0009999999
16.61835461835462,-0.0009999999
16.618453618453618,0.0009999999
16.61855261855262,0.0
16.61865161865162,0.0
16.61875061875062,0.0
16.61884961884962,-0.0009999999
16.61894861894862,0.0009999999
16.61904761904762,0.0
16.61914661914662,0.0009999999
16.61924561924562,0.0009999999
16.61934461934462,0.0009999999
16.619443619443622,0.0
16.61954261954262,0.0019999999
16.61964161964162,0.0009999999
16.61974061974062,0.0
16.61983961983962,0.0
16.619938619938623,0.0009999999
16.62003762003762,0.0009999999
16.62013662013662,0.0009999999
16.620235620235622,0.0009999999
16.62033462033462,0.0019999999
16.620433620433623,0.0009999999
16.62053262053262,0.0009999999
16.62063162063162,0.0009999999
16.620730620730622,0.0009999999
16.62082962082962,0.0019999999
16.620928620928623,0.0009999999
16.621027621027622,0.0009999999
16.62112662112662,0.0
16.621225621225623,0.0009999999
16.62132462132462,0.0009999999
16.621423621423624,0.0
16.621522621522622,0.0019999999
16.62162162162162,0.0009999999
16.621720621720623,0.0009999999
16.621819621819622,0.0009999999
16.621918621918624,0.0
16.622017622017623,0.0009999999
16.62211662211662,0.0
16.622215622215624,0.0009999999
16.622314622314622,0.0019999999
16.622413622413625,0.0009999999
16.622512622512623,0.0009999999
16.622611622611625,0.0009999999
16.622710622710624,0.0019999999
16.622809622809623,0.0009999999
16.622908622908625,0.0
16.623007623007624,0.0
16.623106623106626,0.0009999999
16.623205623205624,0.0
16.623304623304623,0.0019999999
16.623403623403625,0.0029999998
16.623502623502624,0.0009999999
16.623601623601626,0.0009999999
16.623700623700625,0.0
16.623799623799624,0.0019999999
16.623898623898626,0.0019999999
16.623997623997624,0.0
16.624096624096627,0.0009999999
16.624195624195625,0.0009999999
16.624294624294624,0.0009999999
16.624393624393626,0.0009999999
16.624492624492625,0.0019999999
16.624591624591627,0.0009999999
16.624690624690626,0.0009999999
16.624789624789624,0.0
16.624888624888627,0.0009999999
16.624987624987625,0.0009999999
16.625086625086627,0.0009999999
16.625185625185626,0.0009999999
16.625284625284625,0.0009999999
16.625383625383627,0.0
16.625482625482626,0.0019999999
16.625581625581628,0.0019999999
16.625680625680626,0.0009999999
16.625779625779625,0.0009999999
16.625878625878627,0.0
16.625977625977626,0.0009999999
16.626076626076628,0.0009999999
16.626175626175627,0.0009999999
16.62627462627463,0.0009999999
16.626373626373628,0.0009999999
16.626472626472626,0.0019999999
16.62657162657163,0.0019999999
16.626670626670627,0.0
16.62676962676963,0.0
16.626868626868628,0.0009999999
16.626967626967627,0.0
16.62706662706663,0.0009999999
16.627165627165628,0.0
16.62726462726463,0.0019999999
16.62736362736363,0.0009999999
16.627462627462627,0.0
16.62756162756163,0.0
16.627660627660628,0.0
16.62775962775963,0.0019999999
16.62785862785863,0.0019999999
16.627957627957628,0.0009999999
16.62805662805663,0.0019999999
16.62815562815563,0.0009999999
16.62825462825463,0.0009999999
16.62835362835363,0.0009999999
16.628452628452628,0.0009999999
16.62855162855163,0.0009999999
16.62865062865063,0.0009999999
16.62874962874963,0.0019999999
16.62884862884863,0.0
16.62894762894763,0.0019999999
16.62904662904663,0.0
16.62914562914563,0.0009999999
16.62924462924463,0.0019999999
16.62934362934363,0.0019999999
16.62944262944263,0.0019999999
16.62954162954163,0.0019999999
16.62964062964063,-0.0009999999
16.629739629739632,0.0
16.62983862983863,0.0
16.629937629937633,0.0009999999
16.63003663003663,0.0019999999
16.63013563013563,0.0
16.630234630234632,-0.0009999999
16.63033363033363,0.0009999999
16.630432630432633,0.0009999999
16.63053163053163,0.0019999999
16.63063063063063,0.0009999999
16.630729630729633,0.0019999999
16.63082863082863,0.0009999999
16.630927630927633,0.0
16.631026631026632,0.0
16.63112563112563,0.0
16.631224631224633,0.0
16.63132363132363,-0.0009999999
16.631422631422634,0.0
16.631521631521633,0.0
16.63162063162063,-0.0009999999
16.631719631719633,0.0009999999
16.631818631818632,-0.0009999999
16.631917631917634,0.0
16.632016632016633,0.0009999999
16.63211563211563,0.0009999999
16.632214632214634,0.0019999999
16.632313632313632,0.0
16.632412632412635,0.0
16.632511632511633,0.0009999999
16.632610632610632,0.0009999999
16.632709632709634,0.0009999999
16.632808632808633,0.0009999999
16.632907632907635,0.0
16.633006633006634,0.0009999999
16.633105633105632,0.0
16.633204633204635,0.0
16.633303633303633,0.0
16.633402633402635,0.0
16.633501633501634,0.0009999999
16.633600633600636,0.0009999999
16.633699633699635,0.0009999999
16.633798633798634,0.0009999999
16.633897633897636,0.0009999999
16.633996633996635,0.0009999999
16.634095634095637,0.0009999999
16.634194634194635,0.0009999999
16.634293634293634,0.0
16.634392634392636,0.0019999999
16.634491634491635,0.0009999999
16.634590634590637,0.0019999999
16.634689634689636,0.0009999999
16.634788634788634,0.0009999999
16.634887634887637,0.0009999999
16.634986634986635,0.0009999999
16.635085635085638,0.0009999999
16.635184635184636,0.0
16.635283635283635,0.0019999999
16.635382635382637,0.0019999999
16.635481635481636,0.0009999999
16.635580635580638,0.0009999999
16.635679635679637,0.0009999999
16.635778635778635,0.0019999999
16.635877635877637,0.0009999999
16.635976635976636,0.0009999999
16.63607563607564,0.0009999999
16.636174636174637,0.0009999999
16.636273636273636,0.0019999999
16.636372636372638,0.0009999999
16.636471636471637,0.0009999999
16.63657063657064,0.0009999999
16.636669636669637,0.0019999999
16.636768636768636,0.0019999999
16.63686763686764,0.0009999999
16.636966636966637,0.0009999999
16.63706563706564,0.0009999999
16.637164637164638,0.0019999999
16.63726363726364,0.0009999999
16.63736263736264,0.0009999999
16.637461637461637,0.0019999999
16.63756063756064,0.0019999999
16.637659637659638,0.0009999999
16.63775863775864,0.0009999999
16.63785763785764,0.0019999999
16.637956637956638,0.0019999999
16.63805563805564,0.0009999999
16.63815463815464,0.0009999999
16.63825363825364,0.0009999999
16.63835263835264,0.0019999999
16.638451638451638,0.0019999999
16.63855063855064,0.0009999999
16.63864963864964,0.0009999999
16.63874863874864,0.0009999999
16.63884763884764,0.0009999999
16.63894663894664,0.0009999999
16.63904563904564,0.0
16.63914463914464,0.0019999999
16.63924363924364,0.0019999999
16.63934263934264,0.0019999999
16.63944163944164,0.0
16.63954063954064,0.0019999999
16.63963963963964,0.0
16.639738639738642,0.0009999999
16.63983763983764,0.0019999999
16.63993663993664,0.0019999999
16.64003564003564,0.0009999999
16.64013464013464,0.0019999999
16.640233640233642,0.0009999999
16.64033264033264,0.0009999999
16.64043164043164,0.0009999999
16.640530640530642,0.0009999999
16.64062964062964,0.0009999999
16.640728640728643,0.0009999999
16.64082764082764,0.0019999999
16.640926640926644,0.0009999999
16.641025641025642,0.0
16.64112464112464,0.0009999999
16.641223641223643,0.0009999999
16.641322641322642,0.0009999999
16.641421641421644,0.0009999999
16.641520641520643,0.0009999999
16.64161964161964,0.0009999999
16.641718641718644,0.0009999999
16.641817641817642,0.0
16.641916641916644,0.0009999999
16.642015642015643,0.0009999999
16.64211464211464,0.0009999999
16.642213642213644,0.0009999999
16.642312642312643,0.0019999999
16.642411642411645,0.0
16.642510642510643,0.0009999999
16.642609642609642,0.0009999999
16.642708642708644,0.0009999999
16.642807642807643,0.0
16.642906642906645,0.0
16.643005643005644,0.0009999999
16.643104643104643,0.0
16.643203643203645,0.0009999999
16.643302643302643,0.0019999999
16.643401643401646,0.0
16.643500643500644,0.0019999999
16.643599643599643,0.0009999999
16.643698643698645,0.0
16.643797643797644,0.0009999999
16.643896643896646,0.0009999999
16.643995643995645,0.0019999999
16.644094644094647,0.0009999999
16.644193644193646,0.0019999999
16.644292644292644,0.0
16.644391644391646,-0.0009999999
16.644490644490645,0.0019999999
16.644589644589647,0.0009999999
16.644688644688646,0.0
16.644787644787645,0.0
16.644886644886647,0.0
16.644985644985645,0.0
16.645084645084648,0.0019999999
16.645183645183646,0.0009999999
16.645282645282645,0.0019999999
16.645381645381647,0.0019999999
16.645480645480646,-0.0009999999
16.645579645579648,0.0
16.645678645678647,0.0009999999
16.645777645777645,0.0009999999
16.645876645876648,0.0009999999
16.645975645975646,0.0009999999
16.64607464607465,0.0009999999
16.646173646173647,0.0019999999
16.646272646272646,0.0009999999
16.646371646371648,0.0009999999
16.646470646470647,0.0009999999
16.64656964656965,0.0
16.646668646668648,0.0009999999
16.646767646767646,0.0009999999
16.64686664686665,0.0
16.646965646965647,0.0009999999
16.64706464706465,0.0
16.647163647163648,0.0009999999
16.647262647262647,0.0029999998
16.64736164736165,0.0
16.647460647460647,0.0009999999
16.64755964755965,-0.0009999999
16.64765864765865,0.0019999999
16.64775764775765,0.0
16.64785664785665,0.0009999999
16.647955647955648,0.0009999999
16.64805464805465,-0.0009999999
16.64815364815365,0.0
16.64825264825265,-0.0009999999
16.64835164835165,0.0
16.64845064845065,-0.0009999999
16.64854964854965,0.0
16.64864864864865,0.0019999999
16.64874764874765,0.0009999999
16.64884664884665,0.0
16.64894564894565,0.0
16.64904464904465,-0.0009999999
16.64914364914365,-0.0009999999
16.64924264924265,0.0
16.64934164934165,0.0
16.64944064944065,0.0009999999
16.64953964953965,0.0
16.64963864963865,0.0009999999
16.649737649737652,0.0
16.64983664983665,-0.0009999999
16.64993564993565,0.0009999999
16.65003465003465,0.0009999999
16.65013365013365,0.0
16.650232650232653,0.0019999999
16.65033165033165,0.0009999999
16.65043065043065,0.0009999999
16.650529650529652,0.0019999999
16.65062865062865,0.0
16.650727650727653,0.0019999999
16.65082665082665,0.0009999999
16.65092565092565,0.0009999999
16.651024651024652,0.0009999999
16.65112365112365,0.0019999999
16.651222651222653,0.0019999999
16.651321651321652,0.0009999999
16.651420651420654,0.0009999999
16.651519651519653,0.0009999999
16.65161865161865,0.0009999999
16.651717651717654,0.0019999999
16.651816651816652,0.0009999999
16.651915651915655,0.0019999999
16.652014652014653,0.0019999999
16.652113652113652,0.0009999999
16.652212652212654,0.0009999999
16.652311652311653,0.0009999999
16.652410652410655,0.0009999999
16.652509652509654,0.0009999999
16.652608652608652,0.0
16.652707652707655,0.0009999999
16.652806652806653,0.0009999999
16.652905652905655,0.0009999999
16.653004653004654,0.0
16.653103653103653,0.0009999999
16.653202653202655,0.0009999999
16.653301653301654,0.0009999999
16.653400653400656,0.0009999999
16.653499653499654,0.0009999999
16.653598653598653,0.0009999999
16.653697653697655,0.0009999999
16.653796653796654,0.0009999999
16.653895653895656,0.0009999999
16.653994653994655,0.0
16.654093654093653,0.0009999999
16.654192654192656,0.0009999999
16.654291654291654,0.0019999999
16.654390654390657,0.0019999999
16.654489654489655,0.0009999999
16.654588654588654,0.0009999999
16.654687654687656,0.0009999999
16.654786654786655,0.0009999999
16.654885654885657,0.0
16.654984654984656,0.0029999998
16.655083655083658,0.0009999999
16.655182655182657,0.0
16.655281655281655,0.0
16.655380655380657,0.0009999999
16.655479655479656,0.0009999999
16.65557865557866,0.0009999999
16.655677655677657,0.0019999999
16.655776655776656,0.0009999999
16.655875655875658,0.0009999999
16.655974655974656,0.0009999999
16.65607365607366,0.0009999999
16.656172656172657,0.0009999999
16.656271656271656,0.0
16.656370656370658,0.0
16.656469656469657,0.0009999999
16.65656865656866,0.0009999999
16.656667656667658,0.0009999999
16.656766656766656,0.0009999999
16.65686565686566,0.0009999999
16.656964656964657,0.0009999999
16.65706365706366,0.0009999999
16.657162657162658,0.0009999999
16.657261657261657,0.0009999999
16.65736065736066,0.0009999999
16.657459657459658,0.0009999999
16.65755865755866,0.0
16.65765765765766,0.0009999999
16.657756657756657,0.0009999999
16.65785565785566,0.0009999999
16.657954657954658,0.0
16.65805365805366,0.0009999999
16.65815265815266,0.0019999999
16.658251658251658,0.0009999999
16.65835065835066,0.0009999999
16.65844965844966,0.0019999999
16.65854865854866,0.0019999999
16.65864765864766,0.0
16.65874665874666,-0.0009999999
16.65884565884566,-0.0009999999
16.65894465894466,-0.0009999999
16.65904365904366,0.0
16.65914265914266,0.0
16.659241659241662,0.0009999999
16.65934065934066,0.0009999999
16.65943965943966,0.0
16.65953865953866,0.0
16.65963765963766,-0.0009999999
16.659736659736662,0.0
16.65983565983566,0.0
16.65993465993466,0.0
16.660033660033662,0.0
16.66013266013266,0.0019999999
16.660231660231663,0.0009999999
16.66033066033066,0.0
16.66042966042966,0.0009999999
16.660528660528662,0.0009999999
16.66062766062766,0.0009999999
16.660726660726663,0.0019999999
16.66082566082566,0.0
16.66092466092466,0.0009999999
16.661023661023663,0.0019999999
16.66112266112266,0.0009999999
16.661221661221663,0.0009999999
16.661320661320662,0.0009999999
16.66141966141966,0.0
16.661518661518663,0.0
16.66161766161766,0.0019999999
16.661716661716664,0.0
16.661815661815663,0.0
16.66191466191466,0.0009999999
16.662013662013663,0.0
16.662112662112662,0.0009999999
16.662211662211664,0.0009999999
16.662310662310663,0.0009999999
16.662409662409665,0.0009999999
16.662508662508664,0.0009999999
16.662607662607662,0.0
16.662706662706665,0.0
16.662805662805663,0.0009999999
16.662904662904666,0.0009999999
16.663003663003664,0.0009999999
16.663102663102663,0.0009999999
16.663201663201665,0.0009999999
16.663300663300664,0.0
16.663399663399666,0.0009999999
16.663498663498665,0.0009999999
16.663597663597663,0.0
16.663696663696665,0.0009999999
16.663795663795664,0.0009999999
16.663894663894666,0.0
16.663993663993665,0.0019999999
16.664092664092664,0.0009999999
16.664191664191666,0.0019999999
16.664290664290665,0.0019999999
16.664389664389667,0.0019999999
16.664488664488665,-0.0009999999
16.664587664587664,0.0
16.664686664686666,0.0009999999
16.664785664785665,0.0019999999
16.664884664884667,0.0
16.664983664983666,-0.0009999999
16.665082665082664,-0.0009999999
16.665181665181667,-0.0009999999
16.665280665280665,0.0
16.665379665379668,0.0009999999
16.665478665478666,0.0
16.665577665577665,0.0
16.665676665676667,0.0
16.665775665775666,0.0009999999
16.665874665874668,0.0009999999
16.665973665973667,0.0009999999
16.66607266607267,0.0009999999
16.666171666171667,0.0009999999
16.666270666270666,0.0
16.66636966636967,0.0
16.666468666468667,0.0
16.66656766656767,0.0
16.666666666666668,0.0
16.666765666765667,0.0009999999
16.66686466686467,0.0009999999
16.666963666963667,0.0009999999
16.66706266706267,0.0029999998
16.66716166716167,0.0019999999
16.667260667260667,0.0
16.66735966735967,0.0
16.667458667458668,0.0009999999
16.66755766755767,0.0019999999
16.66765666765667,0.0009999999
16.667755667755667,0.0009999999
16.66785466785467,0.0009999999
16.667953667953668,0.0
16.66805266805267,0.0
16.66815166815167,0.0009999999
16.668250668250668,0.0009999999
16.66834966834967,0.0
16.66844866844867,0.0019999999
16.66854766854767,0.0009999999
16.66864666864667,0.0019999999
16.668745668745668,0.0019999999
16.66884466884467,0.0009999999
16.66894366894367,0.0009999999
16.66904266904267,0.0009999999
16.66914166914167,0.0019999999
16.669240669240672,0.0009999999
16.66933966933967,0.0009999999
16.66943866943867,0.0009999999
16.66953766953767,0.0
16.66963666963667,0.0009999999
16.669735669735672,0.0009999999
16.66983466983467,0.0009999999
16.66993366993367,0.0009999999
16.670032670032672,0.0009999999
16.67013167013167,0.0009999999
16.670230670230673,0.0009999999
16.67032967032967,0.0009999999
16.67042867042867,0.0009999999
16.670527670527672,0.0
16.67062667062667,-0.0009999999
16.670725670725673,0.0009999999
16.670824670824672,0.0019999999
16.67092367092367,0.0019999999
16.671022671022673,0.0
16.67112167112167,0.0019999999
16.671220671220674,0.0009999999
16.671319671319672,0.0
16.67141867141867,-0.0009999999
16.671517671517673,-0.0009999999
16.671616671616672,0.0
16.671715671715674,0.0
16.671814671814673,0.0009999999
16.67191367191367,0.0019999999
16.672012672012674,0.0009999999
16.672111672111672,0.0
16.672210672210674,0.0009999999
16.672309672309673,0.0009999999
16.67240867240867,0.0019999999
16.672507672507674,0.0009999999
16.672606672606673,0.0009999999
16.672705672705675,0.0019999999
16.672804672804673,0.0019999999
16.672903672903676,0.0019999999
16.673002673002674,0.0009999999
16.673101673101673,0.0009999999
16.673200673200675,0.0
16.673299673299674,0.0009999999
16.673398673398676,0.0019999999
16.673497673497675,0.0009999999
16.673596673596673,0.0009999999
16.673695673695676,0.0009999999
16.673794673794674,0.0009999999
16.673893673893676,0.0009999999
16.673992673992675,0.0
16.674091674091674,0.0
16.674190674190676,0.0009999999
16.674289674289675,0.0009999999
16.674388674388677,0.0009999999
16.674487674487676,0.0009999999
16.674586674586674,0.0
16.674685674685676,0.0009999999
16.674784674784675,0.0009999999
16.674883674883677,0.0019999999
16.674982674982676,0.0
16.675081675081675,0.0
16.675180675180677,0.0019999999
16.675279675279675,0.0009999999
16.675378675378678,0.0009999999
16.675477675477676,0.0
16.675576675576675,0.0009999999
16.675675675675677,0.0009999999
16.675774675774676,0.0009999999
16.675873675873678,0.0
16.675972675972677,0.0009999999
16.676071676071675,0.0
16.676170676170678,0.0009999999
16.676269676269676,0.0009999999
16.67636867636868,0.0
16.676467676467677,0.0009999999
16.67656667656668,0.0
16.676665676665678,0.0009999999
16.676764676764677,0.0009999999
16.67686367686368,0.0019999999
16.676962676962678,0.0019999999
16.67706167706168,0.0009999999
16.67716067716068,0.0009999999
16.677259677259677,0.0
16.67735867735868,0.0019999999
16.677457677457678,0.0
16.67755667755668,0.0
16.67765567765568,0.0
16.677754677754677,0.0
16.67785367785368,0.0009999999
16.67795267795268,0.0019999999
16.67805167805168,0.0019999999
16.67815067815068,-0.0009999999
16.678249678249678,0.0
16.67834867834868,0.0019999999
16.67844767844768,-0.0009999999
16.67854667854668,0.0
16.67864567864568,-0.0009999999
16.67874467874468,-0.0009999999
16.67884367884368,0.0
16.67894267894268,0.0
16.67904167904168,0.0009999999
16.67914067914068,0.0
16.67923967923968,0.0009999999
16.67933867933868,0.0009999999
16.67943767943768,0.0
16.67953667953668,0.0019999999
16.67963567963568,0.0009999999
16.67973467973468,0.0009999999
16.67983367983368,0.0
16.67993267993268,0.0009999999
16.680031680031682,0.0009999999
16.68013068013068,0.0009999999
16.680229680229683,0.0009999999
16.68032868032868,0.0
16.68042768042768,0.0009999999
16.680526680526683,0.0009999999
16.68062568062568,0.0009999999
16.680724680724683,0.0009999999
16.680823680823682,0.0019999999
16.68092268092268,0.0009999999
16.681021681021683,0.0
16.68112068112068,0.0009999999
16.681219681219684,0.0019999999
16.681318681318682,0.0009999999
16.68141768141768,0.0009999999
16.681516681516683,0.0009999999
16.681615681615682,0.0009999999
16.681714681714684,0.0009999999
16.681813681813683,0.0009999999
16.68191268191268,0.0009999999
16.682011682011684,0.0009999999
16.682110682110682,0.0
16.682209682209685,0.0009999999
16.682308682308683,0.0009999999
16.682407682407682,0.0
16.682506682506684,0.0
16.682605682605683,0.0
16.682704682704685,0.0019999999
16.682803682803684,0.0009999999
16.682902682902682,0.0
16.683001683001685,0.0009999999
16.683100683100683,0.0009999999
16.683199683199685,0.0
16.683298683298684,0.0009999999
16.683397683397683,0.0
16.683496683496685,0.0009999999
16.683595683595684,0.0009999999
16.683694683694686,0.0
16.683793683793684,0.0
16.683892683892687,0.0009999999
16.683991683991685,0.0009999999
16.684090684090684,0.0019999999
16.684189684189686,0.0
16.684288684288685,0.0009999999
16.684387684387687,0.0
16.684486684486686,0.0009999999
16.684585684585684,0.0
16.684684684684687,0.0009999999
16.684783684783685,0.0019999999
16.684882684882687,0.0009999999
16.684981684981686,0.0009999999
16.685080685080685,0.0009999999
16.685179685179687,0.0009999999
16.685278685278686,0.0029999998
16.685377685377688,0.0009999999
16.685476685476686,0.0009999999
16.685575685575685,0.0009999999
16.685674685674687,0.0009999999
16.685773685773686,0.0009999999
16.68587268587269,0.0009999999
16.685971685971687,0.0009999999
16.686070686070686,0.0009999999
16.686169686169688,0.0009999999
16.686268686268686,0.0
16.68636768636769,0.0019999999
16.686466686466687,0.0019999999
16.686565686565686,0.0019999999
16.686664686664688,0.0019999999
16.686763686763687,0.0009999999
16.68686268686269,0.0
16.686961686961688,0.0
16.687060687060686,0.0009999999
16.68715968715969,0.0019999999
16.687258687258687,0.0
16.68735768735769,0.0009999999
16.687456687456688,0.0009999999
16.68755568755569,0.0009999999
16.68765468765469,0.0009999999
16.687753687753688,0.0
16.68785268785269,0.0009999999
16.68795168795169,0.0009999999
16.68805068805069,0.0019999999
16.68814968814969,0.0019999999
16.688248688248688,0.0019999999
16.68834768834769,0.0009999999
16.68844668844669,0.0
16.68854568854569,0.0029999998
16.68864468864469,0.0019999999
16.68874368874369,0.0029999998
16.68884268884269,0.0009999999
16.68894168894169,0.0
16.68904068904069,0.0
16.68913968913969,-0.0009999999
16.68923868923869,0.0
16.68933768933769,-0.0009999999
16.68943668943669,0.0019999999
16.689535689535692,0.0009999999
16.68963468963469,0.0009999999
16.68973368973369,0.0009999999
16.68983268983269,0.0
16.68993168993169,0.0
16.690030690030692,0.0009999999
16.69012969012969,0.0009999999
16.69022869022869,0.0019999999
16.690327690327692,0.0009999999
16.69042669042669,0.0019999999
16.690525690525693,0.0009999999
16.69062469062469,0.0
16.69072369072369,0.0
16.690822690822692,0.0009999999
16.69092169092169,0.0009999999
16.691020691020693,0.0
16.69111969111969,0.0019999999
16.691218691218694,0.0009999999
16.691317691317693,0.0009999999
16.69141669141669,0.0009999999
16.691515691515693,0.0009999999
16.691614691614692,0.0
16.691713691713694,0.0
16.691812691812693,0.0
16.69191169191169,0.0009999999
16.692010692010694,0.0009999999
16.692109692109693,0.0009999999
16.692208692208695,0.0009999999
16.692307692307693,0.0
16.692406692406692,0.0019999999
16.692505692505694,0.0009999999
16.692604692604693,0.0
16.692703692703695,0.0029999998
16.692802692802694,0.0019999999
16.692901692901692,0.0019999999
16.693000693000695,0.0009999999
16.693099693099693,-0.0009999999
16.693198693198696,-0.0009999999
16.693297693297694,-0.0009999999
16.693396693396693,0.0
16.693495693495695,0.0
16.693594693594694,-0.0009999999
16.693693693693696,0.0
16.693792693792695,0.0019999999
16.693891693891693,0.0
16.693990693990695,0.0
16.694089694089694,0.0
16.694188694188696,0.0009999999
16.694287694287695,0.0
16.694386694386694,0.0
16.694485694485696,0.0
16.694584694584695,0.0
16.694683694683697,0.0009999999
16.694782694782695,0.0009999999
16.694881694881698,0.0
16.694980694980696,0.0009999999
16.695079695079695,0.0009999999
16.695178695178697,0.0
16.695277695277696,-0.0009999999
16.695376695376698,-0.0009999999
16.695475695475697,0.0019999999
16.695574695574695,0.0009999999
16.695673695673698,0.0009999999
16.695772695772696,0.0029999998
16.6958716958717,0.0019999999
16.695970695970697,0.0019999999
16.696069696069696,0.0
16.696168696168698,0.0009999999
16.696267696267697,0.0009999999
16.6963666963667,0.0009999999
16.696465696465697,0.0019999999
16.696564696564696,0.0009999999
16.6966636966637,0.0019999999
16.696762696762697,0.0009999999
16.6968616968617,0.0009999999
16.696960696960698,0.0019999999
16.697059697059697,0.0
16.6971586971587,0.0009999999
16.697257697257697,0.0009999999
16.6973566973567,0.0009999999
16.6974556974557,0.0019999999
16.697554697554697,0.0009999999
16.6976536976537,0.0009999999
16.697752697752698,0.0019999999
16.6978516978517,0.0009999999
16.6979506979507,0.0009999999
16.6980496980497,0.0019999999
16.6981486981487,0.0
16.698247698247698,0.0019999999
16.6983466983467,0.0009999999
16.6984456984457,0.0009999999
16.6985446985447,0.0019999999
16.6986436986437,0.0019999999
16.6987426987427,0.0009999999
16.6988416988417,0.0019999999
16.6989406989407,0.0009999999
16.6990396990397,0.0
16.6991386991387,0.0009999999
16.6992376992377,0.0
16.6993366993367,0.0019999999
16.6994356994357,0.0009999999
16.699534699534702,0.0
16.6996336996337,0.0009999999
16.6997326997327,0.0009999999
16.6998316998317,0.0019999999
16.6999306999307,0.0009999999
16.700029700029702,0.0009999999
16.7001287001287,0.0009999999
16.7002277002277,0.0009999999
16.700326700326702,0.0009999999
16.7004257004257,0.0019999999
16.700524700524703,0.0009999999
16.7006237006237,0.0009999999
16.7007227007227,0.0009999999
16.700821700821702,0.0009999999
16.7009207009207,0.0019999999
16.701019701019703,0.0009999999
16.701118701118702,0.0
16.7012177012177,0.0009999999
16.701316701316703,0.0009999999
16.7014157014157,0.0
16.701514701514704,0.0
16.701613701613702,0.0009999999
16.701712701712705,0.0019999999
16.701811701811703,0.0009999999
16.701910701910702,0.0
16.702009702009704,0.0019999999
16.702108702108703,0.0019999999
16.702207702207705,0.0019999999
16.702306702306704,0.0009999999
16.702405702405702,-0.0009999999
16.702504702504704,-0.0009999999
16.702603702603703,-0.0009999999
16.702702702702705,0.0019999999
16.702801702801704,0.0019999999
16.702900702900703,-0.0009999999
16.702999702999705,-0.0009999999
16.703098703098703,0.0009999999
16.703197703197706,0.0
16.703296703296704,0.0019999999
16.703395703395703,-0.0009999999
16.703494703494705,0.0
16.703593703593704,0.0
16.703692703692706,0.0009999999
16.703791703791705,-0.0009999999
16.703890703890703,0.0009999999
16.703989703989706,0.0
16.704088704088704,0.0
16.704187704187706,-0.0009999999
16.704286704286705,0.0
16.704385704385704,0.0
16.704484704484706,0.0
16.704583704583705,0.0
16.704682704682707,0.0009999999
16.704781704781706,0.0019999999
16.704880704880704,0.0009999999
16.704979704979706,-0.0009999999
16.705078705078705,0.0
16.705177705177707,0.0
16.705276705276706,-0.0009999999
16.705375705375708,0.0009999999
16.705474705474707,0.0
16.705573705573705,0.0019999999
16.705672705672708,0.0019999999
16.705771705771706,0.0009999999
16.70587070587071,0.0009999999
16.705969705969707,0.0019999999
16.706068706068706,0.0009999999
16.706167706167708,0.0009999999
16.706266706266707,0.0009999999
16.70636570636571,0.0009999999
16.706464706464708,0.0009999999
16.706563706563706,0.0009999999
16.70666270666271,0.0009999999
16.706761706761707,0.0009999999
16.70686070686071,0.0
16.706959706959708,0.0019999999
16.707058707058707,0.0
16.70715770715771,0.0
16.707256707256708,0.0019999999
16.70735570735571,0.0019999999
16.70745470745471,0.0019999999
16.707553707553707,0.0
16.70765270765271,0.0009999999
16.707751707751708,0.0009999999
16.70785070785071,0.0019999999
16.70794970794971,0.0
16.708048708048707,0.0009999999
16.70814770814771,0.0009999999
16.70824670824671,0.0019999999
16.70834570834571,0.0029999998
16.70844470844471,0.0009999999
16.708543708543708,0.0019999999
16.70864270864271,0.0019999999
16.70874170874171,0.0
16.70884070884071,-0.0009999999
16.70893970893971,0.0009999999
16.709038709038712,0.0009999999
16.70913770913771,0.0
16.70923670923671,0.0009999999
16.70933570933571,0.0009999999
16.70943470943471,0.0009999999
16.709533709533712,0.0
16.70963270963271,0.0
16.70973170973171,0.0009999999
16.70983070983071,0.0019999999
16.70992970992971,0.0
16.710028710028713,0.0019999999
16.71012771012771,0.0019999999
16.71022671022671,0.0009999999
16.710325710325712,0.0009999999
16.71042471042471,0.0
16.710523710523713,0.0019999999
16.71062271062271,0.0019999999
16.71072171072171,0.0009999999
16.710820710820713,0.0
16.71091971091971,0.0009999999
16.711018711018713,0.0009999999
16.711117711117712,0.0009999999
16.71121671121671,0.0009999999
16.711315711315713,0.0009999999
16.71141471141471,0.0009999999
16.711513711513714,0.0
16.711612711612712,0.0009999999
16.71171171171171,0.0
16.711810711810713,0.0
16.711909711909712,0.0009999999
16.712008712008714,0.0009999999
16.712107712107713,0.0009999999
16.71220671220671,0.0009999999
16.712305712305714,0.0009999999
16.712404712404712,0.0009999999
16.712503712503715,0.0009999999
16.712602712602713,0.0
16.712701712701715,0.0
16.712800712800714,0.0009999999
16.712899712899713,0.0019999999
16.712998712998715,-0.0009999999
16.713097713097714,0.0
16.713196713196716,0.0
16.713295713295715,0.0009999999
16.713394713394713,0.0009999999
16.713493713493715,-0.0009999999
16.713592713592714,-0.0009999999
16.713691713691716,0.0009999999
16.713790713790715,-0.0009999999
16.713889713889714,0.0
16.713988713988716,0.0
16.714087714087714,0.0009999999
16.714186714186717,-0.0009999999
16.714285714285715,-0.0009999999
16.714384714384714,0.0
16.714483714483716,0.0009999999
16.714582714582715,0.0019999999
16.714681714681717,0.0
16.714780714780716,0.0009999999
16.714879714879714,-0.0009999999
16.714978714978717,0.0
16.715077715077715,0.0
16.715176715176717,-0.0009999999
16.715275715275716,0.0009999999
16.715374715374715,0.0009999999
16.715473715473717,0.0009999999
16.715572715572716,0.0009999999
16.715671715671718,0.0009999999
16.715770715770716,0.0019999999
16.715869715869715,0.0009999999
16.715968715968717,0.0009999999
16.716067716067716,0.0009999999
16.71616671616672,0.0
16.716265716265717,0.0009999999
16.71636471636472,0.0009999999
16.716463716463718,0.0
16.716562716562716,0.0009999999
16.71666171666172,0.0009999999
16.716760716760717,0.0009999999
16.71685971685972,0.0019999999
16.716958716958718,0.0019999999
16.717057717057717,0.0009999999
16.71715671715672,0.0009999999
16.717255717255718,0.0
16.71735471735472,0.0009999999
16.71745371745372,0.0
16.717552717552717,0.0009999999
16.71765171765172,0.0029999998
16.717750717750718,0.0
16.71784971784972,0.0009999999
16.71794871794872,0.0019999999
16.718047718047718,0.0019999999
16.71814671814672,0.0019999999
16.71824571824572,0.0
16.71834471834472,0.0
16.71844371844372,-0.0009999999
16.718542718542718,0.0009999999
16.71864171864172,0.0
16.71874071874072,0.0009999999
16.71883971883972,0.0009999999
16.71893871893872,0.0
16.71903771903772,0.0
16.71913671913672,-0.0009999999
16.71923571923572,0.0
16.71933471933472,0.0019999999
16.71943371943372,0.0009999999
16.71953271953272,0.0019999999
16.71963171963172,0.0009999999
16.71973071973072,0.0009999999
16.719829719829722,0.0
16.71992871992872,0.0009999999
16.720027720027723,0.0
16.72012672012672,0.0
16.72022572022572,0.0019999999
16.720324720324722,0.0009999999
16.72042372042372,0.0
16.720522720522723,0.0
16.720621720621722,0.0009999999
16.72072072072072,0.0009999999
16.720819720819723,0.0009999999
16.72091872091872,0.0
16.721017721017724,0.0009999999
16.721116721116722,0.0009999999
16.72121572121572,0.0009999999
16.721314721314723,0.0009999999
16.72141372141372,0.0009999999
16.721512721512724,0.0009999999
16.721611721611723,0.0009999999
16.72171072171072,0.0009999999
16.721809721809723,0.0
16.721908721908722,0.0
16.722007722007724,0.0
16.722106722106723,0.0009999999
16.72220572220572,0.0
16.722304722304724,0.0009999999
16.722403722403723,0.0009999999
16.722502722502725,0.0009999999
16.722601722601723,0.0009999999
16.722700722700722,0.0
16.722799722799724,0.0009999999
16.722898722898723,0.0
16.722997722997725,0.0
16.723096723096724,0.0009999999
16.723195723195726,0.0009999999
16.723294723294725,0.0009999999
16.723393723393723,0.0
16.723492723492726,0.0
16.723591723591724,0.0
16.723690723690726,0.0009999999
16.723789723789725,0.0
16.723888723888724,0.0009999999
16.723987723987726,0.0019999999
16.724086724086725,0.0
16.724185724185727,0.0
16.724284724284725,0.0009999999
16.724383724383724,0.0009999999
16.724482724482726,0.0009999999
16.724581724581725,0.0009999999
16.724680724680727,0.0009999999
16.724779724779726,0.0009999999
16.724878724878725,0.0019999999
16.724977724977727,0.0019999999
16.725076725076725,0.0009999999
16.725175725175728,0.0009999999
16.725274725274726,0.0009999999
16.725373725373725,-0.0009999999
16.725472725472727,0.0009999999
16.725571725571726,0.0009999999
16.725670725670728,0.0009999999
16.725769725769727,0.0009999999
16.725868725868725,0.0009999999
16.725967725967728,0.0009999999
16.726066726066726,0.0009999999
16.72616572616573,0.0
16.726264726264727,0.0019999999
16.726363726363726,0.0
16.726462726462728,0.0019999999
16.726561726561727,0.0009999999
16.72666072666073,0.0009999999
16.726759726759727,0.0009999999
16.72685872685873,0.0009999999
16.72695772695773,0.0009999999
16.727056727056727,0.0009999999
16.72715572715573,0.0009999999
16.727254727254728,0.0
16.72735372735373,0.0
16.72745272745273,0.0009999999
16.727551727551727,0.0
16.72765072765073,0.0009999999
16.72774972774973,0.0009999999
16.72784872784873,0.0
16.72794772794773,0.0009999999
16.728046728046728,0.0019999999
16.72814572814573,0.0009999999
16.72824472824473,0.0019999999
16.72834372834373,0.0
16.72844272844273,0.0
16.728541728541728,0.0009999999
16.72864072864073,0.0009999999
16.72873972873973,0.0019999999
16.72883872883873,0.0019999999
16.72893772893773,0.0009999999
16.72903672903673,0.0009999999
16.72913572913573,0.0019999999
16.72923472923473,0.0019999999
16.72933372933373,0.0019999999
16.72943272943273,0.0019999999
16.72953172953173,0.0009999999
16.72963072963073,0.0019999999
16.72972972972973,0.0
16.729828729828732,-0.0009999999
16.72992772992773,0.0
16.73002673002673,0.0
16.73012573012573,0.0009999999
16.73022473022473,0.0009999999
16.730323730323732,0.0
16.73042273042273,-0.0009999999
16.730521730521733,-0.0009999999
16.730620730620732,-0.0009999999
16.73071973071973,-0.0009999999
16.730818730818733,0.0
16.73091773091773,0.0009999999
16.731016731016734,0.0
16.731115731115732,0.0
16.73121473121473,-0.0009999999
16.731313731313733,0.0
16.731412731412732,0.0
16.731511731511734,0.0
16.731610731610733,0.0
16.73170973170973,0.0
16.731808731808734,0.0009999999
16.731907731907732,0.0009999999
16.732006732006734,0.0009999999
16.732105732105733,0.0
16.732204732204732,0.0009999999
16.732303732303734,0.0
16.732402732402733,0.0009999999
16.732501732501735,0.0019999999
16.732600732600734,0.0009999999
16.732699732699732,0.0009999999
16.732798732798734,0.0009999999
16.732897732897733,0.0009999999
16.732996732996735,0.0019999999
16.733095733095734,0.0009999999
16.733194733194733,0.0009999999
16.733293733293735,0.0
16.733392733392733,0.0009999999
16.733491733491736,0.0
16.733590733590734,0.0019999999
16.733689733689733,0.0009999999
16.733788733788735,0.0009999999
16.733887733887734,0.0019999999
16.733986733986736,0.0009999999
16.734085734085735,0.0009999999
16.734184734184737,0.0009999999
16.734283734283736,0.0009999999
16.734382734382734,0.0009999999
16.734481734481736,0.0
16.734580734580735,-0.0009999999
16.734679734679737,0.0009999999
16.734778734778736,0.0
16.734877734877735,0.0009999999
16.734976734976737,0.0009999999
16.735075735075736,0.0009999999
16.735174735174738,0.0009999999
16.735273735273736,0.0009999999
16.735372735372735,0.0
16.735471735471737,0.0009999999
16.735570735570736,0.0
16.735669735669738,0.0
16.735768735768737,0.0009999999
16.735867735867735,0.0009999999
16.735966735966738,0.0
16.736065736065736,0.0009999999
16.73616473616474,0.0
16.736263736263737,0.0009999999
16.736362736362736,0.0019999999
16.736461736461738,0.0009999999
16.736560736560737,0.0
16.73665973665974,0.0019999999
16.736758736758738,0.0009999999
16.736857736857736,0.0019999999
16.73695673695674,0.0019999999
16.737055737055737,0.0019999999
16.73715473715474,0.0009999999
16.737253737253738,0.0009999999
16.737352737352737,0.0
16.73745173745174,0.0
16.737550737550738,0.0
16.73764973764974,0.0
16.73774873774874,0.0
16.73784773784774,0.0019999999
16.73794673794674,0.0019999999
16.738045738045738,0.0
16.73814473814474,0.0
16.73824373824374,0.0
16.73834273834274,0.0
16.73844173844174,0.0009999999
16.73854073854074,0.0
16.73863973863974,0.0
16.73873873873874,0.0009999999
16.73883773883774,0.0
16.73893673893674,0.0009999999
16.73903573903574,0.0009999999
16.73913473913474,0.0019999999
16.73923373923374,0.0009999999
16.739332739332742,0.0
16.73943173943174,0.0
16.73953073953074,0.0
16.73962973962974,0.0
16.73972873972874,0.0009999999
16.739827739827742,0.0009999999
16.73992673992674,0.0009999999
16.74002574002574,0.0009999999
16.74012474012474,0.0009999999
16.74022374022374,0.0009999999
16.740322740322743,0.0
16.74042174042174,-0.0009999999
16.74052074052074,0.0
16.740619740619742,0.0
16.74071874071874,0.0
16.740817740817743,-0.0009999999
16.74091674091674,0.0
16.74101574101574,0.0
16.741114741114743,-0.0009999999
16.74121374121374,0.0
16.741312741312743,0.0009999999
16.741411741411742,0.0
16.741510741510744,0.0
16.741609741609743,-0.0009999999
16.74170874170874,0.0
16.741807741807744,0.0009999999
16.741906741906742,0.0
16.742005742005745,-0.0009999999
16.742104742104743,0.0
16.742203742203742,0.0019999999
16.742302742302744,-0.0009999999
16.742401742401743,0.0
16.742500742500745,0.0009999999
16.742599742599744,0.0009999999
16.742698742698742,-0.0009999999
16.742797742797745,0.0
16.742896742896743,0.0009999999
16.742995742995745,0.0009999999
16.743094743094744,0.0
16.743193743193743,0.0009999999
16.743292743292745,0.0019999999
16.743391743391744,0.0
16.743490743490746,0.0009999999
16.743589743589745,0.0009999999
16.743688743688743,0.0
16.743787743787745,0.0009999999
16.743886743886744,0.0009999999
16.743985743985746,0.0009999999
16.744084744084745,0.0019999999
16.744183744183744,0.0
16.744282744282746,0.0
16.744381744381744,0.0009999999
16.744480744480747,0.0009999999
16.744579744579745,0.0
16.744678744678744,0.0009999999
16.744777744777746,0.0009999999
16.744876744876745,0.0009999999
16.744975744975747,0.0009999999
16.745074745074746,0.0
16.745173745173748,0.0009999999
16.745272745272747,0.0009999999
16.745371745371745,0.0009999999
16.745470745470747,0.0009999999
16.745569745569746,0.0009999999
16.74566874566875,0.0009999999
16.745767745767747,0.0009999999
16.745866745866746,0.0019999999
16.745965745965748,0.0
16.746064746064746,0.0009999999
16.74616374616375,0.0009999999
16.746262746262747,0.0009999999
16.746361746361746,0.0009999999
16.74646074646075,0.0019999999
16.746559746559747,0.0009999999
16.74665874665875,0.0009999999
16.746757746757748,0.0009999999
16.746856746856746,0.0009999999
16.74695574695575,0.0009999999
16.747054747054747,0.0009999999
16.74715374715375,0.0019999999
16.747252747252748,0.0019999999
16.747351747351747,0.0009999999
16.74745074745075,0.0009999999
16.747549747549748,0.0009999999
16.74764874764875,0.0
16.74774774774775,0.0009999999
16.747846747846747,0.0019999999
16.74794574794575,0.0009999999
16.748044748044748,0.0
16.74814374814375,0.0009999999
16.74824274824275,0.0019999999
16.74834174834175,0.0029999998
16.74844074844075,0.0029999998
16.74853974853975,0.0019999999
16.74863874863875,0.0029999998
16.74873774873775,0.0009999999
16.74883674883675,0.0009999999
16.74893574893575,0.0009999999
16.74903474903475,0.0009999999
16.74913374913375,0.0
16.74923274923275,0.0009999999
16.749331749331752,0.0009999999
16.74943074943075,0.0
16.74952974952975,0.0009999999
16.74962874962875,0.0
16.74972774972775,0.0009999999
16.749826749826752,0.0
16.74992574992575,0.0
16.75002475002475,0.0019999999
16.750123750123752,0.0009999999
16.75022275022275,0.0009999999
16.750321750321753,0.0009999999
16.75042075042075,0.0009999999
16.75051975051975,0.0019999999
16.750618750618752,0.0
16.75071775071775,0.0009999999
16.750816750816753,-0.0009999999
16.750915750915752,0.0009999999
16.75101475101475,0.0009999999
16.751113751113753,0.0009999999
16.75121275121275,0.0009999999
16.751311751311754,0.0009999999
16.751410751410752,0.0009999999
16.75150975150975,0.0009999999
16.751608751608753,0.0
16.75170775170775,0.0009999999
16.751806751806754,0.0
16.751905751905753,0.0009999999
16.752004752004755,0.0019999999
16.752103752103753,0.0009999999
16.752202752202752,0.0009999999
16.752301752301754,0.0009999999
16.752400752400753,0.0009999999
16.752499752499755,0.0
16.752598752598754,0.0009999999
16.752697752697753,0.0009999999
16.752796752796755,0.0009999999
16.752895752895753,0.0
16.752994752994756,0.0019999999
16.753093753093754,-0.0009999999
16.753192753192753,0.0009999999
16.753291753291755,0.0009999999
16.753390753390754,0.0
16.753489753489756,0.0009999999
16.753588753588755,0.0019999999
16.753687753687753,0.0009999999
16.753786753786756,0.0009999999
16.753885753885754,0.0
16.753984753984756,0.0009999999
16.754083754083755,0.0009999999
16.754182754182754,0.0009999999
16.754281754281756,0.0009999999
16.754380754380755,0.0019999999
16.754479754479757,0.0009999999
16.754578754578755,0.0019999999
16.754677754677754,0.0009999999
16.754776754776756,0.0009999999
16.754875754875755,0.0009999999
16.754974754974757,0.0009999999
16.755073755073756,0.0009999999
16.755172755172755,0.0009999999
16.755271755271757,0.0009999999
16.755370755370755,0.0029999998
16.755469755469758,-0.0009999999
16.755568755568756,0.0009999999
16.75566775566776,0.0
16.755766755766757,0.0009999999
16.755865755865756,0.0019999999
16.755964755964758,0.0
16.756063756063757,0.0019999999
16.75616275616276,0.0009999999
16.756261756261758,0.0009999999
16.756360756360756,0.0009999999
16.75645975645976,0.0
16.756558756558757,0.0009999999
16.75665775665776,0.0029999998
16.756756756756758,0.0009999999
16.756855756855757,0.0019999999
16.75695475695476,0.0009999999
16.757053757053757,-0.0009999999
16.75715275715276,0.0
16.75725175725176,0.0
16.757350757350757,0.0
16.75744975744976,0.0009999999
16.757548757548758,0.0009999999
16.75764775764776,0.0009999999
16.75774675774676,0.0019999999
16.757845757845757,0.0
16.75794475794476,0.0
16.75804375804376,0.0009999999
16.75814275814276,0.0009999999
16.75824175824176,0.0009999999
16.758340758340758,0.0
16.75843975843976,0.0
16.75853875853876,0.0
16.75863775863776,0.0
16.75873675873676,0.0009999999
16.758835758835758,-0.0009999999
16.75893475893476,-0.0009999999
16.75903375903376,-0.0009999999
16.75913275913276,0.0
16.75923175923176,-0.0009999999
16.759330759330762,0.0
16.75942975942976,0.0
16.75952875952876,0.0009999999
16.75962775962776,-0.0009999999
16.75972675972676,0.0
16.759825759825763,0.0009999999
16.75992475992476,0.0
16.76002376002376,-0.0009999999
16.760122760122762,0.0
16.76022176022176,0.0
16.760320760320763,0.0
16.76041976041976,0.0
16.76051876051876,-0.0009999999
16.760617760617762,-0.0009999999
16.76071676071676,-0.0009999999
16.760815760815763,-0.0009999999
16.760914760914762,0.0
16.76101376101376,0.0
16.761112761112763,0.0
16.76121176121176,-0.0009999999
16.761310761310764,-0.0009999999
16.761409761409762,0.0
16.76150876150876,0.0
16.761607761607763,0.0009999999
16.761706761706762,0.0
16.761805761805764,0.0
16.761904761904763,0.0009999999
16.76200376200376,0.0
16.762102762102764,0.0
16.762201762201762,0.0019999999
16.762300762300764,0.0
16.762399762399763,0.0
16.762498762498762,0.0009999999
16.762597762597764,0.0009999999
16.762696762696763,0.0009999999
16.762795762795765,0.0009999999
16.762894762894764,0.0009999999
16.762993762993766,0.0009999999
16.763092763092764,0.0
16.763191763191763,0.0009999999
16.763290763290765,0.0009999999
16.763389763389764,0.0009999999
16.763488763488766,0.0009999999
16.763587763587765,0.0
16.763686763686763,0.0
16.763785763785766,0.0009999999
16.763884763884764,0.0009999999
16.763983763983767,0.0019999999
16.764082764082765,0.0009999999
16.764181764181764,0.0009999999
16.764280764280766,0.0019999999
16.764379764379765,0.0019999999
16.764478764478767,0.0009999999
16.764577764577766,0.0009999999
16.764676764676764,0.0009999999
16.764775764775766,0.0009999999
16.764874764874765,0.0009999999
16.764973764973767,0.0009999999
16.765072765072766,0.0009999999
16.765171765171765,0.0
16.765270765270767,0.0009999999
16.765369765369766,0.0009999999
16.765468765468768,0.0019999999
16.765567765567766,0.0019999999
16.765666765666765,0.0009999999
16.765765765765767,0.0019999999
16.765864765864766,-0.0009999999
16.765963765963768,0.0
16.766062766062767,0.0009999999
16.766161766161765,-0.0009999999
16.766260766260768,0.0019999999
16.766359766359766,0.0019999999
16.76645876645877,0.0019999999
16.766557766557767,-0.0009999999
16.76665676665677,-0.0009999999
16.766755766755768,0.0009999999
16.766854766854767,0.0
16.76695376695377,0.0009999999
16.767052767052768,0.0
16.76715176715177,0.0
16.76725076725077,0.0
16.767349767349767,0.0019999999
16.76744876744877,0.0
16.767547767547768,0.0
16.76764676764677,0.0009999999
16.76774576774577,0.0009999999
16.767844767844768,0.0009999999
16.76794376794377,0.0009999999
16.76804276804277,0.0019999999
16.76814176814177,0.0009999999
16.76824076824077,0.0019999999
16.768339768339768,0.0009999999
16.76843876843877,0.0009999999
16.76853776853777,0.0009999999
16.76863676863677,0.0009999999
16.76873576873577,0.0009999999
16.76883476883477,0.0009999999
16.76893376893377,0.0009999999
16.76903276903277,0.0009999999
16.76913176913177,0.0009999999
16.76923076923077,0.0009999999
16.76932976932977,0.0
16.76942876942877,0.0
16.76952776952777,0.0009999999
16.769626769626772,0.0009999999
16.76972576972577,0.0009999999
16.76982476982477,0.0
16.76992376992377,0.0009999999
16.77002277002277,0.0009999999
16.770121770121772,0.0
16.77022077022077,0.0009999999
16.770319770319773,0.0019999999
16.77041877041877,0.0019999999
16.77051777051777,0.0
16.770616770616773,0.0
16.77071577071577,0.0
16.770814770814773,-0.0009999999
16.770913770913772,-0.0009999999
16.77101277101277,0.0
16.771111771111773,-0.0009999999
16.77121077121077,0.0009999999
16.771309771309774,0.0019999999
16.771408771408773,0.0009999999
16.77150777150777,0.0009999999
16.771606771606773,0.0
16.771705771705772,0.0
16.771804771804774,0.0019999999
16.771903771903773,0.0
16.77200277200277,0.0
16.772101772101774,0.0009999999
16.772200772200772,0.0
16.772299772299775,0.0019999999
16.772398772398773,0.0009999999
16.772497772497772,0.0019999999
16.772596772596774,0.0
16.772695772695773,0.0
16.772794772794775,0.0
16.772893772893774,0.0009999999
16.772992772992772,0.0009999999
16.773091773091775,0.0009999999
16.773190773190773,0.0
16.773289773289775,0.0019999999
16.773388773388774,0.0009999999
16.773487773487773,0.0
16.773586773586775,0.0
16.773685773685774,0.0
16.773784773784776,0.0009999999
16.773883773883774,0.0019999999
16.773982773982777,0.0009999999
16.774081774081775,0.0
16.774180774180774,0.0
16.774279774279776,0.0009999999
16.774378774378775,0.0019999999
16.774477774477777,0.0
16.774576774576776,0.0
16.774675774675774,0.0019999999
16.774774774774777,0.0019999999
16.774873774873775,0.0
16.774972774972778,0.0009999999
16.775071775071776,0.0009999999
16.775170775170775,0.0019999999
16.775269775269777,0.0
16.775368775368776,0.0019999999
16.775467775467778,0.0019999999
16.775566775566777,0.0019999999
16.775665775665775,0.0009999999
16.775764775764777,0.0009999999
16.775863775863776,0.0
16.77596277596278,0.0009999999
16.776061776061777,0.0009999999
16.776160776160776,0.0009999999
16.776259776259778,0.0009999999
16.776358776358776,0.0
16.77645777645778,0.0009999999
16.776556776556777,0.0009999999
16.776655776655776,0.0009999999
16.776754776754778,0.0
16.776853776853777,0.0009999999
16.77695277695278,0.0009999999
16.777051777051778,0.0009999999
16.77715077715078,0.0009999999
16.77724977724978,0.0019999999
16.777348777348777,0.0019999999
16.77744777744778,0.0019999999
16.777546777546778,0.0019999999
16.77764577764578,0.0029999998
16.77774477774478,0.0009999999
16.777843777843778,0.0019999999
16.77794277794278,0.0019999999
16.77804177804178,0.0009999999
16.77814077814078,0.0
16.77823977823978,0.0
16.778338778338778,0.0
16.77843777843778,0.0019999999
16.77853677853678,0.0009999999
16.77863577863578,0.0019999999
16.77873477873478,0.0009999999
16.77883377883378,0.0009999999
16.77893277893278,0.0
16.77903177903178,0.0
16.77913077913078,0.0019999999
16.77922977922978,0.0009999999
16.77932877932878,0.0009999999
16.77942777942778,0.0009999999
16.77952677952678,0.0
16.779625779625782,0.0009999999
16.77972477972478,0.0
16.77982377982378,0.0009999999
16.77992277992278,0.0
16.78002178002178,0.0
16.780120780120782,0.0009999999
16.78021978021978,0.0009999999
16.78031878031878,0.0009999999
16.780417780417782,0.0009999999
16.78051678051678,0.0009999999
16.780615780615783,0.0009999999
16.78071478071478,0.0009999999
16.780813780813784,0.0
16.780912780912782,0.0
16.78101178101178,0.0029999998
16.781110781110783,0.0
16.781209781209782,0.0
16.781308781308784,0.0019999999
16.781407781407783,0.0
16.78150678150678,-0.0009999999
16.781605781605784,0.0
16.781704781704782,0.0019999999
16.781803781803784,0.0019999999
16.781902781902783,0.0009999999
16.78200178200178,0.0
16.782100782100784,0.0009999999
16.782199782199783,0.0009999999
16.782298782298785,0.0
16.782397782397783,0.0009999999
16.782496782496782,0.0
16.782595782595784,0.0009999999
16.782694782694783,0.0009999999
16.782793782793785,0.0
16.782892782892784,0.0009999999
16.782991782991783,0.0
16.783090783090785,0.0
16.783189783189783,0.0009999999
16.783288783288786,0.0009999999
16.783387783387784,0.0009999999
16.783486783486783,0.0009999999
16.783585783585785,0.0019999999
16.783684783684784,0.0009999999
16.783783783783786,0.0
16.783882783882785,0.0009999999
16.783981783981783,0.0019999999
16.784080784080786,0.0
16.784179784179784,0.0
16.784278784278786,0.0009999999
16.784377784377785,0.0
16.784476784476787,-0.0009999999
16.784575784575786,0.0
16.784674784674785,0.0
16.784773784773787,0.0009999999
16.784872784872785,0.0
16.784971784971788,0.0009999999
16.785070785070786,0.0
16.785169785169785,-0.0009999999
16.785268785268787,-0.0009999999
16.785367785367786,0.0
16.785466785466788,0.0009999999
16.785565785565787,0.0009999999
16.785664785664785,0.0
16.785763785763788,0.0
16.785862785862786,0.0009999999
16.78596178596179,0.0009999999
16.786060786060787,0.0009999999
16.786159786159786,0.0009999999
16.786258786258788,0.0
16.786357786357787,0.0009999999
16.78645678645679,0.0009999999
16.786555786555788,0.0009999999
16.786654786654786,0.0009999999
16.78675378675379,0.0009999999
16.786852786852787,0.0
16.78695178695179,0.0
16.787050787050788,0.0009999999
16.787149787149787,0.0
16.78724878724879,0.0009999999
16.787347787347787,0.0
16.78744678744679,0.0009999999
16.78754578754579,0.0
16.787644787644787,0.0019999999
16.78774378774379,0.0009999999
16.787842787842788,0.0
16.78794178794179,0.0009999999
16.78804078804079,0.0009999999
16.78813978813979,0.0009999999
16.78823878823879,0.0019999999
16.78833778833779,0.0009999999
16.78843678843679,0.0009999999
16.78853578853579,0.0009999999
16.78863478863479,-0.0009999999
16.78873378873379,0.0009999999
16.78883278883279,0.0009999999
16.78893178893179,0.0
16.78903078903079,0.0009999999
16.78912978912979,0.0
16.78922878922879,0.0019999999
16.78932778932779,0.0
16.78942678942679,0.0
16.78952578952579,0.0019999999
16.789624789624792,0.0009999999
16.78972378972379,0.0009999999
16.78982278982279,0.0019999999
16.78992178992179,0.0009999999
16.79002079002079,0.0
16.790119790119792,0.0009999999
16.79021879021879,0.0019999999
16.79031779031779,0.0
16.790416790416792,0.0009999999
16.79051579051579,0.0019999999
16.790614790614793,0.0019999999
16.79071379071379,0.0019999999
16.79081279081279,0.0009999999
16.790911790911792,0.0009999999
16.79101079101079,0.0009999999
16.791109791109793,0.0009999999
16.791208791208792,0.0019999999
16.79130779130779,0.0019999999
16.791406791406793,0.0019999999
16.79150579150579,0.0
16.791604791604794,0.0
16.791703791703792,0.0009999999
16.791802791802795,0.0009999999
16.791901791901793,0.0009999999
16.792000792000792,0.0009999999
16.792099792099794,0.0019999999
16.792198792198793,0.0
16.792297792297795,0.0009999999
16.792396792396794,0.0
16.792495792495792,0.0
16.792594792594794,0.0009999999
16.792693792693793,0.0
16.792792792792795,0.0
16.792891792891794,0.0019999999
16.792990792990793,0.0009999999
16.793089793089795,0.0009999999
16.793188793188794,0.0009999999
16.793287793287796,0.0009999999
16.793386793386794,0.0
16.793485793485793,0.0
16.793584793584795,0.0
16.793683793683794,0.0009999999
16.793782793782796,0.0009999999
16.793881793881795,0.0
16.793980793980793,0.0
16.794079794079796,0.0019999999
16.794178794178794,0.0019999999
16.794277794277797,0.0
16.794376794376795,0.0019999999
16.794475794475794,-0.0009999999
16.794574794574796,0.0009999999
16.794673794673795,0.0019999999
16.794772794772797,0.0009999999
16.794871794871796,0.0019999999
16.794970794970794,0.0
16.795069795069796,0.0
16.795168795168795,0.0
16.795267795267797,0.0
16.795366795366796,0.0009999999
16.795465795465798,0.0009999999
16.795564795564797,0.0009999999
16.795663795663796,0.0019999999
16.795762795762798,0.0009999999
16.795861795861796,0.0009999999
16.7959607959608,-0.0009999999
16.796059796059797,0.0009999999
16.796158796158796,0.0009999999
16.796257796257798,0.0009999999
16.796356796356797,0.0019999999
16.7964557964558,-0.0009999999
16.796554796554798,0.0
16.796653796653796,-0.0009999999
16.7967527967528,0.0
16.796851796851797,0.0
16.7969507969508,0.0019999999
16.797049797049798,0.0009999999
16.797148797148797,0.0009999999
16.7972477972478,0.0009999999
16.797346797346798,0.0009999999
16.7974457974458,0.0019999999
16.7975447975448,0.0009999999
16.797643797643797,0.0
16.7977427977428,0.0
16.797841797841798,0.0
16.7979407979408,0.0019999999
16.7980397980398,0.0
16.798138798138798,0.0009999999
16.7982377982378,0.0
16.7983367983368,0.0019999999
16.7984357984358,0.0009999999
16.7985347985348,0.0
16.798633798633798,0.0029999998
16.7987327987328,0.0009999999
16.7988317988318,0.0009999999
16.7989307989308,0.0009999999
16.7990297990298,0.0009999999
16.799128799128802,0.0019999999
16.7992277992278,0.0009999999
16.7993267993268,0.0
16.7994257994258,0.0
16.7995247995248,0.0
16.799623799623802,0.0
16.7997227997228,0.0
16.7998217998218,0.0019999999
16.799920799920802,0.0
16.8000198000198,0.0
16.800118800118803,0.0009999999
16.8002178002178,0.0019999999
16.8003168003168,0.0019999999
16.800415800415802,0.0009999999
16.8005148005148,0.0
16.800613800613803,0.0019999999
16.8007128007128,0.0
16.8008118008118,0.0
16.800910800910803,0.0009999999
16.8010098010098,0.0009999999
16.801108801108803,0.0009999999
16.801207801207802,0.0019999999
16.8013068013068,0.0009999999
16.801405801405803,0.0009999999
16.8015048015048,0.0019999999
16.801603801603804,0.0
16.801702801702803,0.0019999999
16.8018018018018,0.0019999999
16.801900801900803,0.0
16.801999801999802,0.0019999999
16.802098802098804,0.0
16.802197802197803,0.0009999999
16.802296802296805,0.0009999999
16.802395802395804,0.0009999999
16.802494802494802,0.0009999999
16.802593802593805,0.0009999999
16.802692802692803,0.0
16.802791802791806,0.0009999999
16.802890802890804,0.0
16.802989802989803,0.0019999999
16.803088803088805,0.0009999999
16.803187803187804,0.0009999999
16.803286803286806,0.0009999999
16.803385803385805,0.0019999999
16.803484803484803,0.0019999999
16.803583803583805,0.0
16.803682803682804,0.0009999999
16.803781803781806,0.0009999999
16.803880803880805,-0.0009999999
16.803979803979804,0.0009999999
16.804078804078806,0.0009999999
16.804177804177804,0.0019999999
16.804276804276807,0.0019999999
16.804375804375805,0.0009999999
16.804474804474804,-0.0009999999
16.804573804573806,0.0009999999
16.804672804672805,0.0009999999
16.804771804771807,0.0009999999
16.804870804870806,0.0019999999
16.804969804969804,0.0
16.805068805068807,0.0009999999
16.805167805167805,0.0019999999
16.805266805266807,0.0
16.805365805365806,0.0009999999
16.805464805464805,0.0
16.805563805563807,0.0
16.805662805662806,0.0009999999
16.805761805761808,0.0009999999
16.805860805860807,0.0
16.80595980595981,0.0009999999
16.806058806058807,0.0009999999
16.806157806157806,0.0009999999
16.80625680625681,0.0
16.806355806355807,0.0
16.80645480645481,0.0
16.806553806553808,-0.0009999999
16.806652806652806,0.0
16.80675180675181,0.0019999999
16.806850806850807,0.0019999999
16.80694980694981,0.0029999998
16.807048807048808,0.0019999999
16.807147807147807,0.0019999999
16.80724680724681,0.0
16.807345807345808,0.0
16.80744480744481,-0.0009999999
16.80754380754381,-0.0009999999
16.807642807642807,-0.0009999999
16.80774180774181,0.0
16.807840807840808,0.0009999999
16.80793980793981,0.0
16.80803880803881,0.0
16.808137808137808,0.0
16.80823680823681,0.0
16.80833580833581,0.0029999998
16.80843480843481,0.0009999999
16.80853380853381,-0.0009999999
16.808632808632808,0.0
16.80873180873181,0.0009999999
16.80883080883081,0.0
16.80892980892981,0.0009999999
16.80902880902881,-0.0009999999
16.80912780912781,0.0009999999
16.80922680922681,-0.0009999999
16.80932580932581,-0.0009999999
16.80942480942481,-0.0009999999
16.80952380952381,0.0
16.809622809622812,0.0
16.80972180972181,-0.0009999999
16.80982080982081,0.0
16.809919809919812,0.0019999999
16.81001881001881,0.0019999999
16.810117810117813,0.0009999999
16.81021681021681,0.0009999999
16.81031581031581,-0.0009999999
16.810414810414812,-0.0009999999
16.81051381051381,0.0009999999
16.810612810612813,0.0
16.810711810711812,0.0009999999
16.81081081081081,0.0009999999
16.810909810909813,0.0019999999
16.81100881100881,0.0019999999
16.811107811107814,0.0009999999
16.811206811206812,0.0009999999
16.81130581130581,0.0009999999
16.811404811404813,0.0009999999
16.811503811503812,0.0
16.811602811602814,0.0
16.811701811701813,-0.0009999999
16.81180081180081,-0.0009999999
16.811899811899814,0.0
16.811998811998812,-0.0009999999
16.812097812097814,0.0009999999
16.812196812196813,0.0009999999
16.81229581229581,-0.0009999999
16.812394812394814,-0.0009999999
16.812493812493813,0.0
16.812592812592815,0.0009999999
16.812691812691813,0.0009999999
16.812790812790812,0.0
16.812889812889814,0.0019999999
16.812988812988813,0.0
16.813087813087815,0.0019999999
16.813186813186814,0.0009999999
16.813285813285816,0.0009999999
16.813384813384815,0.0009999999
16.813483813483813,0.0019999999
16.813582813582816,0.0019999999
16.813681813681814,0.0019999999
16.813780813780816,0.0
16.813879813879815,0.0009999999
16.813978813978814,0.0009999999
16.814077814077816,0.0019999999
16.814176814176815,0.0
16.814275814275817,0.0
16.814374814374816,0.0
16.814473814473814,0.0019999999
16.814572814572816,0.0
16.814671814671815,0.0009999999
16.814770814770817,0.0009999999
16.814869814869816,0.0009999999
16.814968814968815,0.0009999999
16.815067815067817,0.0009999999
16.815166815166815,0.0
16.815265815265818,0.0009999999
16.815364815364816,0.0009999999
16.815463815463815,0.0
16.815562815562817,0.0019999999
16.815661815661816,0.0009999999
16.815760815760818,0.0
16.815859815859817,0.0029999998
16.815958815958815,0.0009999999
16.816057816057818,0.0009999999
16.816156816156816,0.0009999999
16.81625581625582,0.0
16.816354816354817,-0.0009999999
16.816453816453816,-0.0019999999
16.816552816552818,0.0009999999
16.816651816651817,0.0029999998
16.81675081675082,0.0009999999
16.816849816849818,0.0
16.81694881694882,0.0019999999
16.81704781704782,0.0019999999
16.817146817146817,0.0009999999
16.81724581724582,0.0019999999
16.817344817344818,-0.0009999999
16.81744381744382,-0.0009999999
16.81754281754282,0.0
16.817641817641817,0.0
16.81774081774082,0.0009999999
16.81783981783982,0.0
16.81793881793882,-0.0009999999
16.81803781803782,-0.0009999999
16.818136818136818,0.0
16.81823581823582,0.0
