Time (s),Data
237.4875918014688,0.049999997
237.48763980223683,0.055
237.48768780300483,0.049999997
237.48773580377284,0.055
237.48778380454087,0.06
237.48783180530887,0.055
237.48787980607688,0.055
237.4879278068449,0.055
237.4879758076129,0.06
237.48802380838092,0.055
237.48807180914892,0.055
237.48811980991695,0.055
237.48816781068496,0.055
237.48821581145296,0.055
237.488263812221,0.06
237.488311812989,0.055
237.488359813757,0.055
237.488407814525,0.049999997
237.48845581529304,0.055
237.48850381606104,0.049999997
237.48855181682904,0.055
237.48859981759708,0.055
237.48864781836508,0.055
237.48869581913308,0.055
237.48874381990112,0.055
237.48879182066912,0.055
237.48883982143713,0.055
237.48888782220513,0.055
237.48893582297316,0.055
237.48898382374117,0.055
237.48903182450917,0.055
237.4890798252772,0.049999997
237.4891278260452,0.055
237.4891758268132,0.049999997
237.4892238275812,0.055
237.48927182834925,0.049999997
237.48931982911725,0.055
237.48936782988525,0.055
237.4894158306533,0.049999997
237.4894638314213,0.049999997
237.4895118321893,0.055
237.48955983295733,0.055
237.48960783372533,0.06
237.48965583449333,0.055
237.48970383526134,0.049999997
237.48975183602937,0.06
237.48979983679737,0.055
237.48984783756538,0.049999997
237.4898958383334,0.055
237.48994383910141,0.055
237.48999183986942,0.055
237.49003984063742,0.055
237.49008784140545,0.06
237.49013584217346,0.049999997
237.49018384294146,0.049999997
237.4902318437095,0.055
237.4902798444775,0.049999997
237.4903278452455,0.049999997
237.49037584601354,0.06
237.49042384678154,0.049999997
237.49047184754954,0.055
237.49051984831755,0.049999997
237.49056784908558,0.06
237.49061584985358,0.055
237.4906638506216,0.055
237.49071185138962,0.049999997
237.49075985215762,0.055
237.49080785292563,0.055
237.49085585369363,0.055
237.49090385446166,0.044999998
237.49095185522967,0.055
237.49099985599767,0.055
237.4910478567657,0.049999997
237.4910958575337,0.049999997
237.4911438583017,0.055
237.49119185906974,0.049999997
237.49123985983775,0.06
237.49128786060575,0.055
237.49133586137376,0.049999997
237.4913838621418,0.049999997
237.4914318629098,0.055
237.4914798636778,0.055
237.49152786444583,0.055
237.49157586521383,0.049999997
237.49162386598184,0.055
237.49167186674984,0.055
237.49171986751787,0.049999997
237.49176786828588,0.06
237.49181586905388,0.049999997
237.4918638698219,0.049999997
237.49191187058992,0.044999998
237.49195987135792,0.055
237.49200787212595,0.049999997
237.49205587289396,0.06
237.49210387366196,0.049999997
237.49215187442996,0.044999998
237.492199875198,0.049999997
237.492247875966,0.049999997
237.492295876734,0.049999997
237.49234387750204,0.049999997
237.49239187827004,0.055
237.49243987903805,0.055
237.49248787980605,0.06
237.49253588057408,0.055
237.49258388134209,0.055
237.4926318821101,0.055
237.49267988287812,0.049999997
237.49272788364613,0.055
237.49277588441413,0.049999997
237.49282388518216,0.06
237.49287188595017,0.055
237.49291988671817,0.065
237.49296788748617,0.06
237.4930158882542,0.06
237.4930638890222,0.055
237.4931118897902,0.049999997
237.49315989055825,0.055
237.49320789132625,0.055
237.49325589209425,0.055
237.49330389286226,0.049999997
237.4933518936303,0.055
237.4933998943983,0.049999997
237.4934478951663,0.055
237.49349589593433,0.055
237.49354389670233,0.049999997
237.49359189747034,0.055
237.49363989823837,0.055
237.49368789900637,0.055
237.49373589977438,0.055
237.49378390054238,0.055
237.49383190131041,0.055
237.49387990207842,0.055
237.49392790284642,0.049999997
237.49397590361446,0.06
237.49402390438246,0.049999997
237.49407190515046,0.06
237.49411990591847,0.055
237.4941679066865,0.055
237.4942159074545,0.049999997
237.4942639082225,0.06
237.49431190899054,0.055
237.49435990975854,0.049999997
237.49440791052655,0.06
237.49445591129458,0.049999997
237.49450391206258,0.055
237.4945519128306,0.055
237.4945999135986,0.055
237.49464791436662,0.049999997
237.49469591513463,0.055
237.49474391590263,0.06
237.49479191667066,0.044999998
237.49483991743867,0.055
237.49488791820667,0.055
237.49493591897468,0.055
237.4949839197427,0.055
237.4950319205107,0.055
237.49507992127872,0.055
237.49512792204675,0.049999997
237.49517592281475,0.055
237.49522392358276,0.049999997
237.4952719243508,0.055
237.4953199251188,0.049999997
237.4953679258868,0.055
237.4954159266548,0.055
237.49546392742283,0.06
237.49551192819084,0.055
237.49555992895884,0.06
237.49560792972687,0.055
237.49565593049488,0.049999997
237.49570393126288,0.049999997
237.49575193203088,0.055
237.49579993279892,0.055
237.49584793356692,0.055
237.49589593433492,0.055
237.49594393510296,0.055
237.49599193587096,0.055
237.49603993663897,0.055
237.496087937407,0.055
237.496135938175,0.044999998
237.496183938943,0.055
237.496231939711,0.06
237.49627994047904,0.055
237.49632794124705,0.055
237.49637594201505,0.055
237.49642394278308,0.06
237.4964719435511,0.055
237.4965199443191,0.055
237.4965679450871,0.049999997
237.49661594585513,0.055
237.49666394662313,0.055
237.49671194739113,0.055
237.49675994815917,0.055
237.49680794892717,0.055
237.49685594969517,0.049999997
237.4969039504632,0.049999997
237.4969519512312,0.055
237.49699995199921,0.049999997
237.49704795276722,0.049999997
237.49709595353525,0.055
237.49714395430325,0.06
237.49719195507126,0.049999997
237.4972399558393,0.06
237.4972879566073,0.055
237.4973359573753,0.055
237.4973839581433,0.049999997
237.49743195891133,0.049999997
237.49747995967934,0.055
237.49752796044734,0.055
237.49757596121538,0.055
237.49762396198338,0.06
237.49767196275138,0.055
237.49771996351942,0.049999997
237.49776796428742,0.049999997
237.49781596505542,0.055
237.49786396582343,0.055
237.49791196659146,0.055
237.49795996735946,0.055
237.49800796812747,0.055
237.4980559688955,0.055
237.4981039696635,0.055
237.4981519704315,0.055
237.4981999711995,0.049999997
237.49824797196754,0.049999997
237.49829597273555,0.055
237.49834397350355,0.055
237.49839197427158,0.055
237.4984399750396,0.049999997
237.4984879758076,0.06
237.49853597657562,0.055
237.49858397734363,0.055
237.49863197811163,0.049999997
237.49867997887964,0.055
237.49872797964767,0.049999997
237.49877598041567,0.055
237.49882398118368,0.055
237.4988719819517,0.06
237.4989199827197,0.055
237.49896798348772,0.06
237.49901598425572,0.049999997
237.49906398502375,0.055
237.49911198579176,0.049999997
237.49915998655976,0.06
237.4992079873278,0.049999997
237.4992559880958,0.06
237.4993039888638,0.049999997
237.49935198963183,0.06
237.49939999039984,0.055
237.49944799116784,0.055
237.49949599193585,0.049999997
237.49954399270388,0.055
237.49959199347188,0.055
237.49963999423989,0.055
237.49968799500792,0.055
237.49973599577592,0.049999997
237.49978399654393,0.055
237.49983199731193,0.055
237.49987999807996,0.06
237.49992799884797,0.06
237.49997599961597,0.055
237.500024000384,0.049999997
237.500072001152,0.055
237.50012000192,0.06
237.50016800268804,0.055
237.50021600345605,0.049999997
237.50026400422405,0.049999997
237.50031200499205,0.049999997
237.5003600057601,0.049999997
237.5004080065281,0.049999997
237.5004560072961,0.055
237.50050400806413,0.049999997
237.50055200883213,0.06
237.50060000960013,0.055
237.50064801036814,0.055
237.50069601113617,0.049999997
237.50074401190417,0.055
237.50079201267218,0.055
237.5008400134402,0.049999997
237.50088801420821,0.055
237.50093601497622,0.055
237.50098401574425,0.055
237.50103201651226,0.055
237.50108001728026,0.055
237.50112801804826,0.049999997
237.5011760188163,0.055
237.5012240195843,0.049999997
237.5012720203523,0.055
237.50132002112034,0.055
237.50136802188834,0.06
237.50141602265634,0.049999997
237.50146402342435,0.055
237.50151202419238,0.06
237.50156002496038,0.055
237.5016080257284,0.06
237.50165602649642,0.055
237.50170402726442,0.055
237.50175202803243,0.055
237.50180002880046,0.055
237.50184802956846,0.049999997
237.50189603033647,0.06
237.50194403110447,0.055
237.5019920318725,0.055
237.5020400326405,0.055
237.5020880334085,0.055
237.50213603417654,0.055
237.50218403494455,0.055
237.50223203571255,0.055
237.50228003648056,0.049999997
237.5023280372486,0.055
237.5023760380166,0.055
237.5024240387846,0.055
237.50247203955263,0.049999997
237.50252004032063,0.055
237.50256804108864,0.049999997
237.50261604185667,0.055
237.50266404262467,0.055
237.50271204339268,0.055
237.50276004416068,0.049999997
237.5028080449287,0.055
237.50285604569672,0.049999997
237.50290404646472,0.055
237.50295204723275,0.049999997
237.50300004800076,0.055
237.50304804876876,0.055
237.50309604953677,0.055
237.5031440503048,0.049999997
237.5031920510728,0.06
237.5032400518408,0.049999997
237.50328805260884,0.049999997
237.50333605337684,0.06
237.50338405414485,0.049999997
237.50343205491288,0.055
237.50348005568088,0.049999997
237.50352805644889,0.049999997
237.5035760572169,0.055
237.50362405798492,0.055
237.50367205875293,0.055
237.50372005952093,0.055
237.50376806028896,0.06
237.50381606105697,0.049999997
237.50386406182497,0.06
237.50391206259297,0.06
237.503960063361,0.049999997
237.504008064129,0.049999997
237.50405606489701,0.055
237.50410406566505,0.055
237.50415206643305,0.055
237.50420006720105,0.055
237.5042480679691,0.055
237.5042960687371,0.055
237.5043440695051,0.06
237.5043920702731,0.049999997
237.50444007104113,0.055
237.50448807180913,0.06
237.50453607257714,0.055
237.50458407334517,0.049999997
237.50463207411318,0.06
237.50468007488118,0.055
237.50472807564918,0.06
237.50477607641722,0.06
237.50482407718522,0.055
237.50487207795322,0.049999997
237.50492007872126,0.055
237.50496807948926,0.055
237.50501608025726,0.044999998
237.5050640810253,0.055
237.5051120817933,0.06
237.5051600825613,0.055
237.5052080833293,0.055
237.50525608409734,0.049999997
237.50530408486534,0.055
237.50535208563335,0.055
237.50540008640138,0.055
237.50544808716938,0.049999997
237.5054960879374,0.055
237.5055440887054,0.06
237.50559208947342,0.055
237.50564009024143,0.055
237.50568809100943,0.049999997
237.50573609177746,0.06
237.50578409254547,0.044999998
237.50583209331347,0.06
237.5058800940815,0.06
237.5059280948495,0.055
237.5059760956175,0.055
237.50602409638552,0.055
237.50607209715355,0.055
237.50612009792155,0.055
237.50616809868956,0.049999997
237.5062160994576,0.055
237.5062641002256,0.055
237.5063121009936,0.055
237.5063601017616,0.049999997
237.50640810252963,0.049999997
237.50645610329764,0.049999997
237.50650410406564,0.055
237.50655210483367,0.049999997
237.50660010560168,0.06
237.50664810636968,0.055
237.5066961071377,0.055
237.50674410790572,0.055
237.50679210867372,0.055
237.50684010944173,0.049999997
237.50688811020976,0.055
237.50693611097776,0.055
237.50698411174577,0.055
237.5070321125138,0.049999997
237.5070801132818,0.055
237.5071281140498,0.055
237.5071761148178,0.055
237.50722411558584,0.055
237.50727211635385,0.049999997
237.50732011712185,0.055
237.50736811788988,0.055
237.5074161186579,0.055
237.5074641194259,0.049999997
237.50751212019392,0.055
237.50756012096193,0.055
237.50760812172993,0.055
237.50765612249793,0.049999997
237.50770412326597,0.06
237.50775212403397,0.049999997
237.50780012480197,0.055
237.50784812557,0.049999997
237.507896126338,0.044999998
237.50794412710601,0.055
237.50799212787402,0.055
237.50804012864205,0.049999997
237.50808812941005,0.049999997
237.50813613017806,0.055
237.5081841309461,0.049999997
237.5082321317141,0.049999997
237.5082801324821,0.049999997
237.50832813325013,0.055
237.50837613401814,0.049999997
237.50842413478614,0.055
237.50847213555414,0.049999997
237.50852013632218,0.055
237.50856813709018,0.06
237.50861613785818,0.06
237.50866413862622,0.049999997
237.50871213939422,0.055
237.50876014016222,0.049999997
237.50880814093023,0.055
237.50885614169826,0.055
237.50890414246626,0.055
237.50895214323427,0.049999997
237.5090001440023,0.06
237.5090481447703,0.049999997
237.5090961455383,0.055
237.50914414630634,0.049999997
237.50919214707434,0.055
237.50924014784235,0.049999997
237.50928814861035,0.055
237.50933614937838,0.055
237.5093841501464,0.06
237.5094321509144,0.049999997
237.50948015168242,0.055
237.50952815245043,0.049999997
237.50957615321843,0.055
237.50962415398644,0.06
237.50967215475447,0.055
237.50972015552247,0.055
237.50976815629048,0.06
237.5098161570585,0.049999997
237.5098641578265,0.06
237.50991215859452,0.055
237.50996015936255,0.06
237.51000816013055,0.06
237.51005616089856,0.06
237.51010416166656,0.055
237.5101521624346,0.06
237.5102001632026,0.055
237.5102481639706,0.055
237.51029616473863,0.055
237.51034416550664,0.049999997
237.51039216627464,0.055
237.51044016704265,0.049999997
237.51048816781068,0.055
237.51053616857868,0.049999997
237.51058416934669,0.055
237.51063217011472,0.049999997
237.51068017088272,0.049999997
237.51072817165073,0.055
237.51077617241876,0.06
237.51082417318676,0.055
237.51087217395477,0.055
237.51092017472277,0.055
237.5109681754908,0.055
237.5110161762588,0.06
237.5110641770268,0.055
237.51111217779484,0.06
237.51116017856285,0.049999997
237.51120817933085,0.055
237.51125618009885,0.049999997
237.5113041808669,0.049999997
237.5113521816349,0.055
237.5114001824029,0.055
237.51144818317093,0.06
237.51149618393893,0.049999997
237.51154418470693,0.055
237.51159218547494,0.049999997
237.51164018624297,0.055
237.51168818701098,0.049999997
237.51173618777898,0.06
237.511784188547,0.055
237.51183218931502,0.06
237.51188019008302,0.055
237.51192819085105,0.055
237.51197619161906,0.055
237.51202419238706,0.055
237.51207219315506,0.055
237.5121201939231,0.055
237.5121681946911,0.055
237.5122161954591,0.06
237.51226419622714,0.049999997
237.51231219699514,0.055
237.51236019776314,0.06
237.51240819853115,0.055
237.51245619929918,0.049999997
237.51250420006718,0.055
237.5125522008352,0.055
237.51260020160322,0.055
237.51264820237122,0.055
237.51269620313923,0.049999997
237.51274420390726,0.055
237.51279220467526,0.055
237.51284020544327,0.049999997
237.51288820621127,0.049999997
237.5129362069793,0.055
237.5129842077473,0.055
237.5130322085153,0.055
237.51308020928334,0.055
237.51312821005135,0.055
237.51317621081935,0.055
237.51322421158736,0.06
237.5132722123554,0.055
237.5133202131234,0.055
237.5133682138914,0.055
237.51341621465943,0.055
237.51346421542743,0.044999998
237.51351221619544,0.055
237.51356021696347,0.049999997
237.51360821773147,0.055
237.51365621849948,0.055
237.51370421926748,0.055
237.5137522200355,0.049999997
237.51380022080352,0.055
237.51384822157152,0.049999997
237.51389622233955,0.049999997
237.51394422310756,0.044999998
237.51399222387556,0.055
237.51404022464357,0.049999997
237.5140882254116,0.055
237.5141362261796,0.049999997
237.5141842269476,0.055
237.51423222771564,0.049999997
237.51428022848364,0.055
237.51432822925165,0.049999997
237.51437623001968,0.055
237.51442423078768,0.055
237.5144722315557,0.06
237.5145202323237,0.049999997
237.51456823309172,0.055
237.51461623385973,0.055
237.51466423462773,0.065
237.51471223539576,0.055
237.51476023616377,0.049999997
237.51480823693177,0.049999997
237.51485623769977,0.055
237.5149042384678,0.055
237.5149522392358,0.049999997
237.51500024000381,0.055
237.51504824077185,0.055
237.51509624153985,0.049999997
237.51514424230785,0.055
237.5151922430759,0.055
237.5152402438439,0.06
237.5152882446119,0.049999997
237.5153362453799,0.055
237.51538424614793,0.055
237.51543224691594,0.06
237.51548024768394,0.055
237.51552824845197,0.06
237.51557624921998,0.055
237.51562424998798,0.06
237.51567225075598,0.055
237.51572025152402,0.055
237.51576825229202,0.055
237.51581625306002,0.055
237.51586425382806,0.055
237.51591225459606,0.055
237.51596025536406,0.055
237.5160082561321,0.055
237.5160562569001,0.055
237.5161042576681,0.055
237.5161522584361,0.049999997
237.51620025920414,0.055
237.51624825997214,0.055
237.51629626074015,0.055
237.51634426150818,0.049999997
237.51639226227618,0.055
237.5164402630442,0.055
237.5164882638122,0.055
237.51653626458022,0.055
237.51658426534823,0.055
237.51663226611623,0.055
237.51668026688426,0.06
237.51672826765227,0.055
237.51677626842027,0.049999997
237.5168242691883,0.06
237.5168722699563,0.055
237.5169202707243,0.055
237.51696827149232,0.055
237.51701627226035,0.049999997
237.51706427302835,0.055
237.51711227379636,0.055
237.5171602745644,0.049999997
237.5172082753324,0.055
237.5172562761004,0.055
237.5173042768684,0.055
237.51735227763643,0.049999997
237.51740027840444,0.055
237.51744827917244,0.055
237.51749627994047,0.055
237.51754428070848,0.049999997
237.51759228147648,0.06
237.5176402822445,0.049999997
237.51768828301252,0.049999997
237.51773628378052,0.055
237.51778428454853,0.055
237.51783228531656,0.049999997
237.51788028608456,0.06
237.51792828685257,0.055
237.5179762876206,0.055
237.5180242883886,0.06
237.5180722891566,0.055
237.5181202899246,0.049999997
237.51816829069264,0.055
237.51821629146065,0.06
237.51826429222865,0.055
237.51831229299668,0.055
237.5183602937647,0.049999997
237.5184082945327,0.055
237.51845629530072,0.055
237.51850429606873,0.055
237.51855229683673,0.055
237.51860029760473,0.049999997
237.51864829837277,0.055
237.51869629914077,0.044999998
237.51874429990878,0.055
237.5187923006768,0.049999997
237.5188403014448,0.055
237.51888830221282,0.055
237.51893630298082,0.06
237.51898430374885,0.055
237.51903230451686,0.055
237.51908030528486,0.049999997
237.5191283060529,0.06
237.5191763068209,0.06
237.5192243075889,0.06
237.51927230835693,0.055
237.51932030912494,0.055
237.51936830989294,0.06
237.51941631066094,0.049999997
237.51946431142898,0.055
237.51951231219698,0.055
237.51956031296498,0.055
237.51960831373302,0.055
237.51965631450102,0.049999997
237.51970431526902,0.055
237.51975231603703,0.055
237.51980031680506,0.06
237.51984831757306,0.06
237.51989631834107,0.06
237.5199443191091,0.055
237.5199923198771,0.055
237.5200403206451,0.055
237.52008832141314,0.055
237.52013632218114,0.055
237.52018432294915,0.049999997
237.52023232371715,0.055
237.52028032448519,0.049999997
237.5203283252532,0.055
237.5203763260212,0.049999997
237.52042432678923,0.055
237.52047232755723,0.055
237.52052032832523,0.049999997
237.52056832909324,0.055
237.52061632986127,0.055
237.52066433062927,0.049999997
237.52071233139728,0.055
237.5207603321653,0.049999997
237.5208083329333,0.055
237.52085633370132,0.049999997
237.52090433446935,0.055
237.52095233523735,0.044999998
237.52100033600536,0.055
237.52104833677336,0.049999997
237.5210963375414,0.06
237.5211443383094,0.049999997
237.5211923390774,0.055
237.52124033984543,0.055
237.52128834061344,0.055
237.52133634138144,0.065
237.52138434214945,0.055
237.52143234291748,0.049999997
237.52148034368548,0.06
237.5215283444535,0.06
237.52157634522152,0.044999998
237.52162434598952,0.055
237.52167234675753,0.065
237.52172034752556,0.06
237.52176834829356,0.055
237.52181634906157,0.049999997
237.52186434982957,0.04
237.5219123505976,0.049999997
237.5219603513656,0.04
237.5220083521336,0.044999998
237.52205635290164,0.055
237.52210435366965,0.055
237.52215235443765,0.049999997
237.52220035520565,0.049999997
237.5222483559737,0.044999998
237.5222963567417,0.07
237.5223443575097,0.06
237.52239235827773,0.044999998
237.52244035904573,0.055
237.52248835981374,0.055
237.52253636058177,0.049999997
237.52258436134977,0.049999997
237.52263236211778,0.049999997
237.52268036288578,0.055
237.5227283636538,0.06
237.52277636442182,0.04
237.52282436518982,0.06
237.52287236595785,0.065
237.52292036672586,0.044999998
237.52296836749386,0.06
237.52301636826186,0.055
237.5230643690299,0.06
237.5231123697979,0.055
237.5231603705659,0.049999997
237.52320837133394,0.044999998
237.52325637210194,0.06
237.52330437286994,0.049999997
237.52335237363798,0.044999998
237.52340037440598,0.049999997
237.52344837517398,0.06
237.523496375942,0.06
237.52354437671002,0.049999997
237.52359237747802,0.055
237.52364037824603,0.055
237.52368837901406,0.055
237.52373637978206,0.055
237.52378438055007,0.06
237.52383238131807,0.055
237.5238803820861,0.06
237.5239283828541,0.049999997
237.5239763836221,0.049999997
237.52402438439015,0.044999998
237.52407238515815,0.06
237.52412038592615,0.06
237.52416838669419,0.044999998
237.5242163874622,0.074999996
237.5242643882302,0.074999996
237.5243123889982,0.044999998
237.52436038976623,0.055
237.52440839053423,0.049999997
237.52445639130224,0.055
237.52450439207027,0.049999997
237.52455239283827,0.04
237.52460039360628,0.049999997
237.52464839437428,0.055
237.5246963951423,0.049999997
237.52474439591032,0.06
237.52479239667832,0.035
237.52484039744635,0.06
237.52488839821436,0.07
237.52493639898236,0.055
237.5249843997504,0.049999997
237.5250324005184,0.049999997
237.5250804012864,0.06
237.5251284020544,0.06
237.52517640282244,0.055
237.52522440359044,0.06
237.52527240435845,0.049999997
237.52532040512648,0.049999997
237.52536840589448,0.06
237.5254164066625,0.065
237.5254644074305,0.049999997
237.52551240819852,0.055
237.52556040896653,0.049999997
237.52560840973453,0.049999997
237.52565641050256,0.044999998
237.52570441127057,0.049999997
237.52575241203857,0.044999998
237.5258004128066,0.065
237.5258484135746,0.06
237.5258964143426,0.049999997
237.52594441511062,0.055
237.52599241587865,0.049999997
237.52604041664665,0.055
237.52608841741466,0.06
237.5261364181827,0.065
237.5261844189507,0.049999997
237.5262324197187,0.06
237.5262804204867,0.049999997
237.52632842125473,0.049999997
237.52637642202274,0.065
237.52642442279074,0.06
237.52647242355877,0.065
237.52652042432678,0.04
237.52656842509478,0.055
237.5266164258628,0.055
237.52666442663082,0.06
237.52671242739882,0.06
237.52676042816682,0.055
237.52680842893486,0.044999998
237.52685642970286,0.055
237.52690443047086,0.055
237.5269524312389,0.049999997
237.5270004320069,0.049999997
237.5270484327749,0.06
237.5270964335429,0.06
237.52714443431094,0.06
237.52719243507894,0.055
237.52724043584695,0.06
237.52728843661498,0.055
237.52733643738298,0.06
237.527384438151,0.07
237.52743243891902,0.06
237.52748043968703,0.049999997
237.52752844045503,0.049999997
237.52757644122303,0.044999998
237.52762444199107,0.065
237.52767244275907,0.06
237.52772044352707,0.055
237.5277684442951,0.055
237.5278164450631,0.049999997
237.5278644458311,0.049999997
237.52791244659912,0.04
237.52796044736715,0.049999997
237.52800844813515,0.044999998
237.52805644890316,0.049999997
237.5281044496712,0.055
237.5281524504392,0.055
237.5282004512072,0.049999997
237.52824845197523,0.049999997
237.52829645274323,0.055
237.52834445351124,0.06
237.52839245427924,0.055
237.52844045504727,0.06
237.52848845581528,0.06
237.52853645658328,0.055
237.52858445735131,0.049999997
237.52863245811932,0.044999998
237.52868045888732,0.055
237.52872845965533,0.04
237.52877646042336,0.049999997
237.52882446119136,0.049999997
237.52887246195937,0.065
237.5289204627274,0.06
237.5289684634954,0.055
237.5290164642634,0.049999997
237.52906446503144,0.06
237.52911246579944,0.049999997
237.52916046656745,0.049999997
237.52920846733545,0.049999997
237.52925646810348,0.049999997
237.5293044688715,0.049999997
237.5293524696395,0.055
237.52940047040752,0.065
237.52944847117553,0.055
237.52949647194353,0.06
237.52954447271154,0.06
237.52959247347957,0.06
237.52964047424757,0.055
237.52968847501558,0.06
237.5297364757836,0.055
237.5297844765516,0.06
237.52983247731962,0.06
237.52988047808765,0.06
237.52992847885565,0.049999997
237.52997647962366,0.049999997
237.53002448039166,0.049999997
237.5300724811597,0.044999998
237.5301204819277,0.049999997
237.5301684826957,0.044999998
237.53021648346373,0.055
237.53026448423174,0.06
237.53031248499974,0.06
237.53036048576774,0.065
237.53040848653578,0.06
237.53045648730378,0.055
237.53050448807178,0.049999997
237.53055248883982,0.055
237.53060048960782,0.06
237.53064849037582,0.049999997
237.53069649114386,0.055
237.53074449191186,0.044999998
237.53079249267986,0.049999997
237.53084049344787,0.049999997
237.5308884942159,0.049999997
237.5309364949839,0.055
237.5309844957519,0.055
237.53103249651994,0.055
237.53108049728795,0.049999997
237.53112849805595,0.049999997
237.53117649882395,0.04
237.53122449959199,0.044999998
237.53127250036,0.049999997
237.531320501128,0.044999998
237.53136850189603,0.049999997
237.53141650266403,0.049999997
237.53146450343203,0.04
237.53151250420007,0.055
237.53156050496807,0.049999997
237.53160850573607,0.055
237.53165650650408,0.049999997
237.5317045072721,0.055
237.5317525080401,0.04
237.53180050880812,0.049999997
237.53184850957615,0.055
237.53189651034415,0.065
237.53194451111216,0.06
237.53199251188016,0.055
237.5320405126482,0.044999998
237.5320885134162,0.055
237.5321365141842,0.055
237.53218451495223,0.07
237.53223251572024,0.065
237.53228051648824,0.065
237.53232851725627,0.055
237.53237651802428,0.06
237.53242451879228,0.055
237.5324725195603,0.049999997
237.53252052032832,0.055
237.53256852109632,0.065
237.53261652186433,0.055
237.53266452263236,0.06
237.53271252340036,0.055
237.53276052416837,0.065
237.53280852493637,0.06
237.5328565257044,0.06
237.5329045264724,0.044999998
237.5329525272404,0.055
237.53300052800844,0.055
237.53304852877645,0.044999998
237.53309652954445,0.049999997
237.53314453031248,0.065
237.5331925310805,0.055
237.5332405318485,0.055
237.5332885326165,0.049999997
237.53333653338453,0.044999998
237.53338453415253,0.055
237.53343253492054,0.035
237.53348053568857,0.06
237.53352853645657,0.049999997
237.53357653722458,0.07
237.53362453799258,0.06
237.5336725387606,0.055
237.53372053952862,0.04
237.53376854029662,0.049999997
237.53381654106465,0.049999997
237.53386454183266,0.055
237.53391254260066,0.055
237.5339605433687,0.06
237.5340085441367,0.065
237.5340565449047,0.049999997
237.5341045456727,0.049999997
237.53415254644074,0.049999997
237.53420054720874,0.06
237.53424854797674,0.065
237.53429654874478,0.04
237.53434454951278,0.044999998
237.53439255028078,0.055
237.5344405510488,0.06
237.53448855181682,0.049999997
237.53453655258483,0.055
237.53458455335283,0.049999997
237.53463255412086,0.049999997
237.53468055488887,0.049999997
237.53472855565687,0.065
237.5347765564249,0.06
237.5348245571929,0.06
237.5348725579609,0.055
237.5349205587289,0.06
237.53496855949695,0.044999998
237.53501656026495,0.07
237.53506456103295,0.055
237.535112561801,0.06
237.535160562569,0.044999998
237.535208563337,0.06
237.535256564105,0.055
237.53530456487303,0.07
237.53535256564103,0.055
237.53540056640904,0.055
237.53544856717707,0.06
237.53549656794507,0.049999997
237.53554456871308,0.055
237.5355925694811,0.055
237.53564057024911,0.055
237.53568857101712,0.055
237.53573657178512,0.044999998
237.53578457255315,0.055
237.53583257332116,0.049999997
237.53588057408916,0.044999998
237.5359285748572,0.06
237.5359765756252,0.06
237.5360245763932,0.065
237.5360725771612,0.055
237.53612057792924,0.049999997
237.53616857869724,0.049999997
237.53621657946525,0.049999997
237.53626458023328,0.049999997
237.53631258100128,0.044999998
237.5363605817693,0.06
237.53640858253732,0.049999997
237.53645658330532,0.049999997
237.53650458407333,0.065
237.53655258484133,0.044999998
237.53660058560936,0.055
237.53664858637737,0.055
237.53669658714537,0.07
237.5367445879134,0.055
237.5367925886814,0.065
237.5368405894494,0.065
237.53688859021742,0.055
237.53693659098545,0.049999997
237.53698459175345,0.055
237.53703259252146,0.06
237.5370805932895,0.055
237.5371285940575,0.065
237.5371765948255,0.06
237.53722459559353,0.044999998
237.53727259636153,0.044999998
237.53732059712954,0.044999998
237.53736859789754,0.04
237.53741659866557,0.06
237.53746459943358,0.055
237.53751260020158,0.065
237.5375606009696,0.055
237.53760860173762,0.06
237.53765660250562,0.055
237.53770460327362,0.049999997
237.53775260404166,0.049999997
237.53780060480966,0.065
237.53784860557766,0.055
237.5378966063457,0.06
237.5379446071137,0.06
237.5379926078817,0.06
237.53804060864974,0.049999997
237.53808860941774,0.049999997
237.53813661018575,0.055
237.53818461095375,0.04
237.53823261172178,0.049999997
237.53828061248979,0.049999997
237.5383286132578,0.065
237.53837661402582,0.06
237.53842461479383,0.06
237.53847261556183,0.06
237.53852061632983,0.06
237.53856861709787,0.06
237.53861661786587,0.055
237.53866461863387,0.055
237.5387126194019,0.06
237.5387606201699,0.049999997
237.5388086209379,0.055
237.53885662170595,0.055
237.53890462247395,0.044999998
237.53895262324195,0.049999997
237.53900062400996,0.049999997
237.539048624778,0.055
237.539096625546,0.055
237.539144626314,0.055
237.53919262708203,0.065
237.53924062785003,0.049999997
237.53928862861804,0.055
237.53933662938604,0.055
237.53938463015407,0.055
237.53943263092208,0.055
237.53948063169008,0.055
237.53952863245811,0.055
237.53957663322612,0.049999997
237.53962463399412,0.055
237.53967263476216,0.06
237.53972063553016,0.049999997
237.53976863629816,0.055
237.53981663706617,0.055
237.5398646378342,0.055
237.5399126386022,0.049999997
237.5399606393702,0.049999997
237.54000864013824,0.049999997
237.54005664090624,0.055
237.54010464167425,0.049999997
237.54015264244225,0.049999997
237.54020064321028,0.055
237.5402486439783,0.055
237.5402966447463,0.055
237.54034464551432,0.049999997
237.54039264628233,0.055
237.54044064705033,0.049999997
237.54048864781836,0.055
237.54053664858637,0.055
237.54058464935437,0.049999997
237.54063265012238,0.055
237.5406806508904,0.049999997
237.5407286516584,0.055
237.54077665242642,0.049999997
237.54082465319445,0.055
237.54087265396245,0.055
237.54092065473046,0.044999998
237.54096865549846,0.055
237.5410166562665,0.055
237.5410646570345,0.049999997
237.5411126578025,0.055
237.54116065857053,0.055
237.54120865933854,0.049999997
237.54125666010654,0.055
237.54130466087457,0.06
237.54135266164258,0.049999997
237.54140066241058,0.06
237.54144866317858,0.049999997
237.54149666394662,0.06
237.54154466471462,0.055
237.54159266548263,0.055
237.54164066625066,0.055
237.54168866701866,0.055
237.54173666778667,0.06
237.54178466855467,0.055
237.5418326693227,0.049999997
237.5418806700907,0.049999997
237.5419286708587,0.055
237.54197667162674,0.055
237.54202467239475,0.049999997
237.54207267316275,0.055
237.54212067393078,0.055
237.5421686746988,0.049999997
237.5422166754668,0.055
237.5422646762348,0.049999997
237.54231267700283,0.055
237.54236067777083,0.049999997
237.54240867853883,0.049999997
237.54245667930687,0.055
237.54250468007487,0.049999997
237.54255268084287,0.049999997
237.54260068161088,0.055
237.5426486823789,0.055
237.54269668314691,0.06
237.54274468391492,0.055
237.54279268468295,0.055
237.54284068545095,0.055
237.54288868621896,0.055
237.542936686987,0.055
237.542984687755,0.049999997
237.543032688523,0.049999997
237.543080689291,0.055
237.54312869005904,0.055
237.54317669082704,0.049999997
237.54322469159504,0.06
237.54327269236308,0.055
237.54332069313108,0.06
237.54336869389908,0.049999997
237.5434166946671,0.055
237.54346469543512,0.049999997
237.54351269620312,0.055
237.54356069697113,0.055
237.54360869773916,0.055
237.54365669850716,0.06
237.54370469927517,0.049999997
237.5437527000432,0.049999997
237.5438007008112,0.049999997
237.5438487015792,0.055
237.5438967023472,0.055
237.54394470311524,0.044999998
237.54399270388325,0.055
237.54404070465125,0.055
237.54408870541928,0.049999997
237.5441367061873,0.06
237.5441847069553,0.055
237.5442327077233,0.055
237.54428070849133,0.055
237.54432870925933,0.055
237.54437671002734,0.049999997
237.54442471079537,0.06
237.54447271156337,0.055
237.54452071233138,0.055
237.5445687130994,0.055
237.5446167138674,0.06
237.54466471463542,0.055
237.54471271540342,0.049999997
237.54476071617145,0.06
237.54480871693946,0.055
237.54485671770746,0.055
237.5449047184755,0.06
237.5449527192435,0.055
237.5450007200115,0.06
237.5450487207795,0.055
237.54509672154754,0.055
237.54514472231554,0.055
237.54519272308355,0.055
237.54524072385158,0.055
237.54528872461958,0.049999997
237.54533672538759,0.055
237.54538472615562,0.049999997
237.54543272692362,0.06
237.54548072769163,0.055
237.54552872845963,0.06
237.54557672922766,0.049999997
237.54562472999567,0.049999997
237.54567273076367,0.049999997
237.5457207315317,0.055
237.5457687322997,0.049999997
237.5458167330677,0.055
237.5458647338357,0.049999997
237.54591273460375,0.055
237.54596073537175,0.055
237.54600873613975,0.049999997
237.5460567369078,0.055
237.5461047376758,0.055
237.5461527384438,0.06
237.54620073921183,0.049999997
237.54624873997983,0.055
237.54629674074783,0.049999997
237.54634474151584,0.049999997
237.54639274228387,0.049999997
237.54644074305187,0.049999997
237.54648874381988,0.055
237.5465367445879,0.055
237.54658474535591,0.049999997
237.54663274612392,0.055
237.54668074689192,0.065
237.54672874765996,0.055
237.54677674842796,0.06
237.54682474919596,0.055
237.546872749964,0.06
237.546920750732,0.055
237.5469687515,0.055
237.54701675226804,0.055
237.54706475303604,0.06
237.54711275380404,0.049999997
237.54716075457205,0.06
237.54720875534008,0.055
237.54725675610808,0.055
237.5473047568761,0.049999997
237.54735275764412,0.049999997
237.54740075841212,0.06
237.54744875918013,0.055
237.54749675994813,0.055
237.54754476071616,0.049999997
237.54759276148417,0.055
237.54764076225217,0.049999997
237.5476887630202,0.055
237.5477367637882,0.055
237.5477847645562,0.049999997
237.54783276532424,0.049999997
237.54788076609225,0.055
237.54792876686025,0.055
237.54797676762826,0.055
237.5480247683963,0.055
237.5480727691643,0.06
237.5481207699323,0.049999997
237.54816877070033,0.055
237.54821677146833,0.055
237.54826477223634,0.055
237.54831277300434,0.055
237.54836077377237,0.055
237.54840877454038,0.055
237.54845677530838,0.049999997
237.5485047760764,0.055
237.54855277684442,0.055
237.54860077761242,0.049999997
237.54864877838045,0.055
237.54869677914846,0.055
237.54874477991646,0.049999997
237.54879278068447,0.06
237.5488407814525,0.055
237.5488887822205,0.049999997
237.5489367829885,0.055
237.54898478375654,0.049999997
237.54903278452454,0.049999997
237.54908078529255,0.055
237.54912878606055,0.049999997
237.54917678682858,0.049999997
237.5492247875966,0.055
237.5492727883646,0.055
237.54932078913262,0.055
237.54936878990063,0.049999997
237.54941679066863,0.055
237.54946479143666,0.049999997
237.54951279220467,0.055
237.54956079297267,0.055
237.54960879374067,0.06
237.5496567945087,0.055
237.5497047952767,0.06
237.54975279604471,0.049999997
237.54980079681275,0.06
237.54984879758075,0.049999997
237.54989679834875,0.055
237.54994479911676,0.055
237.5499927998848,0.055
237.5500408006528,0.049999997
237.5500888014208,0.055
237.55013680218883,0.049999997
237.55018480295684,0.055
237.55023280372484,0.049999997
237.55028080449287,0.065
237.55032880526088,0.055
237.55037680602888,0.06
237.55042480679688,0.055
237.55047280756492,0.049999997
237.55052080833292,0.055
237.55056880910092,0.055
237.55061680986896,0.055
237.55066481063696,0.055
237.55071281140496,0.06
237.55076081217297,0.049999997
237.550808812941,0.049999997
237.550856813709,0.055
237.550904814477,0.055
237.55095281524504,0.055
237.55100081601304,0.055
237.55104881678105,0.055
237.55109681754908,0.055
237.55114481831708,0.049999997
237.5511928190851,0.049999997
237.5512408198531,0.055
237.55128882062112,0.055
237.55133682138913,0.06
237.55138482215713,0.049999997
237.55143282292516,0.06
237.55148082369317,0.049999997
237.55152882446117,0.055
237.55157682522918,0.055
237.5516248259972,0.049999997
237.5516728267652,0.06
237.55172082753322,0.06
237.55176882830125,0.055
237.55181682906925,0.055
237.55186482983726,0.055
237.5519128306053,0.055
237.5519608313733,0.055
237.5520088321413,0.055
237.5520568329093,0.06
237.55210483367733,0.055
237.55215283444534,0.049999997
237.55220083521334,0.055
237.55224883598137,0.049999997
237.55229683674938,0.055
237.55234483751738,0.06
237.55239283828539,0.055
237.55244083905342,0.06
237.55248883982142,0.055
237.55253684058943,0.055
237.55258484135746,0.055
237.55263284212546,0.06
237.55268084289347,0.06
237.5527288436615,0.055
237.5527768444295,0.049999997
237.5528248451975,0.06
237.5528728459655,0.055
237.55292084673354,0.055
237.55296884750155,0.055
237.55301684826955,0.055
237.55306484903758,0.049999997
237.5531128498056,0.06
237.5531608505736,0.049999997
237.5532088513416,0.049999997
237.55325685210963,0.049999997
237.55330485287763,0.049999997
237.55335285364563,0.055
237.55340085441367,0.055
237.55344885518167,0.055
237.55349685594967,0.049999997
237.5535448567177,0.06
237.5535928574857,0.055
237.55364085825371,0.049999997
237.55368885902172,0.049999997
237.55373685978975,0.055
237.55378486055776,0.055
237.55383286132576,0.055
237.5538808620938,0.049999997
237.5539288628618,0.055
237.5539768636298,0.055
237.5540248643978,0.055
237.55407286516584,0.055
237.55412086593384,0.055
237.55416886670184,0.055
237.55421686746988,0.049999997
237.55426486823788,0.055
237.55431286900588,0.055
237.55436086977392,0.055
237.55440887054192,0.049999997
237.55445687130992,0.06
237.55450487207793,0.055
237.55455287284596,0.055
237.55460087361396,0.055
237.55464887438197,0.049999997
237.55469687515,0.049999997
237.554744875918,0.049999997
237.554792876686,0.06
237.554840877454,0.055
237.55488887822204,0.06
237.55493687899005,0.049999997
237.55498487975805,0.06
237.55503288052608,0.06
237.5550808812941,0.065
237.5551288820621,0.055
237.5551768828301,0.055
237.55522488359813,0.055
237.55527288436613,0.049999997
237.55532088513414,0.055
237.55536888590217,0.055
237.55541688667017,0.049999997
237.55546488743818,0.06
237.5555128882062,0.055
237.5555608889742,0.055
237.55560888974222,0.06
237.55565689051022,0.055
237.55570489127825,0.049999997
237.55575289204626,0.055
237.55580089281426,0.055
237.5558488935823,0.055
237.5558968943503,0.055
237.5559448951183,0.055
237.5559928958863,0.055
237.55604089665434,0.055
237.55608889742234,0.055
237.55613689819035,0.044999998
237.55618489895838,0.06
237.55623289972638,0.055
237.5562809004944,0.055
237.55632890126242,0.049999997
237.55637690203042,0.055
237.55642490279843,0.055
237.55647290356643,0.049999997
237.55652090433446,0.055
237.55656890510247,0.055
237.55661690587047,0.049999997
237.5566649066385,0.055
237.5567129074065,0.049999997
237.5567609081745,0.049999997
237.55680890894251,0.055
237.55685690971055,0.06
237.55690491047855,0.055
237.55695291124655,0.055
237.5570009120146,0.055
237.5570489127826,0.055
237.5570969135506,0.049999997
237.55714491431863,0.055
237.55719291508663,0.049999997
237.55724091585463,0.055
237.55728891662264,0.049999997
237.55733691739067,0.044999998
237.55738491815868,0.055
237.55743291892668,0.055
237.5574809196947,0.055
237.55752892046272,0.055
237.55757692123072,0.049999997
237.55762492199872,0.055
237.55767292276676,0.049999997
237.55772092353476,0.06
237.55776892430276,0.06
237.5578169250708,0.06
237.5578649258388,0.055
237.5579129266068,0.06
237.55796092737484,0.049999997
237.55800892814284,0.06
237.55805692891084,0.049999997
237.55810492967885,0.06
237.55815293044688,0.055
237.55820093121488,0.06
237.5582489319829,0.06
237.55829693275092,0.06
237.55834493351892,0.055
237.55839293428693,0.065
237.55844093505493,0.055
237.55848893582296,0.06
237.55853693659097,0.055
237.55858493735897,0.049999997
237.558632938127,0.055
237.558680938895,0.049999997
237.558728939663,0.055
237.55877694043104,0.049999997
237.55882494119905,0.049999997
237.55887294196705,0.049999997
237.55892094273506,0.055
237.5589689435031,0.049999997
237.5590169442711,0.049999997
237.5590649450391,0.049999997
237.55911294580713,0.055
237.55916094657513,0.055
237.55920894734314,0.055
237.55925694811114,0.055
237.55930494887917,0.055
237.55935294964718,0.055
237.55940095041518,0.049999997
237.5594489511832,0.049999997
237.55949695195122,0.049999997
237.55954495271922,0.055
237.55959295348725,0.055
237.55964095425526,0.055
237.55968895502326,0.049999997
237.55973695579127,0.049999997
237.5597849565593,0.06
237.5598329573273,0.06
237.5598809580953,0.055
237.55992895886334,0.055
237.55997695963134,0.055
237.56002496039935,0.06
237.56007296116735,0.055
237.56012096193538,0.055
237.5601689627034,0.055
237.5602169634714,0.055
237.56026496423942,0.06
237.56031296500743,0.055
237.56036096577543,0.055
237.56040896654346,0.055
237.56045696731147,0.055
237.56050496807947,0.055
237.56055296884747,0.055
237.5606009696155,0.055
237.5606489703835,0.055
237.56069697115151,0.055
237.56074497191955,0.055
237.56079297268755,0.055
237.56084097345556,0.049999997
237.56088897422356,0.055
237.5609369749916,0.055
237.5609849757596,0.055
237.5610329765276,0.055
237.56108097729563,0.055
237.56112897806364,0.055
237.56117697883164,0.049999997
237.56122497959967,0.049999997
237.56127298036768,0.055
237.56132098113568,0.055
237.56136898190368,0.049999997
237.56141698267172,0.049999997
237.56146498343972,0.055
237.56151298420772,0.049999997
237.56156098497576,0.06
237.56160898574376,0.049999997
237.56165698651176,0.055
237.56170498727977,0.055
237.5617529880478,0.055
237.5618009888158,0.049999997
237.5618489895838,0.055
237.56189699035184,0.055
237.56194499111984,0.049999997
237.56199299188785,0.055
237.56204099265588,0.055
237.56208899342388,0.055
237.5621369941919,0.055
237.5621849949599,0.049999997
237.56223299572792,0.055
237.56228099649593,0.049999997
237.56232899726393,0.055
237.56237699803197,0.049999997
237.56242499879997,0.06
237.56247299956797,0.055
237.56252100033598,0.049999997
237.562569001104,0.055
237.562617001872,0.06
237.56266500264002,0.055
237.56271300340805,0.055
237.56276100417605,0.049999997
237.56280900494406,0.049999997
237.5628570057121,0.049999997
237.5629050064801,0.055
237.5629530072481,0.049999997
237.5630010080161,0.049999997
237.56304900878413,0.055
237.56309700955214,0.055
237.56314501032014,0.049999997
237.56319301108817,0.06
237.56324101185618,0.055
237.56328901262418,0.06
237.56333701339219,0.06
237.56338501416022,0.049999997
237.56343301492822,0.055
237.56348101569623,0.055
237.56352901646426,0.055
237.56357701723226,0.055
237.56362501800027,0.055
237.5636730187683,0.055
237.5637210195363,0.049999997
237.5637690203043,0.055
237.5638170210723,0.055
237.56386502184034,0.055
237.56391302260835,0.049999997
237.56396102337635,0.055
237.56400902414438,0.06
237.5640570249124,0.049999997
237.5641050256804,0.055
237.5641530264484,0.044999998
237.56420102721643,0.055
237.56424902798443,0.055
237.56429702875243,0.049999997
237.56434502952047,0.049999997
237.56439303028847,0.055
237.56444103105648,0.049999997
237.5644890318245,0.055
237.5645370325925,0.055
237.56458503336052,0.049999997
237.56463303412852,0.049999997
237.56468103489655,0.055
237.56472903566456,0.049999997
237.56477703643256,0.049999997
237.5648250372006,0.049999997
237.5648730379686,0.065
237.5649210387366,0.055
237.5649690395046,0.065
237.56501704027264,0.055
237.56506504104064,0.049999997
237.56511304180864,0.055
237.56516104257668,0.055
237.56520904334468,0.049999997
237.56525704411268,0.06
237.56530504488072,0.055
237.56535304564872,0.06
237.56540104641672,0.055
237.56544904718473,0.055
237.56549704795276,0.055
237.56554504872076,0.055
237.56559304948877,0.044999998
237.5656410502568,0.055
237.5656890510248,0.055
237.5657370517928,0.055
237.5657850525608,0.055
237.56583305332884,0.055
237.56588105409685,0.055
237.56592905486485,0.055
237.56597705563289,0.055
237.5660250564009,0.049999997
237.5660730571689,0.055
237.56612105793693,0.049999997
237.56616905870493,0.055
237.56621705947293,0.049999997
237.56626506024094,0.055
237.56631306100897,0.049999997
237.56636106177697,0.055
237.56640906254498,0.055
237.566457063313,0.049999997
237.566505064081,0.049999997
237.56655306484902,0.055
237.56660106561702,0.049999997
237.56664906638505,0.055
237.56669706715306,0.055
237.56674506792106,0.055
237.5667930686891,0.055
237.5668410694571,0.055
237.5668890702251,0.065
237.56693707099313,0.055
237.56698507176114,0.06
237.56703307252914,0.055
237.56708107329715,0.055
237.56712907406518,0.055
237.56717707483318,0.055
237.5672250756012,0.055
237.56727307636922,0.055
237.56732107713722,0.049999997
237.56736907790523,0.055
237.56741707867323,0.055
237.56746507944126,0.049999997
237.56751308020927,0.055
237.56756108097727,0.055
237.5676090817453,0.055
237.5676570825133,0.055
237.5677050832813,0.055
237.56775308404934,0.055
237.56780108481735,0.055
237.56784908558535,0.049999997
237.56789708635336,0.055
237.5679450871214,0.06
237.5679930878894,0.049999997
237.5680410886574,0.055
237.56808908942543,0.055
237.56813709019343,0.055
237.56818509096144,0.049999997
237.56823309172944,0.055
237.56828109249747,0.049999997
237.56832909326548,0.049999997
237.56837709403348,0.049999997
237.5684250948015,0.049999997
237.56847309556952,0.055
237.56852109633752,0.055
237.56856909710555,0.049999997
237.56861709787356,0.049999997
237.56866509864156,0.055
237.56871309940956,0.055
237.5687611001776,0.055
237.5688091009456,0.055
237.5688571017136,0.055
237.56890510248164,0.049999997
237.56895310324964,0.055
237.56900110401764,0.044999998
237.56904910478565,0.049999997
237.56909710555368,0.055
237.56914510632168,0.055
237.5691931070897,0.055
237.56924110785772,0.06
237.56928910862572,0.049999997
237.56933710939373,0.06
237.56938511016176,0.055
237.56943311092977,0.06
237.56948111169777,0.049999997
237.56952911246577,0.055
237.5695771132338,0.049999997
237.5696251140018,0.049999997
237.5696731147698,0.049999997
237.56972111553785,0.055
237.56976911630585,0.049999997
237.56981711707385,0.06
237.56986511784186,0.055
237.5699131186099,0.055
237.5699611193779,0.049999997
237.5700091201459,0.06
237.57005712091393,0.055
237.57010512168193,0.06
237.57015312244994,0.055
237.57020112321797,0.055
237.57024912398597,0.049999997
237.57029712475398,0.055
237.57034512552198,0.049999997
237.57039312629,0.06
237.57044112705802,0.055
237.57048912782602,0.06
237.57053712859405,0.049999997
237.57058512936206,0.065
237.57063313013006,0.055
237.57068113089807,0.06
237.5707291316661,0.049999997
237.5707771324341,0.065
237.5708251332021,0.055
237.57087313397014,0.055
237.57092113473814,0.044999998
237.57096913550615,0.055
237.57101713627418,0.055
237.57106513704218,0.055
237.5711131378102,0.06
237.5711611385782,0.055
237.57120913934622,0.055
237.57125714011423,0.055
237.57130514088223,0.06
237.57135314165026,0.049999997
237.57140114241827,0.044999998
237.57144914318627,0.055
237.57149714395428,0.06
237.5715451447223,0.055
237.5715931454903,0.06
237.57164114625832,0.055
237.57168914702635,0.049999997
237.57173714779435,0.055
237.57178514856236,0.049999997
237.5718331493304,0.055
237.5718811500984,0.055
237.5719291508664,0.055
237.5719771516344,0.055
237.57202515240243,0.055
237.57207315317044,0.049999997
237.57212115393844,0.055
237.57216915470647,0.055
237.57221715547448,0.049999997
237.57226515624248,0.049999997
237.57231315701048,0.055
237.57236115777852,0.055
237.57240915854652,0.044999998
237.57245715931452,0.055
237.57250516008256,0.049999997
237.57255316085056,0.055
237.57260116161856,0.055
237.5726491623866,0.049999997
237.5726971631546,0.049999997
237.5727451639226,0.055
237.5727931646906,0.049999997
237.57284116545864,0.049999997
237.57288916622664,0.055
237.57293716699465,0.055
237.57298516776268,0.055
237.57303316853069,0.055
237.5730811692987,0.06
237.5731291700667,0.055
237.57317717083473,0.06
237.57322517160273,0.06
237.57327317237073,0.055
237.57332117313877,0.06
237.57336917390677,0.055
237.57341717467477,0.055
237.5734651754428,0.049999997
237.5735131762108,0.06
237.5735611769788,0.055
237.57360917774682,0.06
237.57365717851485,0.055
237.57370517928285,0.055
237.57375318005086,0.055
237.5738011808189,0.055
237.5738491815869,0.049999997
237.5738971823549,0.055
237.5739451831229,0.055
237.57399318389093,0.055
237.57404118465894,0.049999997
237.57408918542694,0.055
237.57413718619497,0.049999997
237.57418518696298,0.055
237.57423318773098,0.049999997
237.57428118849901,0.055
237.57432918926702,0.049999997
237.57437719003502,0.055
237.57442519080303,0.055
237.57447319157106,0.049999997
237.57452119233906,0.049999997
237.57456919310707,0.049999997
237.5746171938751,0.055
237.5746651946431,0.049999997
237.5747131954111,0.049999997
237.5747611961791,0.055
237.57480919694714,0.055
237.57485719771515,0.044999998
237.57490519848315,0.055
237.57495319925118,0.055
237.5750012000192,0.06
237.5750492007872,0.049999997
237.57509720155522,0.055
237.57514520232323,0.049999997
237.57519320309123,0.055
237.57524120385924,0.055
237.57528920462727,0.049999997
237.57533720539527,0.055
237.57538520616328,0.049999997
237.5754332069313,0.049999997
237.5754812076993,0.049999997
237.57552920846732,0.06
237.57557720923532,0.049999997
237.57562521000335,0.049999997
237.57567321077136,0.049999997
237.57572121153936,0.06
237.5757692123074,0.06
237.5758172130754,0.055
237.5758652138434,0.049999997
237.57591321461143,0.049999997
237.57596121537944,0.049999997
237.57600921614744,0.055
237.57605721691544,0.049999997
237.57610521768348,0.049999997
237.57615321845148,0.055
237.57620121921948,0.049999997
237.57624921998752,0.049999997
237.57629722075552,0.055
237.57634522152352,0.055
237.57639322229153,0.06
237.57644122305956,0.049999997
237.57648922382756,0.06
237.57653722459557,0.055
237.5765852253636,0.055
237.5766332261316,0.049999997
237.5766812268996,0.055
237.57672922766764,0.049999997
237.57677722843565,0.055
237.57682522920365,0.055
237.57687322997165,0.055
237.57692123073969,0.055
237.5769692315077,0.06
237.5770172322757,0.055
237.57706523304373,0.055
237.57711323381173,0.055
237.57716123457973,0.055
237.57720923534774,0.049999997
237.57725723611577,0.055
237.57730523688377,0.055
237.57735323765178,0.049999997
237.5774012384198,0.049999997
237.5774492391878,0.055
237.57749723995582,0.049999997
237.57754524072385,0.06
237.57759324149185,0.049999997
237.57764124225986,0.055
237.57768924302786,0.055
237.5777372437959,0.06
237.5777852445639,0.055
237.5778332453319,0.055
237.57788124609993,0.055
237.57792924686794,0.055
237.57797724763594,0.055
237.57802524840395,0.055
237.57807324917198,0.049999997
237.57812124993998,0.049999997
237.578169250708,0.055
237.57821725147602,0.044999998
237.57826525224402,0.055
237.57831325301203,0.049999997
237.57836125378006,0.049999997
237.57840925454806,0.049999997
237.57845725531607,0.055
237.57850525608407,0.049999997
237.5785532568521,0.049999997
237.5786012576201,0.055
237.5786492583881,0.049999997
237.57869725915614,0.055
237.57874525992415,0.049999997
237.57879326069215,0.055
237.57884126146016,0.049999997
237.5788892622282,0.055
237.5789372629962,0.055
237.5789852637642,0.055
237.57903326453223,0.055
237.57908126530023,0.049999997
237.57912926606824,0.055
237.57917726683627,0.055
237.57922526760427,0.055
237.57927326837228,0.055
237.57932126914028,0.049999997
237.5793692699083,0.06
237.57941727067632,0.055
237.57946527144432,0.06
237.57951327221235,0.06
237.57956127298036,0.055
237.57960927374836,0.055
237.57965727451636,0.055
237.5797052752844,0.06
237.5797532760524,0.06
237.5798012768204,0.049999997
237.57984927758844,0.06
237.57989727835644,0.055
237.57994527912444,0.049999997
237.57999327989248,0.055
237.58004128066048,0.06
237.58008928142849,0.049999997
237.5801372821965,0.06
237.58018528296452,0.055
237.58023328373253,0.055
237.58028128450053,0.055
237.58032928526856,0.06
237.58037728603657,0.055
237.58042528680457,0.049999997
237.58047328757257,0.055
237.5805212883406,0.055
237.5805692891086,0.055
237.5806172898766,0.049999997
237.58066529064465,0.049999997
237.58071329141265,0.049999997
237.58076129218065,0.055
237.5808092929487,0.055
237.5808572937167,0.055
237.5809052944847,0.055
237.5809532952527,0.049999997
237.58100129602073,0.055
237.58104929678873,0.06
237.58109729755674,0.06
237.58114529832477,0.055
237.58119329909277,0.06
237.58124129986078,0.049999997
237.58128930062878,0.044999998
237.58133730139681,0.06
237.58138530216482,0.055
237.58143330293282,0.049999997
237.58148130370085,0.055
237.58152930446886,0.055
237.58157730523686,0.055
237.5816253060049,0.06
237.5816733067729,0.049999997
237.5817213075409,0.049999997
237.5817693083089,0.055
237.58181730907694,0.055
237.58186530984494,0.055
237.58191331061295,0.049999997
237.58196131138098,0.055
237.58200931214898,0.049999997
237.582057312917,0.055
237.582105313685,0.049999997
237.58215331445302,0.049999997
237.58220131522103,0.055
237.58224931598903,0.055
237.58229731675706,0.055
237.58234531752507,0.06
237.58239331829307,0.049999997
237.5824413190611,0.06
237.5824893198291,0.055
237.5825373205971,0.06
237.58258532136512,0.055
237.58263332213315,0.065
237.58268132290115,0.055
237.58272932366916,0.065
237.5827773244372,0.055
237.5828253252052,0.065
237.5828733259732,0.055
237.5829213267412,0.049999997
237.58296932750923,0.055
237.58301732827724,0.06
237.58306532904524,0.055
237.58311332981327,0.055
237.58316133058128,0.049999997
237.58320933134928,0.055
237.5832573321173,0.049999997
237.58330533288532,0.055
237.58335333365332,0.049999997
237.58340133442132,0.055
237.58344933518936,0.055
237.58349733595736,0.049999997
237.58354533672536,0.049999997
237.5835933374934,0.055
237.5836413382614,0.055
237.5836893390294,0.055
237.5837373397974,0.055
237.58378534056544,0.055
237.58383334133345,0.055
237.58388134210145,0.055
237.58392934286948,0.055
237.58397734363749,0.055
237.5840253444055,0.055
237.58407334517352,0.055
237.58412134594153,0.055
237.58416934670953,0.055
237.58421734747753,0.055
237.58426534824557,0.055
237.58431334901357,0.055
237.58436134978157,0.055
237.5844093505496,0.06
237.5844573513176,0.049999997
237.5845053520856,0.049999997
237.58455335285362,0.055
237.58460135362165,0.049999997
237.58464935438965,0.055
237.58469735515766,0.049999997
237.5847453559257,0.055
237.5847933566937,0.055
237.5848413574617,0.06
237.58488935822973,0.055
237.58493735899773,0.055
237.58498535976574,0.055
237.58503336053374,0.055
237.58508136130177,0.055
237.58512936206978,0.049999997
237.58517736283778,0.049999997
237.58522536360582,0.06
237.58527336437382,0.055
237.58532136514182,0.06
237.58536936590983,0.06
237.58541736667786,0.06
237.58546536744586,0.055
237.58551336821387,0.049999997
237.5855613689819,0.049999997
237.5856093697499,0.06
237.5856573705179,0.055
237.58570537128594,0.055
237.58575337205394,0.055
237.58580137282195,0.06
237.58584937358995,0.049999997
237.58589737435798,0.055
237.585945375126,0.049999997
237.585993375894,0.06
237.58604137666202,0.055
237.58608937743003,0.06
237.58613737819803,0.049999997
237.58618537896604,0.06
237.58623337973407,0.055
237.58628138050207,0.06
237.58632938127008,0.055
237.5863773820381,0.055
237.5864253828061,0.06
237.58647338357412,0.055
237.58652138434215,0.055
237.58656938511015,0.06
237.58661738587816,0.055
237.58666538664616,0.055
237.5867133874142,0.055
237.5867613881822,0.055
237.5868093889502,0.055
237.58685738971823,0.06
237.58690539048624,0.055
237.58695339125424,0.055
237.58700139202224,0.055
237.58704939279028,0.055
237.58709739355828,0.055
237.58714539432628,0.055
237.58719339509432,0.049999997
237.58724139586232,0.06
237.58728939663033,0.055
237.58733739739836,0.055
237.58738539816636,0.055
237.58743339893437,0.055
237.58748139970237,0.055
237.5875294004704,0.049999997
237.5875774012384,0.055
237.5876254020064,0.055
237.58767340277444,0.06
237.58772140354245,0.055
237.58776940431045,0.055
237.58781740507845,0.06
237.5878654058465,0.055
237.5879134066145,0.06
237.5879614073825,0.055
237.58800940815053,0.055
237.58805740891853,0.055
237.58810540968653,0.055
237.58815341045457,0.06
237.58820141122257,0.049999997
237.58824941199057,0.049999997
237.58829741275858,0.055
237.5883454135266,0.055
237.58839341429461,0.055
237.58844141506262,0.049999997
237.58848941583065,0.055
237.58853741659865,0.055
237.58858541736666,0.055
237.58863341813466,0.055
237.5886814189027,0.055
237.5887294196707,0.055
237.5887774204387,0.055
237.58882542120674,0.055
237.58887342197474,0.055
237.58892142274274,0.055
237.58896942351078,0.055
237.58901742427878,0.055
237.58906542504678,0.055
237.5891134258148,0.055
237.58916142658282,0.049999997
237.58920942735082,0.055
237.58925742811883,0.055
237.58930542888686,0.055
237.58935342965486,0.055
237.58940143042287,0.055
237.58944943119087,0.049999997
237.5894974319589,0.055
237.5895454327269,0.055
237.5895934334949,0.06
237.58964143426294,0.055
237.58968943503095,0.055
237.58973743579895,0.055
237.58978543656698,0.055
237.589833437335,0.049999997
237.589881438103,0.049999997
237.589929438871,0.044999998
237.58997743963903,0.055
237.59002544040703,0.049999997
237.59007344117504,0.049999997
237.59012144194307,0.055
237.59016944271107,0.049999997
237.59021744347908,0.049999997
237.59026544424708,0.055
237.5903134450151,0.049999997
237.59036144578312,0.055
237.59040944655112,0.055
237.59045744731915,0.06
237.59050544808716,0.049999997
237.59055344885516,0.065
237.5906014496232,0.055
237.5906494503912,0.049999997
237.5906974511592,0.049999997
237.5907454519272,0.049999997
237.59079345269524,0.055
237.59084145346324,0.049999997
237.59088945423125,0.049999997
237.59093745499928,0.055
237.59098545576728,0.055
237.59103345653529,0.06
237.5910814573033,0.055
237.59112945807132,0.06
237.59117745883933,0.055
237.59122545960733,0.06
237.59127346037536,0.055
237.59132146114337,0.06
237.59136946191137,0.044999998
237.5914174626794,0.055
237.5914654634474,0.055
237.5915134642154,0.049999997
237.5915614649834,0.055
237.59160946575145,0.049999997
237.59165746651945,0.055
237.59170546728745,0.055
237.5917534680555,0.049999997
237.5918014688235,0.055
237.5918494695915,0.06
237.5918974703595,0.055
237.59194547112753,0.049999997
237.59199347189553,0.055
237.59204147266354,0.049999997
237.59208947343157,0.055
237.59213747419957,0.055
237.59218547496758,0.06
237.5922334757356,0.049999997
237.59228147650362,0.055
237.59232947727162,0.049999997
237.59237747803962,0.055
237.59242547880766,0.049999997
237.59247347957566,0.055
237.59252148034366,0.049999997
237.5925694811117,0.055
237.5926174818797,0.049999997
237.5926654826477,0.055
237.5927134834157,0.06
237.59276148418374,0.055
237.59280948495174,0.055
237.59285748571975,0.055
237.59290548648778,0.055
237.59295348725578,0.055
237.5930014880238,0.055
237.59304948879182,0.055
237.59309748955982,0.055
237.59314549032783,0.055
237.59319349109583,0.055
237.59324149186386,0.049999997
237.59328949263187,0.06
237.59333749339987,0.055
237.5933854941679,0.049999997
237.5934334949359,0.049999997
237.5934814957039,0.055
237.59352949647192,0.049999997
237.59357749723995,0.055
237.59362549800795,0.055
237.59367349877596,0.049999997
237.593721499544,0.055
237.593769500312,0.049999997
237.59381750108,0.049999997
237.59386550184803,0.049999997
237.59391350261603,0.049999997
237.59396150338404,0.049999997
237.59400950415204,0.055
237.59405750492007,0.055
237.59410550568808,0.055
237.59415350645608,0.055
237.5942015072241,0.06
237.59424950799212,0.055
237.59429750876012,0.049999997
237.59434550952813,0.049999997
237.59439351029616,0.065
237.59444151106416,0.055
237.59448951183217,0.06
237.5945375126002,0.055
237.5945855133682,0.06
237.5946335141362,0.049999997
237.59468151490424,0.055
237.59472951567224,0.049999997
237.59477751644025,0.06
237.59482551720825,0.049999997
237.59487351797628,0.055
237.5949215187443,0.049999997
237.5949695195123,0.055
237.59501752028032,0.055
237.59506552104833,0.049999997
237.59511352181633,0.055
237.59516152258433,0.06
237.59520952335237,0.055
237.59525752412037,0.06
237.59530552488837,0.055
237.5953535256564,0.049999997
237.5954015264244,0.06
237.59544952719241,0.06
237.59549752796045,0.055
237.59554552872845,0.055
237.59559352949645,0.049999997
237.59564153026446,0.055
237.5956895310325,0.049999997
237.5957375318005,0.055
237.5957855325685,0.049999997
237.59583353333653,0.055
237.59588153410454,0.049999997
237.59592953487254,0.049999997
237.59597753564054,0.049999997
237.59602553640858,0.055
237.59607353717658,0.049999997
237.59612153794458,0.055
237.59616953871262,0.049999997
237.59621753948062,0.055
237.59626554024862,0.055
237.59631354101666,0.055
237.59636154178466,0.049999997
237.59640954255266,0.06
237.59645754332067,0.055
237.5965055440887,0.055
237.5965535448567,0.049999997
237.5966015456247,0.055
237.59664954639274,0.049999997
237.59669754716074,0.06
237.59674554792875,0.055
237.59679354869675,0.044999998
237.59684154946478,0.055
237.5968895502328,0.049999997
237.5969375510008,0.055
237.59698555176882,0.049999997
237.59703355253683,0.055
237.59708155330483,0.055
237.59712955407286,0.055
237.59717755484087,0.055
237.59722555560887,0.055
237.59727355637688,0.06
237.5973215571449,0.055
237.5973695579129,0.055
237.59741755868092,0.055
237.59746555944895,0.055
237.59751356021695,0.049999997
237.59756156098496,0.055
237.59760956175296,0.055
237.597657562521,0.055
237.597705563289,0.055
237.597753564057,0.055
237.59780156482503,0.055
237.59784956559304,0.049999997
237.59789756636104,0.055
237.59794556712905,0.055
237.59799356789708,0.06
237.59804156866508,0.049999997
237.59808956943309,0.055
237.59813757020112,0.049999997
237.59818557096912,0.055
237.59823357173713,0.055
237.59828157250516,0.055
237.59832957327316,0.049999997
237.59837757404117,0.049999997
237.59842557480917,0.055
237.5984735755772,0.055
237.5985215763452,0.055
237.5985695771132,0.055
237.59861757788124,0.055
237.59866557864925,0.049999997
237.59871357941725,0.055
237.59876158018525,0.049999997
237.5988095809533,0.055
237.5988575817213,0.06
237.5989055824893,0.055
237.59895358325733,0.06
237.59900158402533,0.055
237.59904958479333,0.049999997
237.59909758556137,0.055
237.59914558632937,0.049999997
237.59919358709737,0.06
237.59924158786538,0.049999997
237.5992895886334,0.049999997
237.59933758940142,0.055
237.59938559016942,0.055
237.59943359093745,0.055
237.59948159170546,0.049999997
237.59952959247346,0.055
237.59957759324146,0.055
237.5996255940095,0.055
237.5996735947775,0.055
237.5997215955455,0.055
237.59976959631354,0.055
237.59981759708154,0.06
237.59986559784954,0.055
237.59991359861758,0.055
237.59996159938558,0.055
237.60000960015358,0.055
237.6000576009216,0.049999997
237.60010560168962,0.055
237.60015360245762,0.055
237.60020160322563,0.049999997
237.60024960399366,0.055
237.60029760476166,0.055
237.60034560552967,0.055
237.60039360629767,0.055
237.6004416070657,0.055
237.6004896078337,0.049999997
237.6005376086017,0.055
237.60058560936974,0.055
237.60063361013775,0.055
237.60068161090575,0.055
237.60072961167378,0.055
237.6007776124418,0.055
237.6008256132098,0.049999997
237.6008736139778,0.055
237.60092161474583,0.055
237.60096961551383,0.049999997
237.60101761628184,0.049999997
237.60106561704987,0.049999997
237.60111361781787,0.055
237.60116161858588,0.055
237.60120961935388,0.055
237.6012576201219,0.06
237.60130562088992,0.049999997
237.60135362165792,0.055
237.60140162242595,0.06
237.60144962319396,0.06
237.60149762396196,0.04
237.60154562473,0.055
237.601593625498,0.055
237.601641626266,0.049999997
237.601689627034,0.055
237.60173762780204,0.049999997
237.60178562857004,0.055
237.60183362933805,0.055
237.60188163010608,0.06
237.60192963087408,0.055
237.6019776316421,0.065
237.6020256324101,0.055
237.60207363317812,0.055
237.60212163394613,0.049999997
237.60216963471413,0.055
237.60221763548216,0.049999997
237.60226563625017,0.06
237.60231363701817,0.049999997
237.6023616377862,0.055
237.6024096385542,0.049999997
237.6024576393222,0.055
237.60250564009021,0.055
237.60255364085825,0.065
237.60260164162625,0.049999997
237.60264964239425,0.06
237.6026976431623,0.055
237.6027456439303,0.055
237.6027936446983,0.06
237.6028416454663,0.06
237.60288964623433,0.049999997
237.60293764700234,0.055
237.60298564777034,0.049999997
237.60303364853837,0.055
237.60308164930638,0.055
237.60312965007438,0.055
237.6031776508424,0.049999997
237.60322565161042,0.055
237.60327365237842,0.055
237.60332165314642,0.06
237.60336965391446,0.055
237.60341765468246,0.06
237.60346565545046,0.055
237.6035136562185,0.055
237.6035616569865,0.055
237.6036096577545,0.06
237.6036576585225,0.049999997
237.60370565929054,0.06
237.60375366005854,0.055
237.60380166082655,0.055
237.60384966159458,0.06
237.60389766236258,0.06
237.6039456631306,0.055
237.60399366389862,0.06
237.60404166466662,0.055
237.60408966543463,0.065
237.60413766620263,0.049999997
237.60418566697066,0.06
237.60423366773867,0.06
237.60428166850667,0.06
237.6043296692747,0.049999997
237.6043776700427,0.049999997
237.6044256708107,0.055
237.60447367157872,0.055
237.60452167234675,0.049999997
237.60456967311475,0.049999997
237.60461767388276,0.055
237.6046656746508,0.065
237.6047136754188,0.055
237.6047616761868,0.06
237.60480967695483,0.055
237.60485767772283,0.055
237.60490567849084,0.049999997
237.60495367925884,0.06
237.60500168002687,0.049999997
237.60504968079488,0.06
237.60509768156288,0.055
237.6051456823309,0.055
237.60519368309892,0.049999997
237.60524168386692,0.065
237.60528968463493,0.055
237.60533768540296,0.055
237.60538568617096,0.055
237.60543368693897,0.055
237.605481687707,0.055
237.605529688475,0.055
237.605577689243,0.049999997
237.60562569001104,0.055
237.60567369077904,0.049999997
237.60572169154705,0.06
237.60576969231505,0.06
237.60581769308308,0.055
237.6058656938511,0.049999997
237.6059136946191,0.06
237.60596169538712,0.049999997
237.60600969615513,0.055
237.60605769692313,0.049999997
237.60610569769113,0.06
237.60615369845917,0.049999997
237.60620169922717,0.06
237.60624969999517,0.049999997
237.6062977007632,0.06
237.6063457015312,0.06
237.60639370229921,0.06
237.60644170306725,0.06
237.60648970383525,0.06
237.60653770460326,0.055
237.60658570537126,0.055
237.6066337061393,0.055
237.6066817069073,0.049999997
237.6067297076753,0.055
237.60677770844333,0.055
237.60682570921134,0.055
237.60687370997934,0.049999997
237.60692171074734,0.055
237.60696971151538,0.055
237.60701771228338,0.049999997
237.60706571305138,0.055
237.60711371381942,0.055
237.60716171458742,0.055
237.60720971535542,0.049999997
237.60725771612346,0.06
237.60730571689146,0.055
237.60735371765946,0.049999997
237.60740171842747,0.06
237.6074497191955,0.049999997
237.6074977199635,0.049999997
237.6075457207315,0.055
237.60759372149954,0.055
237.60764172226754,0.049999997
237.60768972303555,0.055
237.60773772380355,0.049999997
237.60778572457158,0.049999997
237.6078337253396,0.055
237.6078817261076,0.06
237.60792972687562,0.055
237.60797772764363,0.055
237.60802572841163,0.055
237.60807372917967,0.055
237.60812172994767,0.049999997
237.60816973071567,0.055
237.60821773148368,0.06
237.6082657322517,0.049999997
237.6083137330197,0.055
237.60836173378772,0.049999997
237.60840973455575,0.049999997
237.60845773532375,0.049999997
237.60850573609176,0.055
237.60855373685976,0.055
237.6086017376278,0.055
237.6086497383958,0.06
237.6086977391638,0.049999997
237.60874573993183,0.055
237.60879374069984,0.049999997
237.60884174146784,0.06
237.60888974223587,0.049999997
237.60893774300388,0.055
237.60898574377188,0.049999997
237.6090337445399,0.06
237.60908174530792,0.055
237.60912974607592,0.055
237.60917774684393,0.049999997
237.60922574761196,0.055
237.60927374837996,0.049999997
237.60932174914797,0.055
237.60936974991597,0.055
237.609417750684,0.049999997
237.609465751452,0.06
237.60951375222,0.06
237.60956175298804,0.049999997
237.60960975375605,0.055
237.60965775452405,0.055
237.60970575529208,0.055
237.6097537560601,0.055
237.6098017568281,0.055
237.6098497575961,0.049999997
237.60989775836413,0.055
237.60994575913213,0.055
237.60999375990014,0.049999997
237.61004176066817,0.049999997
237.61008976143617,0.055
237.61013776220418,0.049999997
237.61018576297218,0.055
237.6102337637402,0.055
237.61028176450822,0.055
237.61032976527622,0.06
237.61037776604425,0.055
237.61042576681226,0.055
237.61047376758026,0.06
237.6105217683483,0.055
237.6105697691163,0.06
237.6106177698843,0.055
237.6106657706523,0.055
237.61071377142034,0.055
237.61076177218834,0.06
237.61080977295634,0.055
237.61085777372438,0.06
237.61090577449238,0.055
237.61095377526038,0.055
237.6110017760284,0.049999997
237.61104977679642,0.06
237.61109777756442,0.055
237.61114577833243,0.06
237.61119377910046,0.049999997
237.61124177986846,0.055
237.61128978063647,0.055
237.6113377814045,0.06
237.6113857821725,0.06
237.6114337829405,0.049999997
237.6114817837085,0.049999997
237.61152978447655,0.049999997
237.61157778524455,0.055
237.61162578601255,0.055
237.61167378678059,0.049999997
237.6117217875486,0.055
237.6117697883166,0.055
237.6118177890846,0.055
237.61186578985263,0.055
237.61191379062063,0.049999997
237.61196179138864,0.06
237.61200979215667,0.049999997
237.61205779292467,0.06
237.61210579369268,0.049999997
237.6121537944607,0.06
237.6122017952287,0.055
237.61224979599672,0.049999997
237.61229779676472,0.055
237.61234579753275,0.06
237.61239379830076,0.055
237.61244179906876,0.06
237.6124897998368,0.055
237.6125378006048,0.06
237.6125858013728,0.06
237.6126338021408,0.06
237.61268180290884,0.055
237.61272980367684,0.065
237.61277780444485,0.055
237.61282580521288,0.06
237.61287380598088,0.055
237.6129218067489,0.065
237.61296980751692,0.055
237.61301780828492,0.06
237.61306580905293,0.055
237.61311380982093,0.049999997
237.61316181058896,0.049999997
237.61320981135697,0.055
237.61325781212497,0.049999997
237.613305812893,0.06
237.613353813661,0.049999997
237.613401814429,0.055
237.61344981519701,0.049999997
237.61349781596505,0.055
237.61354581673305,0.055
237.61359381750106,0.06
237.6136418182691,0.055
237.6136898190371,0.055
237.6137378198051,0.055
237.61378582057313,0.06
237.61383382134113,0.049999997
237.61388182210914,0.055
237.61392982287714,0.055
237.61397782364517,0.055
237.61402582441318,0.055
237.61407382518118,0.06
237.6141218259492,0.055
237.61416982671722,0.055
237.61421782748522,0.049999997
237.61426582825322,0.055
237.61431382902126,0.055
237.61436182978926,0.06
237.61440983055726,0.049999997
237.6144578313253,0.055
237.6145058320933,0.049999997
237.6145538328613,0.055
237.61460183362934,0.055
237.61464983439734,0.06
237.61469783516534,0.055
237.61474583593335,0.055
237.61479383670138,0.055
237.61484183746938,0.055
237.6148898382374,0.055
237.61493783900542,0.049999997
237.61498583977342,0.055
237.61503384054143,0.055
237.61508184130943,0.055
237.61512984207747,0.055
237.61517784284547,0.049999997
237.61522584361347,0.049999997
237.6152738443815,0.06
237.6153218451495,0.049999997
237.6153698459175,0.055
237.61541784668555,0.06
237.61546584745355,0.049999997
237.61551384822155,0.049999997
237.61556184898956,0.055
237.6156098497576,0.044999998
237.6156578505256,0.049999997
237.6157058512936,0.049999997
237.61575385206163,0.049999997
237.61580185282963,0.049999997
237.61584985359764,0.055
237.61589785436564,0.044999998
237.61594585513367,0.055
237.61599385590168,0.055
237.61604185666968,0.06
237.61608985743771,0.055
237.61613785820572,0.06
237.61618585897372,0.06
237.61623385974175,0.06
237.61628186050976,0.055
237.61632986127776,0.06
237.61637786204577,0.06
237.6164258628138,0.055
237.6164738635818,0.055
237.6165218643498,0.049999997
237.61656986511784,0.055
237.61661786588584,0.049999997
237.61666586665385,0.049999997
237.61671386742185,0.055
237.61676186818988,0.055
237.6168098689579,0.055
237.6168578697259,0.049999997
237.61690587049392,0.06
237.61695387126193,0.055
237.61700187202993,0.055
237.61704987279796,0.055
237.61709787356597,0.06
237.61714587433397,0.055
237.61719387510198,0.055
237.61724187587,0.055
237.617289876638,0.055
237.61733787740602,0.055
237.61738587817405,0.055
237.61743387894205,0.055
237.61748187971006,0.055
237.61752988047806,0.055
237.6175778812461,0.055
237.6176258820141,0.055
237.6176738827821,0.049999997
237.61772188355013,0.055
237.61776988431814,0.055
237.61781788508614,0.055
237.61786588585417,0.049999997
237.61791388662218,0.055
237.61796188739018,0.055
237.61800988815818,0.055
237.61805788892622,0.055
237.61810588969422,0.055
237.61815389046222,0.055
237.61820189123026,0.055
237.61824989199826,0.049999997
237.61829789276626,0.049999997
237.61834589353427,0.06
237.6183938943023,0.055
237.6184418950703,0.049999997
237.6184898958383,0.055
237.61853789660634,0.055
237.61858589737434,0.055
237.61863389814235,0.049999997
237.61868189891038,0.044999998
237.61872989967839,0.055
237.6187779004464,0.055
237.6188259012144,0.049999997
237.61887390198243,0.055
237.61892190275043,0.055
237.61896990351843,0.049999997
237.61901790428647,0.055
237.61906590505447,0.055
237.61911390582247,0.055
237.61916190659048,0.055
237.6192099073585,0.055
237.6192579081265,0.055
237.61930590889452,0.055
237.61935390966255,0.049999997
237.61940191043055,0.049999997
237.61944991119856,0.055
237.6194979119666,0.055
237.6195459127346,0.055
237.6195939135026,0.055
237.6196419142706,0.06
237.61968991503863,0.055
237.61973791580664,0.055
237.61978591657464,0.055
237.61983391734267,0.049999997
237.61988191811068,0.049999997
237.61992991887868,0.049999997
237.6199779196467,0.055
237.62002592041472,0.049999997
237.62007392118272,0.049999997
237.62012192195073,0.049999997
237.62016992271876,0.049999997
237.62021792348676,0.055
237.62026592425477,0.049999997
237.6203139250228,0.055
237.6203619257908,0.055
237.6204099265588,0.055
237.6204579273268,0.055
237.62050592809484,0.055
237.62055392886285,0.049999997
237.62060192963085,0.055
237.62064993039888,0.049999997
237.6206979311669,0.055
237.6207459319349,0.055
237.6207939327029,0.055
237.62084193347093,0.055
237.62088993423893,0.06
237.62093793500694,0.055
237.62098593577497,0.055
237.62103393654297,0.049999997
237.62108193731098,0.049999997
237.621129938079,0.049999997
237.621177938847,0.08
237.62122593961502,0.049999997
237.62127394038302,0.055
237.62132194115105,0.055
237.62136994191906,0.055
237.62141794268706,0.049999997
237.6214659434551,0.049999997
237.6215139442231,0.055
237.6215619449911,0.055
237.6216099457591,0.055
237.62165794652714,0.055
237.62170594729514,0.06
237.62175394806314,0.055
237.62180194883118,0.049999997
237.62184994959918,0.055
237.62189795036718,0.049999997
237.62194595113522,0.055
237.62199395190322,0.049999997
237.62204195267122,0.055
237.62208995343923,0.049999997
237.62213795420726,0.055
237.62218595497527,0.055
237.62223395574327,0.06
237.6222819565113,0.055
237.6223299572793,0.055
237.6223779580473,0.055
237.6224259588153,0.055
237.62247395958335,0.049999997
237.62252196035135,0.055
237.62256996111935,0.055
237.62261796188739,0.055
237.6226659626554,0.049999997
237.6227139634234,0.055
237.62276196419143,0.055
237.62280996495943,0.055
237.62285796572743,0.044999998
237.62290596649544,0.049999997
237.62295396726347,0.049999997
237.62300196803147,0.049999997
237.62304996879948,0.055
237.6230979695675,0.055
237.62314597033551,0.055
237.62319397110352,0.049999997
237.62324197187152,0.055
237.62328997263955,0.049999997
237.62333797340756,0.049999997
237.62338597417556,0.055
237.6234339749436,0.049999997
237.6234819757116,0.06
237.6235299764796,0.049999997
237.62357797724763,0.06
237.62362597801564,0.055
237.62367397878364,0.06
237.62372197955165,0.06
237.62376998031968,0.07
237.62381798108768,0.06
237.6238659818557,0.055
237.62391398262372,0.055
237.62396198339172,0.06
237.62400998415973,0.049999997
237.62405798492773,0.055
237.62410598569576,0.055
237.62415398646377,0.06
237.62420198723177,0.055
237.6242499879998,0.055
237.6242979887678,0.049999997
237.6243459895358,0.055
237.62439399030384,0.055
237.62444199107185,0.049999997
237.62448999183985,0.049999997
237.62453799260786,0.055
237.6245859933759,0.055
237.6246339941439,0.049999997
237.6246819949119,0.055
237.62472999567993,0.055
237.62477799644793,0.06
237.62482599721594,0.055
237.62487399798394,0.055
237.62492199875197,0.06
237.62496999951998,0.055
237.62501800028798,0.049999997
237.625066001056,0.055
237.62511400182402,0.049999997
237.62516200259202,0.055
237.62521000336005,0.06
237.62525800412806,0.049999997
237.62530600489606,0.049999997
237.62535400566406,0.055
237.6254020064321,0.055
237.6254500072001,0.055
237.6254980079681,0.055
237.62554600873614,0.055
237.62559400950414,0.06
237.62564201027214,-0.02
237.62569001104015,0.055
237.62573801180818,0.044999998
237.62578601257619,0.06
237.6258340133442,0.074999996
237.62588201411222,0.049999997
237.62593001488023,0.055
237.62597801564823,0.04
237.62602601641626,0.049999997
237.62607401718427,0.049999997
237.62612201795227,0.065
237.62617001872027,0.04
237.6262180194883,0.049999997
237.6262660202563,0.055
237.6263140210243,0.055
237.62636202179235,0.049999997
237.62641002256035,0.055
237.62645802332835,0.049999997
237.62650602409636,0.055
237.6265540248644,0.06
237.6266020256324,0.065
237.6266500264004,0.06
237.62669802716843,0.06
237.62674602793643,0.055
237.62679402870444,0.06
237.62684202947247,0.049999997
237.62689003024047,0.049999997
237.62693803100848,0.055
237.62698603177648,0.06
237.62703403254451,0.049999997
237.62708203331252,0.049999997
237.62713003408052,-0.02
237.62717803484855,0.055
237.62722603561656,0.055
237.62727403638456,0.06
237.62732203715257,0.055
237.6273700379206,0.07
237.6274180386886,0.055
237.6274660394566,0.055
237.62751404022464,0.055
237.62756204099264,0.049999997
237.62761004176065,0.055
237.62765804252868,0.06
237.62770604329668,0.06
237.6277540440647,0.055
237.6278020448327,0.055
237.62785004560072,0.065
237.62789804636873,0.055
237.62794604713673,0.06
237.62799404790476,0.055
237.62804204867277,0.06
237.62809004944077,0.055
237.62813805020878,0.065
237.6281860509768,0.055
237.6282340517448,0.055
237.62828205251282,0.06
237.62833005328085,0.065
237.62837805404885,0.06
237.62842605481686,0.065
237.6284740555849,0.055
237.6285220563529,0.055
237.6285700571209,0.049999997
237.6286180578889,0.049999997
237.62866605865693,0.06
237.62871405942494,0.065
237.62876206019294,0.049999997
237.62881006096097,0.055
237.62885806172898,0.055
237.62890606249698,0.055
237.62895406326498,0.049999997
237.62900206403302,0.055
237.62905006480102,0.049999997
237.62909806556902,0.049999997
237.62914606633706,0.049999997
237.62919406710506,0.055
237.62924206787307,0.049999997
237.6292900686411,0.044999998
237.6293380694091,0.049999997
237.6293860701771,0.049999997
237.6294340709451,0.044999998
237.62948207171314,0.06
237.62953007248115,0.049999997
237.62957807324915,0.06
237.62962607401718,0.055
237.62967407478519,0.049999997
237.6297220755532,0.055
237.6297700763212,0.065
237.62981807708923,0.06
237.62986607785723,0.055
237.62991407862523,0.06
237.62996207939327,0.06
237.63001008016127,0.06
237.63005808092927,0.06
237.6301060816973,0.055
237.6301540824653,0.049999997
237.6302020832333,0.055
237.63025008400132,0.06
237.63029808476935,0.055
237.63034608553735,0.049999997
237.63039408630536,0.049999997
237.6304420870734,0.055
237.6304900878414,0.06
237.6305380886094,0.06
237.6305860893774,0.055
237.63063409014543,0.06
237.63068209091344,0.055
237.63073009168144,0.06
237.63077809244948,0.06
237.63082609321748,0.055
237.63087409398548,0.055
237.63092209475352,0.055
237.63097009552152,0.049999997
237.63101809628952,0.055
237.63106609705753,0.055
237.63111409782556,0.049999997
237.63116209859356,0.049999997
237.63121009936157,0.06
237.6312581001296,0.055
237.6313061008976,0.06
237.6313541016656,0.055
237.6314021024336,0.055
237.63145010320164,0.049999997
237.63149810396965,0.055
237.63154610473765,0.049999997
237.63159410550568,0.055
237.6316421062737,0.055
237.6316901070417,0.055
237.63173810780972,0.055
237.63178610857773,0.055
237.63183410934573,0.055
237.63188211011374,0.055
237.63193011088177,0.049999997
237.63197811164977,0.049999997
237.63202611241778,0.055
237.6320741131858,0.055
237.6321221139538,0.049999997
237.63217011472182,0.055
237.63221811548982,0.055
237.63226611625785,0.055
237.63231411702586,0.055
237.63236211779386,0.055
237.6324101185619,0.049999997
237.6324581193299,0.055
237.6325061200979,0.055
237.63255412086593,0.055
237.63260212163394,0.06
237.63265012240194,0.055
237.63269812316994,0.055
237.63274612393798,0.049999997
237.63279412470598,0.049999997
237.63284212547399,0.049999997
237.63289012624202,0.055
237.63293812701002,0.044999998
237.63298612777803,0.049999997
237.63303412854603,0.055
237.63308212931406,0.049999997
237.63313013008207,0.065
237.63317813085007,0.055
237.6332261316181,0.06
237.6332741323861,0.06
237.6333221331541,0.055
237.63337013392214,0.055
237.63341813469015,0.055
237.63346613545815,0.055
237.63351413622615,0.049999997
237.6335621369942,0.055
237.6336101377622,0.049999997
237.6336581385302,0.055
237.63370613929823,0.049999997
237.63375414006623,0.055
237.63380214083423,0.049999997
237.63385014160224,0.055
237.63389814237027,0.055
237.63394614313827,0.055
237.63399414390628,0.055
237.6340421446743,0.055
237.63409014544231,0.055
237.63413814621032,0.055
237.63418614697835,0.055
237.63423414774635,0.055
237.63428214851436,0.06
237.63433014928236,0.055
237.6343781500504,0.06
237.6344261508184,0.055
237.6344741515864,0.055
237.63452215235444,0.055
237.63457015312244,0.055
237.63461815389044,0.06
237.63466615465845,0.055
237.63471415542648,0.055
237.63476215619448,0.055
237.6348101569625,0.055
237.63485815773052,0.049999997
237.63490615849852,0.055
237.63495415926653,0.06
237.63500216003456,0.055
237.63505016080256,0.049999997
237.63509816157057,0.055
237.63514616233857,0.055
237.6351941631066,0.049999997
237.6352421638746,0.049999997
237.6352901646426,0.055
237.63533816541064,0.049999997
237.63538616617865,0.055
237.63543416694665,0.055
237.63548216771466,0.055
237.6355301684827,0.06
237.6355781692507,0.049999997
237.6356261700187,0.055
237.63567417078673,0.055
237.63572217155473,0.055
237.63577017232274,0.049999997
237.63581817309077,0.049999997
237.63586617385877,0.055
237.63591417462678,0.055
237.63596217539478,0.055
237.6360101761628,0.055
237.63605817693082,0.055
237.63610617769882,0.049999997
237.63615417846685,0.049999997
237.63620217923486,0.049999997
237.63625018000286,0.055
237.63629818077086,0.055
237.6363461815389,0.055
237.6363941823069,0.055
237.6364421830749,0.049999997
237.63649018384294,0.049999997
237.63653818461094,0.06
237.63658618537895,0.055
237.63663418614698,0.06
237.63668218691498,0.049999997
237.63673018768299,0.055
237.636778188451,0.049999997
237.63682618921902,0.055
237.63687418998703,0.055
237.63692219075503,0.055
237.63697019152306,0.049999997
237.63701819229107,0.06
237.63706619305907,0.049999997
237.63711419382707,0.06
237.6371621945951,0.049999997
237.6372101953631,0.055
237.6372581961311,0.049999997
237.63730619689915,0.06
237.63735419766715,0.049999997
237.63740219843515,0.055
237.6374501992032,0.049999997
237.6374981999712,0.055
237.6375462007392,0.049999997
237.6375942015072,0.049999997
237.63764220227523,0.055
237.63769020304323,0.055
237.63773820381124,0.055
237.63778620457927,0.049999997
237.63783420534727,0.055
237.63788220611528,0.055
237.63793020688328,0.055
237.63797820765132,0.049999997
237.63802620841932,0.055
237.63807420918732,0.055
237.63812220995536,0.055
237.63817021072336,0.049999997
237.63821821149136,0.044999998
237.6382662122594,0.049999997
237.6383142130274,0.055
237.6383622137954,0.049999997
237.6384102145634,0.055
237.63845821533144,0.049999997
237.63850621609944,0.055
237.63855421686745,0.049999997
237.63860221763548,0.049999997
237.63865021840348,0.049999997
237.6386982191715,0.055
237.6387462199395,0.049999997
237.63879422070752,0.049999997
237.63884222147553,0.055
237.63889022224353,0.049999997
237.63893822301156,0.055
237.63898622377957,0.055
237.63903422454757,0.049999997
237.6390822253156,0.055
237.6391302260836,0.049999997
237.6391782268516,0.049999997
237.63922622761962,0.049999997
237.63927422838765,0.049999997
237.63932222915565,0.055
237.63937022992366,0.055
237.6394182306917,0.049999997
237.6394662314597,0.049999997
237.6395142322277,0.055
237.6395622329957,0.049999997
237.63961023376373,0.049999997
237.63965823453174,0.049999997
237.63970623529974,0.055
237.63975423606777,0.049999997
237.63980223683578,0.055
237.63985023760378,0.044999998
237.6398982383718,0.055
237.63994623913982,0.049999997
237.63999423990782,0.055
237.64004224067583,0.055
237.64009024144386,0.055
237.64013824221186,0.049999997
237.64018624297987,0.055
237.6402342437479,0.049999997
237.6402822445159,0.055
237.6403302452839,0.06
237.6403782460519,0.06
237.64042624681994,0.049999997
237.64047424758795,0.06
237.64052224835595,0.055
237.64057024912398,0.049999997
237.640618249892,0.055
237.64066625066,0.055
237.64071425142802,0.055
237.64076225219603,0.049999997
237.64081025296403,0.049999997
237.64085825373203,0.055
237.64090625450007,0.055
237.64095425526807,0.06
237.64100225603607,0.049999997
237.6410502568041,0.06
237.6410982575721,0.055
237.64114625834011,0.055
237.64119425910812,0.049999997
237.64124225987615,0.055
237.64129026064415,0.055
237.64133826141216,0.055
237.6413862621802,0.055
237.6414342629482,0.055
237.6414822637162,0.06
237.6415302644842,0.06
237.64157826525224,0.06
237.64162626602024,0.049999997
237.64167426678824,0.049999997
237.64172226755628,0.049999997
237.64177026832428,0.06
237.64181826909228,0.06
237.64186626986032,0.055
237.64191427062832,0.055
237.64196227139632,0.049999997
237.64201027216433,0.055
237.64205827293236,0.055
237.64210627370036,0.06
237.64215427446837,0.055
237.6422022752364,0.055
237.6422502760044,0.055
237.6422982767724,0.055
237.6423462775404,0.055
237.64239427830844,0.049999997
237.64244227907645,0.049999997
237.64249027984445,0.055
237.64253828061248,0.055
237.6425862813805,0.055
237.6426342821485,0.055
237.64268228291652,0.06
237.64273028368453,0.055
237.64277828445253,0.055
237.64282628522054,0.06
237.64287428598857,0.049999997
237.64292228675657,0.049999997
237.64297028752458,0.055
237.6430182882926,0.055
237.6430662890606,0.049999997
237.64311428982862,0.055
237.64316229059662,0.055
237.64321029136465,0.055
237.64325829213266,0.055
237.64330629290066,0.055
237.6433542936687,0.049999997
237.6434022944367,0.055
237.6434502952047,0.055
237.64349829597273,0.055
237.64354629674074,0.055
237.64359429750874,0.049999997
237.64364229827675,0.049999997
237.64369029904478,0.055
237.64373829981278,0.049999997
237.64378630058079,0.049999997
237.64383430134882,0.055
237.64388230211682,0.049999997
237.64393030288483,0.049999997
237.64397830365283,0.055
237.64402630442086,0.055
237.64407430518887,0.049999997
237.64412230595687,0.055
237.6441703067249,0.044999998
237.6442183074929,0.055
237.6442663082609,0.049999997
237.64431430902894,0.049999997
237.64436230979695,0.049999997
237.64441031056495,0.049999997
237.64445831133295,0.049999997
237.644506312101,0.055
237.644554312869,0.049999997
237.644602313637,0.049999997
237.64465031440503,0.06
237.64469831517303,0.049999997
237.64474631594103,0.049999997
237.64479431670904,0.055
237.64484231747707,0.055
237.64489031824507,0.049999997
237.64493831901308,0.049999997
237.6449863197811,0.049999997
237.64503432054912,0.049999997
237.64508232131712,0.049999997
237.64513032208515,0.049999997
237.64517832285316,0.055
237.64522632362116,0.049999997
237.64527432438916,0.049999997
237.6453223251572,0.049999997
237.6453703259252,0.055
237.6454183266932,0.055
237.64546632746124,0.055
237.64551432822924,0.049999997
237.64556232899724,0.06
237.64561032976525,0.06
237.64565833053328,0.055
237.64570633130128,0.049999997
237.6457543320693,0.055
237.64580233283732,0.049999997
237.64585033360532,0.055
237.64589833437333,0.055
237.64594633514136,0.055
237.64599433590936,0.049999997
237.64604233667737,0.055
237.64609033744537,0.049999997
237.6461383382134,0.049999997
237.6461863389814,0.055
237.6462343397494,0.049999997
237.64628234051744,0.055
237.64633034128545,0.049999997
237.64637834205345,0.049999997
237.64642634282146,0.06
237.6464743435895,0.049999997
237.6465223443575,0.049999997
237.6465703451255,0.055
237.64661834589353,0.055
237.64666634666153,0.049999997
237.64671434742954,0.055
237.64676234819757,0.049999997
237.64681034896557,0.049999997
237.64685834973358,0.049999997
237.64690635050158,0.049999997
237.6469543512696,0.049999997
237.64700235203762,0.049999997
237.64705035280562,0.044999998
237.64709835357365,0.049999997
237.64714635434166,0.055
237.64719435510966,0.049999997
237.64724235587767,0.055
237.6472903566457,0.049999997
237.6473383574137,0.055
237.6473863581817,0.049999997
237.64743435894974,0.06
237.64748235971774,0.049999997
237.64753036048575,0.06
237.64757836125378,0.049999997
237.64762636202178,0.055
237.6476743627898,0.049999997
237.6477223635578,0.055
237.64777036432582,0.049999997
237.64781836509383,0.06
237.64786636586183,0.044999998
237.64791436662986,0.055
237.64796236739787,0.049999997
237.64801036816587,0.055
237.64805836893387,0.049999997
237.6481063697019,0.055
237.6481543704699,0.049999997
237.64820237123791,0.055
237.64825037200595,0.049999997
237.64829837277395,0.049999997
237.64834637354195,0.055
237.64839437431,0.055
237.648442375078,0.049999997
237.648490375846,0.055
237.648538376614,0.049999997
237.64858637738203,0.055
237.64863437815004,0.055
237.64868237891804,0.055
237.64873037968607,0.049999997
237.64877838045408,0.055
237.64882638122208,0.049999997
237.64887438199008,0.06
237.64892238275812,0.049999997
237.64897038352612,0.055
237.64901838429412,0.049999997
237.64906638506216,0.06
237.64911438583016,0.049999997
237.64916238659816,0.06
237.6492103873662,0.055
237.6492583881342,0.049999997
237.6493063889022,0.049999997
237.6493543896702,0.055
237.64940239043824,0.055
237.64945039120624,0.06
237.64949839197425,0.055
237.64954639274228,0.055
237.64959439351028,0.06
237.6496423942783,0.055
237.6496903950463,0.055
237.64973839581432,0.06
237.64978639658233,0.055
237.64983439735033,0.049999997
237.64988239811836,0.055
237.64993039888637,0.049999997
237.64997839965437,0.055
237.6500264004224,0.055
237.6500744011904,0.055
237.6501224019584,0.055
237.65017040272642,0.049999997
237.65021840349445,0.055
237.65026640426245,0.055
237.65031440503046,0.055
237.6503624057985,0.049999997
237.6504104065665,0.06
237.6504584073345,0.055
237.6505064081025,0.055
237.65055440887053,0.06
237.65060240963854,0.055
237.65065041040654,0.049999997
237.65069841117457,0.055
237.65074641194258,0.049999997
237.65079441271058,0.049999997
237.6508424134786,0.055
237.65089041424662,0.049999997
237.65093841501462,0.055
237.65098641578263,0.049999997
237.65103441655066,0.055
237.65108241731866,0.049999997
237.65113041808667,0.055
237.6511784188547,0.049999997
237.6512264196227,0.065
237.6512744203907,0.055
237.6513224211587,0.055
237.65137042192674,0.06
237.65141842269475,0.06
237.65146642346275,0.055
237.65151442423078,0.049999997
237.6515624249988,0.07
237.6516104257668,0.055
237.65165842653482,0.049999997
237.65170642730283,0.049999997
237.65175442807083,0.055
237.65180242883883,0.049999997
237.65185042960687,0.049999997
237.65189843037487,0.049999997
237.65194643114287,0.055
237.6519944319109,0.049999997
237.6520424326789,0.055
237.65209043344692,0.049999997
237.65213843421492,0.055
237.65218643498295,0.049999997
237.65223443575096,0.055
237.65228243651896,0.049999997
237.652330437287,0.06
237.652378438055,0.055
237.652426438823,0.055
237.65247443959103,0.049999997
237.65252244035904,0.055
237.65257044112704,0.055
237.65261844189504,0.055
237.65266644266308,0.049999997
237.65271444343108,0.055
237.65276244419908,0.049999997
237.65281044496712,0.055
237.65285844573512,0.049999997
237.65290644650312,0.055
237.65295444727113,0.049999997
237.65300244803916,0.055
237.65305044880716,0.049999997
237.65309844957517,0.049999997
237.6531464503432,0.055
237.6531944511112,0.049999997
237.6532424518792,0.055
237.65329045264724,0.049999997
237.65333845341524,0.055
237.65338645418325,0.049999997
237.65343445495125,0.055
237.65348245571928,0.06
237.6535304564873,0.049999997
237.6535784572553,0.055
237.65362645802333,0.049999997
237.65367445879133,0.055
237.65372245955933,0.055
237.65377046032734,0.049999997
237.65381846109537,0.049999997
237.65386646186337,0.055
237.65391446263138,0.049999997
237.6539624633994,0.055
237.6540104641674,0.055
237.65405846493542,0.055
237.65410646570345,0.049999997
237.65415446647145,0.055
237.65420246723946,0.049999997
237.65425046800746,0.055
237.6542984687755,0.049999997
237.6543464695435,0.055
237.6543944703115,0.055
237.65444247107953,0.055
237.65449047184754,0.049999997
237.65453847261554,0.055
237.65458647338355,0.049999997
237.65463447415158,0.055
237.65468247491958,0.049999997
237.6547304756876,0.044999998
237.65477847645562,0.055
237.65482647722362,0.049999997
237.65487447799163,0.055
237.65492247875966,0.055
237.65497047952766,0.049999997
237.65501848029567,0.055
237.65506648106367,0.06
237.6551144818317,0.055
237.6551624825997,0.055
237.6552104833677,0.049999997
237.65525848413574,0.049999997
237.65530648490375,0.049999997
237.65535448567175,0.049999997
237.65540248643975,0.055
237.6554504872078,0.049999997
237.6554984879758,0.055
237.6555464887438,0.049999997
237.65559448951183,0.049999997
237.65564249027983,0.055
237.65569049104784,0.049999997
237.65573849181587,0.055
237.65578649258387,0.055
237.65583449335188,0.049999997
237.65588249411988,0.049999997
237.6559304948879,0.049999997
237.65597849565592,0.049999997
237.65602649642392,0.055
237.65607449719195,0.055
237.65612249795996,0.055
237.65617049872796,0.055
237.65621849949596,0.055
237.656266500264,0.055
237.656314501032,0.055
237.6563625018,0.055
237.65641050256804,0.049999997
237.65645850333604,0.055
237.65650650410404,0.055
237.65655450487208,0.055
237.65660250564008,0.055
237.65665050640808,0.049999997
237.6566985071761,0.049999997
237.65674650794412,0.055
237.65679450871212,0.049999997
237.65684250948013,0.055
237.65689051024816,0.055
237.65693851101616,0.049999997
237.65698651178417,0.055
237.65703451255217,0.049999997
237.6570825133202,0.049999997
237.6571305140882,0.049999997
237.6571785148562,0.049999997
237.65722651562425,0.049999997
237.65727451639225,0.049999997
237.65732251716025,0.055
237.65737051792829,0.049999997
237.6574185186963,0.055
237.6574665194643,0.049999997
237.6575145202323,0.049999997
237.65756252100033,0.044999998
237.65761052176833,0.055
237.65765852253634,0.049999997
237.65770652330437,0.055
237.65775452407237,0.049999997
237.65780252484038,0.055
237.65785052560838,0.049999997
237.6578985263764,0.055
237.65794652714442,0.055
237.65799452791242,0.055
237.65804252868045,0.055
237.65809052944846,0.06
237.65813853021646,0.049999997
237.6581865309845,0.065
237.6582345317525,0.055
237.6582825325205,0.049999997
237.6583305332885,0.055
237.65837853405654,0.055
237.65842653482454,0.055
237.65847453559255,0.049999997
237.65852253636058,0.049999997
237.65857053712858,0.049999997
237.6586185378966,0.049999997
237.6586665386646,0.049999997
237.65871453943262,0.055
237.65876254020063,0.049999997
237.65881054096863,0.055
237.65885854173666,0.049999997
237.65890654250467,0.055
237.65895454327267,0.055
237.6590025440407,0.055
237.6590505448087,0.06
237.6590985455767,0.055
237.65914654634472,0.055
237.65919454711275,0.055
237.65924254788075,0.055
237.65929054864876,0.049999997
237.6593385494168,0.055
237.6593865501848,0.049999997
237.6594345509528,0.055
237.6594825517208,0.055
237.65953055248883,0.049999997
237.65957855325684,0.055
237.65962655402484,0.055
237.65967455479287,0.049999997
237.65972255556088,0.049999997
237.65977055632888,0.055
237.6598185570969,0.049999997
237.65986655786492,0.055
237.65991455863292,0.055
237.65996255940092,0.049999997
237.66001056016896,0.049999997
237.66005856093696,0.055
237.66010656170496,0.049999997
237.660154562473,0.055
237.660202563241,0.055
237.660250564009,0.055
237.660298564777,0.049999997
237.66034656554504,0.049999997
237.66039456631304,0.055
237.66044256708105,0.049999997
237.66049056784908,0.055
237.66053856861708,0.055
237.6605865693851,0.06
237.66063457015312,0.049999997
237.66068257092113,0.06
237.66073057168913,0.049999997
237.66077857245713,0.055
237.66082657322517,0.055
237.66087457399317,0.049999997
237.66092257476117,0.055
237.6609705755292,0.055
237.6610185762972,0.06
237.6610665770652,0.044999998
237.66111457783322,0.055
237.66116257860125,0.049999997
237.66121057936925,0.055
237.66125858013726,0.049999997
237.6613065809053,0.06
237.6613545816733,0.055
237.6614025824413,0.06
237.66145058320933,0.049999997
237.66149858397733,0.055
237.66154658474534,0.065
237.66159458551334,0.055
237.66164258628137,0.06
237.66169058704938,0.049999997
237.66173858781738,0.055
237.66178658858541,0.055
237.66183458935342,0.06
237.66188259012142,0.055
237.66193059088943,0.049999997
237.66197859165746,0.049999997
237.66202659242546,0.049999997
237.66207459319347,0.049999997
237.6621225939615,0.055
237.6621705947295,0.055
237.6622185954975,0.049999997
237.66226659626554,0.049999997
237.66231459703354,0.049999997
237.66236259780155,0.055
237.66241059856955,0.049999997
237.66245859933758,0.055
237.6625066001056,0.055
237.6625546008736,0.055
237.66260260164162,0.06
237.66265060240963,0.055
237.66269860317763,0.06
237.66274660394564,0.055
237.66279460471367,0.055
237.66284260548167,0.055
237.66289060624968,0.055
237.6629386070177,0.055
237.6629866077857,0.055
237.66303460855372,0.055
237.66308260932175,0.06
237.66313061008975,0.06
237.66317861085776,0.06
237.66322661162576,0.055
237.6632746123938,0.06
237.6633226131618,0.049999997
237.6633706139298,0.06
237.66341861469783,0.055
237.66346661546584,0.055
237.66351461623384,0.049999997
237.66356261700184,0.06
237.66361061776988,0.055
237.66365861853788,0.055
237.66370661930588,0.055
237.66375462007392,0.055
237.66380262084192,0.049999997
237.66385062160992,0.065
237.66389862237796,0.055
237.66394662314596,0.055
237.66399462391396,0.06
237.66404262468197,0.06
237.66409062545,0.055
237.664138626218,0.055
237.664186626986,0.055
237.66423462775404,0.055
237.66428262852205,0.049999997
237.66433062929005,0.049999997
237.66437863005805,0.055
237.66442663082609,0.06
237.6644746315941,0.049999997
237.6645226323621,0.055
237.66457063313013,0.055
237.66461863389813,0.06
237.66466663466613,0.049999997
237.66471463543417,0.06
237.66476263620217,0.055
237.66481063697017,0.06
237.66485863773818,0.055
237.6649066385062,0.06
237.6649546392742,0.055
237.66500264004222,0.06
237.66505064081025,0.055
237.66509864157825,0.055
237.66514664234626,0.055
237.66519464311426,0.06
237.6652426438823,0.055
237.6652906446503,0.055
237.6653386454183,0.055
237.66538664618633,0.06
237.66543464695434,0.055
237.66548264772234,0.06
237.66553064849037,0.06
237.66557864925838,0.055
237.66562665002638,0.055
237.6656746507944,0.055
237.66572265156242,0.049999997
237.66577065233042,0.06
237.66581865309843,0.055
237.66586665386646,0.06
237.66591465463446,0.055
237.66596265540247,0.055
237.66601065617047,0.06
237.6660586569385,0.055
237.6661066577065,0.055
237.6661546584745,0.055
237.66620265924254,0.055
237.66625066001055,0.049999997
237.66629866077855,0.055
237.66634666154658,0.049999997
237.6663946623146,0.055
237.6664426630826,0.055
237.6664906638506,0.055
237.66653866461863,0.055
237.66658666538663,0.049999997
237.66663466615464,0.049999997
237.66668266692267,0.049999997
237.66673066769067,0.055
237.66677866845868,0.055
237.66682666922668,0.055
237.6668746699947,0.055
237.66692267076272,0.049999997
237.66697067153072,0.055
237.66701867229875,0.055
237.66706667306676,0.055
237.66711467383476,0.049999997
237.6671626746028,0.055
237.6672106753708,0.049999997
237.6672586761388,0.055
237.6673066769068,0.055
237.66735467767484,0.055
237.66740267844284,0.06
237.66745067921084,0.055
237.66749867997888,0.06
237.66754668074688,0.055
237.66759468151488,0.055
237.6676426822829,0.055
237.66769068305092,0.055
237.66773868381892,0.055
237.66778668458693,0.055
237.66783468535496,0.06
237.66788268612297,0.049999997
237.66793068689097,0.06
237.667978687659,0.06
237.668026688427,0.049999997
237.668074689195,0.055
237.668122689963,0.055
237.66817069073105,0.055
237.66821869149905,0.055
237.66826669226705,0.06
237.6683146930351,0.055
237.6683626938031,0.055
237.6684106945711,0.055
237.6684586953391,0.049999997
237.66850669610713,0.049999997
237.66855469687513,0.055
237.66860269764314,0.055
237.66865069841117,0.055
237.66869869917917,0.049999997
237.66874669994718,0.055
237.6687947007152,0.055
237.66884270148321,0.049999997
237.66889070225122,0.055
237.66893870301922,0.055
237.66898670378725,0.055
237.66903470455526,0.055
237.66908270532326,0.055
237.6691307060913,0.055
237.6691787068593,0.055
237.6692267076273,0.055
237.6692747083953,0.055
237.66932270916334,0.049999997
237.66937070993134,0.049999997
237.66941871069935,0.06
237.66946671146738,0.049999997
237.66951471223538,0.055
237.6695627130034,0.049999997
237.66961071377142,0.06
237.66965871453942,0.055
237.66970671530743,0.06
237.66975471607543,0.055
237.66980271684346,0.06
237.66985071761147,0.055
237.66989871837947,0.06
237.6699467191475,0.055
237.6699947199155,0.06
237.6700427206835,0.055
237.67009072145152,0.065
237.67013872221955,0.055
237.67018672298755,0.06
237.67023472375556,0.06
237.6702827245236,0.06
237.6703307252916,0.055
237.6703787260596,0.055
237.67042672682763,0.055
237.67047472759563,0.06
237.67052272836364,0.055
237.67057072913164,0.055
237.67061872989967,0.055
237.67066673066768,0.055
237.67071473143568,0.055
237.6707627322037,0.055
237.67081073297172,0.055
237.67085873373972,0.044999998
237.67090673450772,0.055
237.67095473527576,0.055
237.67100273604376,0.055
237.67105073681176,0.055
237.6710987375798,0.06
237.6711467383478,0.055
237.6711947391158,0.055
237.67124273988384,0.049999997
237.67129074065184,0.055
237.67133874141985,0.055
237.67138674218785,0.055
237.67143474295588,0.055
237.67148274372389,0.049999997
237.6715307444919,0.055
237.67157874525992,0.055
237.67162674602793,0.055
237.67167474679593,0.049999997
237.67172274756393,0.055
237.67177074833197,0.049999997
237.67181874909997,0.049999997
237.67186674986797,0.049999997
237.671914750636,0.055
237.671962751404,0.049999997
237.672010752172,0.055
237.67205875294005,0.049999997
237.67210675370805,0.049999997
237.67215475447605,0.055
237.67220275524406,0.055
237.6722507560121,0.055
237.6722987567801,0.06
237.6723467575481,0.049999997
237.67239475831613,0.049999997
237.67244275908413,0.055
237.67249075985214,0.049999997
237.67253876062014,0.049999997
237.67258676138817,0.055
237.67263476215618,0.055
237.67268276292418,0.055
237.67273076369221,0.049999997
237.67277876446022,0.055
237.67282676522822,0.06
237.67287476599626,0.049999997
237.67292276676426,0.049999997
237.67297076753226,0.055
237.67301876830027,0.055
237.6730667690683,0.049999997
237.6731147698363,0.055
237.6731627706043,0.049999997
237.67321077137234,0.049999997
237.67325877214034,0.055
237.67330677290835,0.055
237.67335477367635,0.049999997
237.67340277444438,0.055
237.6734507752124,0.049999997
237.6734987759804,0.049999997
237.67354677674842,0.049999997
237.67359477751643,0.049999997
237.67364277828443,0.055
237.67369077905246,0.055
237.67373877982047,0.049999997
237.67378678058847,0.055
237.67383478135648,0.055
237.6738827821245,0.055
237.6739307828925,0.055
237.67397878366052,0.055
237.67402678442855,0.055
237.67407478519655,0.055
237.67412278596456,0.049999997
237.67417078673256,0.055
237.6742187875006,0.055
237.6742667882686,0.055
237.6743147890366,0.055
237.67436278980463,0.049999997
237.67441079057264,0.055
237.67445879134064,0.055
237.67450679210867,0.055
237.67455479287668,0.049999997
237.67460279364468,0.055
237.67465079441268,0.049999997
237.67469879518072,0.049999997
237.67474679594872,0.049999997
237.67479479671672,0.049999997
237.67484279748476,0.049999997
237.67489079825276,0.055
237.67493879902077,0.055
237.67498679978877,0.055
237.6750348005568,0.055
237.6750828013248,0.055
237.6751308020928,0.055
237.67517880286084,0.055
237.67522680362885,0.055
237.67527480439685,0.055
237.67532280516488,0.055
237.67537080593289,0.055
237.6754188067009,0.06
237.6754668074689,0.055
237.67551480823693,0.049999997
237.67556280900493,0.044999998
237.67561080977293,0.049999997
237.67565881054097,0.049999997
237.67570681130897,0.055
237.67575481207697,0.055
237.67580281284498,0.049999997
237.675850813613,0.055
237.67589881438101,0.049999997
237.67594681514902,0.06
237.67599481591705,0.055
237.67604281668505,0.06
237.67609081745306,0.06
237.6761388182211,0.055
237.6761868189891,0.055
237.6762348197571,0.06
237.6762828205251,0.055
237.67633082129313,0.055
237.67637882206114,0.049999997
237.67642682282914,0.055
237.67647482359718,0.049999997
237.67652282436518,0.06
237.67657082513318,0.055
237.6766188259012,0.055
237.67666682666922,0.06
237.67671482743722,0.06
237.67676282820523,0.049999997
237.67681082897326,0.06
237.67685882974126,0.055
237.67690683050927,0.06
237.6769548312773,0.055
237.6770028320453,0.049999997
237.6770508328133,0.055
237.6770988335813,0.055
237.67714683434934,0.049999997
237.67719483511735,0.055
237.67724283588535,0.055
237.67729083665338,0.06
237.6773388374214,0.055
237.6773868381894,0.055
237.6774348389574,0.049999997
237.67748283972543,0.049999997
237.67753084049343,0.049999997
237.67757884126144,0.049999997
237.67762684202947,0.055
237.67767484279747,0.049999997
237.67772284356548,0.055
237.6777708443335,0.049999997
237.6778188451015,0.055
237.67786684586952,0.049999997
237.67791484663752,0.055
237.67796284740555,0.055
237.67801084817356,0.055
237.67805884894156,0.055
237.6781068497096,0.055
237.6781548504776,0.055
237.6782028512456,0.049999997
237.6782508520136,0.055
237.67829885278164,0.055
237.67834685354964,0.049999997
237.67839485431765,0.049999997
237.67844285508568,0.049999997
237.67849085585368,0.055
237.67853885662169,0.049999997
237.67858685738972,0.055
237.67863485815772,0.055
237.67868285892573,0.06
237.67873085969373,0.049999997
237.67877886046176,0.055
237.67882686122977,0.055
237.67887486199777,0.06
237.6789228627658,0.055
237.6789708635338,0.065
237.6790188643018,0.049999997
237.6790668650698,0.065
237.67911486583785,0.06
237.67916286660585,0.06
237.67921086737385,0.055
237.6792588681419,0.049999997
237.6793068689099,0.055
237.6793548696779,0.06
237.67940287044593,0.055
237.67945087121393,0.055
237.67949887198193,0.055
237.67954687274994,0.049999997
237.67959487351797,0.049999997
237.67964287428597,0.055
237.67969087505398,0.049999997
237.679738875822,0.055
237.67978687659001,0.044999998
237.67983487735802,0.055
237.67988287812602,0.055
237.67993087889406,0.06
237.67997887966206,0.055
237.68002688043006,0.06
237.6800748811981,0.06
237.6801228819661,0.055
237.6801708827341,0.055
237.68021888350214,0.055
237.68026688427014,0.055
237.68031488503814,0.055
237.68036288580615,0.055
237.68041088657418,0.049999997
237.68045888734218,0.055
237.6805068881102,0.055
237.68055488887822,0.055
237.68060288964622,0.06
237.68065089041423,0.055
237.68069889118223,0.055
237.68074689195026,0.055
237.68079489271827,0.049999997
237.68084289348627,0.055
237.6808908942543,0.055
237.6809388950223,0.049999997
237.6809868957903,0.049999997
237.68103489655834,0.055
237.68108289732635,0.055
237.68113089809435,0.055
237.68117889886236,0.049999997
237.6812268996304,0.055
237.6812749003984,0.055
237.6813229011664,0.055
237.68137090193443,0.049999997
237.68141890270243,0.055
237.68146690347044,0.055
237.68151490423844,0.06
237.68156290500647,0.055
237.68161090577448,0.06
237.68165890654248,0.06
237.6817069073105,0.06
237.68175490807852,0.055
237.68180290884652,0.049999997
237.68185090961455,0.035
237.68189891038256,0.04
237.68194691115056,0.04
237.68199491191857,0.055
237.6820429126866,0.049999997
237.6820909134546,0.055
237.6821389142226,0.06
237.68218691499064,0.049999997
237.68223491575864,0.06
237.68228291652665,0.055
237.68233091729465,0.074999996
237.68237891806268,0.049999997
237.68242691883069,0.049999997
237.6824749195987,0.06
237.68252292036672,0.055
237.68257092113473,0.035
237.68261892190273,0.055
237.68266692267076,0.049999997
237.68271492343877,0.065
237.68276292420677,0.06
237.68281092497477,0.055
237.6828589257428,0.049999997
237.6829069265108,0.065
237.68295492727881,0.065
237.68300292804685,0.049999997
237.68305092881485,0.044999998
237.68309892958285,0.055
237.68314693035086,0.065
237.6831949311189,0.04
237.6832429318869,0.055
237.6832909326549,0.06
237.68333893342293,0.06
237.68338693419093,0.044999998
237.68343493495894,0.055
237.68348293572697,0.074999996
237.68353093649498,0.055
237.68357893726298,0.055
237.68362693803098,0.055
237.68367493879902,0.044999998
237.68372293956702,0.06
237.68377094033502,0.055
237.68381894110306,0.055
237.68386694187106,0.049999997
237.68391494263906,0.049999997
237.68396294340707,0.065
237.6840109441751,0.044999998
237.6840589449431,0.06
237.6841069457111,0.06
237.68415494647914,0.06
237.68420294724714,0.049999997
237.68425094801515,0.055
237.68429894878318,0.06
237.68434694955118,0.044999998
237.6843949503192,0.049999997
237.6844429510872,0.044999998
237.68449095185522,0.06
237.68453895262323,0.055
237.68458695339123,0.044999998
237.68463495415926,0.049999997
237.68468295492727,0.07
237.68473095569527,0.049999997
237.68477895646328,0.044999998
237.6848269572313,0.055
237.6848749579993,0.06
237.68492295876732,0.04
237.68497095953535,0.049999997
237.68501896030335,0.049999997
237.68506696107136,0.065
237.68511496183936,0.049999997
237.6851629626074,0.049999997
237.6852109633754,0.06
237.6852589641434,0.06
237.68530696491143,0.049999997
237.68535496567944,0.04
237.68540296644744,0.06
237.68545096721547,0.044999998
237.68549896798348,0.049999997
237.68554696875148,0.044999998
237.68559496951949,0.044999998
237.68564297028752,0.055
237.68569097105552,0.049999997
237.68573897182353,0.07
237.68578697259156,0.07
237.68583497335956,0.044999998
237.68588297412757,0.055
237.68593097489557,0.055
237.6859789756636,0.049999997
237.6860269764316,0.044999998
237.6860749771996,0.06
237.68612297796764,0.049999997
237.68617097873565,0.049999997
237.68621897950365,0.049999997
237.68626698027168,0.049999997
237.6863149810397,0.055
237.6863629818077,0.04
237.6864109825757,0.044999998
237.68645898334373,0.049999997
237.68650698411173,0.06
237.68655498487973,0.044999998
237.68660298564777,0.049999997
237.68665098641577,0.06
237.68669898718377,0.049999997
237.68674698795178,0.074999996
237.6867949887198,0.055
237.68684298948781,0.049999997
237.68689099025582,0.06
237.68693899102385,0.055
237.68698699179185,0.049999997
237.68703499255986,0.055
237.6870829933279,0.06
237.6871309940959,0.049999997
237.6871789948639,0.04
237.6872269956319,0.06
237.68727499639994,0.06
237.68732299716794,0.035
237.68737099793594,0.049999997
237.68741899870398,0.055
237.68746699947198,0.065
237.68751500023998,0.06
237.687563001008,0.044999998
237.68761100177602,0.049999997
237.68765900254402,0.07
237.68770700331203,0.044999998
237.68775500408006,0.055
237.68780300484806,0.049999997
237.68785100561607,0.049999997
237.6878990063841,0.049999997
237.6879470071521,0.044999998
237.6879950079201,0.049999997
237.6880430086881,0.06
237.68809100945614,0.065
237.68813901022415,0.04
237.68818701099215,0.035
237.68823501176018,0.055
237.6882830125282,0.07
237.6883310132962,0.049999997
237.6883790140642,0.049999997
237.68842701483223,0.055
237.68847501560023,0.06
237.68852301636824,0.049999997
237.68857101713627,0.044999998
237.68861901790427,0.049999997
237.68866701867228,0.049999997
237.6887150194403,0.044999998
237.6887630202083,0.065
237.68881102097632,0.065
237.68885902174432,0.06
237.68890702251235,0.055
237.68895502328036,0.049999997
237.68900302404836,0.049999997
237.6890510248164,0.044999998
237.6890990255844,0.065
237.6891470263524,0.065
237.6891950271204,0.055
237.68924302788844,0.055
237.68929102865644,0.055
237.68933902942445,0.065
237.68938703019248,0.044999998
237.68943503096048,0.049999997
237.68948303172849,0.055
237.68953103249652,0.065
237.68957903326452,0.055
237.68962703403253,0.055
237.68967503480053,0.049999997
237.68972303556856,0.049999997
237.68977103633657,0.049999997
237.68981903710457,0.055
237.6898670378726,0.065
237.6899150386406,0.049999997
237.6899630394086,0.04
237.6900110401766,0.04
237.69005904094465,0.065
237.69010704171265,0.06
237.69015504248065,0.049999997
237.6902030432487,0.049999997
237.6902510440167,0.049999997
237.6902990447847,0.055
237.69034704555273,0.06
237.69039504632073,0.049999997
237.69044304708873,0.044999998
237.69049104785674,0.044999998
237.69053904862477,0.044999998
237.69058704939278,0.065
237.69063505016078,0.049999997
237.6906830509288,0.055
237.69073105169682,0.055
237.69077905246482,0.044999998
237.69082705323282,0.065
237.69087505400086,0.04
237.69092305476886,0.06
237.69097105553686,0.06
237.6910190563049,0.049999997
237.6910670570729,0.049999997
237.6911150578409,0.055
237.69116305860894,0.06
237.69121105937694,0.065
237.69125906014494,0.065
237.69130706091295,0.044999998
237.69135506168098,0.074999996
237.69140306244898,0.055
237.691451063217,0.055
237.69149906398502,0.049999997
237.69154706475302,0.055
237.69159506552103,0.055
237.69164306628903,0.055
237.69169106705706,0.055
237.69173906782507,0.049999997
237.69178706859307,0.049999997
237.6918350693611,0.06
237.6918830701291,0.055
237.6919310708971,0.065
237.69197907166514,0.049999997
237.69202707243315,0.044999998
237.69207507320115,0.03
237.69212307396916,0.06
237.6921710747372,0.065
237.6922190755052,0.049999997
237.6922670762732,0.044999998
237.69231507704123,0.049999997
237.69236307780923,0.065
237.69241107857724,0.06
237.69245907934524,0.055
237.69250708011327,0.044999998
237.69255508088128,0.055
237.69260308164928,0.049999997
237.6926510824173,0.015
237.69269908318532,0.044999998
237.69274708395332,0.06
237.69279508472135,0.044999998
237.69284308548936,0.049999997
237.69289108625736,0.04
237.69293908702537,0.055
237.6929870877934,0.065
237.6930350885614,0.055
237.6930830893294,0.049999997
237.69313109009744,0.055
237.69317909086544,0.055
237.69322709163345,0.055
237.69327509240145,0.049999997
237.69332309316948,0.049999997
237.6933710939375,0.06
237.6934190947055,0.06
237.69346709547352,0.049999997
237.69351509624153,0.044999998
237.69356309700953,0.074999996
237.69361109777756,0.074999996
237.69365909854557,0.049999997
237.69370709931357,0.044999998
237.69375510008157,0.049999997
237.6938031008496,0.06
237.6938511016176,0.065
237.69389910238561,0.06
237.69394710315365,0.06
237.69399510392165,0.044999998
237.69404310468965,0.035
237.69409110545766,0.074999996
237.6941391062257,0.044999998
237.6941871069937,0.065
237.6942351077617,0.06
237.69428310852973,0.065
237.69433110929774,0.049999997
237.69437911006574,0.065
237.69442711083377,0.049999997
237.69447511160178,0.049999997
237.69452311236978,0.06
237.69457111313778,0.055
237.69461911390582,0.065
237.69466711467382,0.055
237.69471511544182,0.049999997
237.69476311620986,0.06
237.69481111697786,0.049999997
237.69485911774586,0.049999997
237.69490711851387,0.06
237.6949551192819,0.055
237.6950031200499,0.06
237.6950511208179,0.044999998
237.69509912158594,0.044999998
237.69514712235394,0.049999997
237.69519512312195,0.049999997
237.69524312388998,0.055
237.69529112465798,0.06
237.695339125426,0.049999997
237.695387126194,0.049999997
237.69543512696202,0.049999997
237.69548312773003,0.049999997
237.69553112849803,0.049999997
237.69557912926606,0.049999997
237.69562713003407,0.06
237.69567513080207,0.06
237.69572313157008,0.044999998
237.6957711323381,0.06
237.6958191331061,0.04
237.69586713387412,0.055
237.69591513464215,0.065
237.69596313541015,0.035
237.69601113617816,0.049999997
237.6960591369462,0.055
237.6961071377142,0.06
237.6961551384822,0.065
237.6962031392502,0.044999998
237.69625114001823,0.055
237.69629914078624,0.06
237.69634714155424,0.065
237.69639514232227,0.055
237.69644314309028,0.049999997
237.69649114385828,0.06
237.69653914462629,0.065
237.69658714539432,0.044999998
237.69663514616232,0.044999998
237.69668314693033,0.03
237.69673114769836,0.04
237.69677914846636,0.06
237.69682714923437,0.06
237.6968751500024,0.06
237.6969231507704,0.055
237.6969711515384,0.044999998
237.6970191523064,0.055
237.69706715307444,0.049999997
237.69711515384245,0.049999997
237.69716315461045,0.055
237.69721115537848,0.049999997
237.6972591561465,0.055
237.6973071569145,0.07
237.6973551576825,0.055
237.69740315845053,0.049999997
237.69745115921853,0.06
237.69749915998653,0.065
237.69754716075457,0.035
237.69759516152257,0.044999998
237.69764316229057,0.065
237.6976911630586,0.065
237.6977391638266,0.049999997
237.69778716459462,0.049999997
237.69783516536262,0.055
237.69788316613065,0.07
237.69793116689866,0.06
237.69797916766666,0.049999997
237.6980271684347,0.044999998
237.6980751692027,0.049999997
237.6981231699707,0.049999997
237.6981711707387,0.07
237.69821917150674,0.06
237.69826717227474,0.06
237.69831517304274,0.06
237.69836317381078,0.06
237.69841117457878,0.06
237.69845917534678,0.044999998
237.69850717611482,0.065
237.69855517688282,0.065
237.69860317765082,0.049999997
237.69865117841883,0.055
237.69869917918686,0.055
237.69874717995486,0.055
237.69879518072287,0.065
237.6988431814909,0.044999998
237.6988911822589,0.055
237.6989391830269,0.065
237.6989871837949,0.044999998
237.69903518456294,0.044999998
237.69908318533095,0.055
237.69913118609895,0.055
237.69917918686698,0.06
237.699227187635,0.06
237.699275188403,0.044999998
237.69932318917103,0.049999997
237.69937118993903,0.065
237.69941919070703,0.055
237.69946719147504,0.049999997
237.69951519224307,0.055
237.69956319301107,0.049999997
237.69961119377908,0.049999997
237.6996591945471,0.06
237.6997071953151,0.06
237.69975519608312,0.044999998
237.69980319685112,0.049999997
237.69985119761915,0.055
237.69989919838716,0.055
237.69994719915516,0.049999997
237.6999951999232,0.049999997
237.7000432006912,0.049999997
237.7000912014592,0.06
237.70013920222723,0.06
237.70018720299524,0.049999997
237.70023520376324,0.044999998
237.70028320453125,0.055
237.70033120529928,0.06
237.70037920606728,0.035
237.7004272068353,0.065
237.70047520760332,0.055
237.70052320837132,0.049999997
237.70057120913933,0.049999997
237.70061920990733,0.049999997
237.70066721067536,0.06
237.70071521144337,0.055
237.70076321221137,0.049999997
237.7008112129794,0.049999997
237.7008592137474,0.044999998
237.7009072145154,0.055
237.70095521528344,0.055
237.70100321605145,0.049999997
237.70105121681945,0.055
237.70109921758745,0.049999997
237.7011472183555,0.055
237.7011952191235,0.049999997
237.7012432198915,0.049999997
237.70129122065953,0.055
237.70133922142753,0.049999997
237.70138722219554,0.06
237.70143522296354,0.049999997
237.70148322373157,0.055
237.70153122449958,0.06
237.70157922526758,0.044999998
237.7016272260356,0.065
237.70167522680362,0.044999998
237.70172322757162,0.04
237.70177122833965,0.06
237.70181922910766,0.049999997
237.70186722987566,0.049999997
237.70191523064366,0.055
237.7019632314117,0.049999997
237.7020112321797,0.055
237.7020592329477,0.049999997
237.70210723371574,0.06
237.70215523448374,0.06
237.70220323525174,0.055
237.70225123601975,0.055
237.70229923678778,0.055
237.70234723755578,0.049999997
237.7023952383238,0.055
237.70244323909182,0.055
237.70249123985982,0.055
237.70253924062783,0.049999997
237.70258724139586,0.055
237.70263524216386,0.055
237.70268324293187,0.055
237.70273124369987,0.049999997
237.7027792444679,0.049999997
237.7028272452359,0.055
237.7028752460039,0.055
237.70292324677195,0.049999997
237.70297124753995,0.055
237.70301924830795,0.055
237.70306724907596,0.055
237.703115249844,0.049999997
237.703163250612,0.049999997
237.70321125138,0.049999997
237.70325925214803,0.049999997
237.70330725291603,0.055
237.70335525368404,0.055
237.70340325445207,0.055
237.70345125522007,0.049999997
237.70349925598808,0.049999997
237.70354725675608,0.055
237.7035952575241,0.055
237.70364325829212,0.049999997
237.70369125906012,0.049999997
237.70373925982815,0.055
237.70378726059616,0.055
237.70383526136416,0.055
237.70388326213217,0.055
237.7039312629002,0.044999998
237.7039792636682,0.055
237.7040272644362,0.055
237.70407526520424,0.049999997
237.70412326597224,0.055
237.70417126674025,0.049999997
237.70421926750828,0.049999997
237.70426726827628,0.049999997
237.7043152690443,0.055
237.7043632698123,0.055
237.70441127058032,0.055
237.70445927134833,0.049999997
237.70450727211633,0.055
237.70455527288436,0.055
237.70460327365237,0.055
237.70465127442037,0.044999998
237.70469927518837,0.055
237.7047472759564,0.049999997
237.7047952767244,0.055
237.70484327749242,0.049999997
237.70489127826045,0.055
237.70493927902845,0.055
237.70498727979646,0.055
237.7050352805645,0.049999997
237.7050832813325,0.049999997
237.7051312821005,0.049999997
237.7051792828685,0.055
237.70522728363653,0.049999997
237.70527528440454,0.049999997
237.70532328517254,0.049999997
237.70537128594057,0.055
237.70541928670858,0.055
237.70546728747658,0.055
237.70551528824458,0.049999997
237.70556328901262,0.06
237.70561128978062,0.055
237.70565929054862,0.049999997
237.70570729131666,0.049999997
237.70575529208466,0.06
237.70580329285266,0.049999997
237.7058512936207,0.055
237.7058992943887,0.049999997
237.7059472951567,0.055
237.7059952959247,0.06
237.70604329669274,0.055
237.70609129746074,0.044999998
237.70613929822875,0.055
237.70618729899678,0.049999997
237.70623529976478,0.055
237.7062833005328,0.055
237.7063313013008,0.055
237.70637930206883,0.055
237.70642730283683,0.055
237.70647530360483,0.049999997
237.70652330437287,0.049999997
237.70657130514087,0.055
237.70661930590887,0.065
237.7066673066769,0.049999997
237.7067153074449,0.065
237.7067633082129,0.055
237.70681130898092,0.049999997
237.70685930974895,0.049999997
237.70690731051695,0.044999998
237.70695531128496,0.055
237.707003312053,0.055
237.707051312821,0.055
237.707099313589,0.06
237.707147314357,0.049999997
237.70719531512503,0.06
237.70724331589304,0.055
237.70729131666104,0.055
237.70733931742907,0.055
237.70738731819708,0.055
237.70743531896508,0.06
237.70748331973311,0.055
237.70753132050112,0.049999997
237.70757932126912,0.055
237.70762732203713,0.055
237.70767532280516,0.049999997
237.70772332357316,0.055
237.70777132434117,0.055
237.7078193251092,0.055
237.7078673258772,0.049999997
237.7079153266452,0.049999997
237.7079633274132,0.055
237.70801132818124,0.049999997
237.70805932894925,0.055
237.70810732971725,0.055
237.70815533048528,0.055
237.7082033312533,0.06
237.7082513320213,0.049999997
237.70829933278932,0.055
237.70834733355733,0.049999997
237.70839533432533,0.055
237.70844333509334,0.055
237.70849133586137,0.055
237.70853933662937,0.049999997
237.70858733739738,0.055
237.7086353381654,0.055
237.7086833389334,0.049999997
237.70873133970142,0.055
237.70877934046942,0.06
237.70882734123745,0.055
237.70887534200546,0.055
237.70892334277346,0.049999997
237.7089713435415,0.055
237.7090193443095,0.055
237.7090673450775,0.055
237.70911534584553,0.055
237.70916334661354,0.055
237.70921134738154,0.055
237.70925934814954,0.049999997
237.70930734891758,0.055
237.70935534968558,0.055
237.70940335045358,0.055
237.70945135122162,0.055
237.70949935198962,0.055
237.70954735275762,0.055
237.70959535352563,0.049999997
237.70964335429366,0.055
237.70969135506166,0.055
237.70973935582967,0.049999997
237.7097873565977,0.055
237.7098353573657,0.055
237.7098833581337,0.055
237.70993135890174,0.049999997
237.70997935966975,0.06
237.71002736043775,0.049999997
237.71007536120575,0.049999997
237.71012336197379,0.049999997
237.7101713627418,0.049999997
237.7102193635098,0.055
237.71026736427783,0.049999997
237.71031536504583,0.049999997
237.71036336581383,0.055
237.71041136658184,0.055
237.71045936734987,0.049999997
237.71050736811787,0.06
237.71055536888588,0.055
237.7106033696539,0.06
237.7106513704219,0.055
237.71069937118992,0.055
237.71074737195795,0.055
237.71079537272595,0.055
237.71084337349396,0.055
237.71089137426196,0.055
237.71093937503,0.049999997
237.710987375798,0.055
237.711035376566,0.055
237.71108337733403,0.06
237.71113137810204,0.055
237.71117937887004,0.055
237.71122737963805,0.055
237.71127538040608,0.055
237.71132338117408,0.055
237.7113713819421,0.049999997
237.71141938271012,0.055
237.71146738347812,0.055
237.71151538424613,0.055
237.71156338501416,0.055
237.71161138578216,0.055
237.71165938655017,0.06
237.71170738731817,0.049999997
237.7117553880862,0.049999997
237.7118033888542,0.055
237.7118513896222,0.06
237.71189939039024,0.055
237.71194739115825,0.055
237.71199539192625,0.055
237.71204339269426,0.055
237.7120913934623,0.055
237.7121393942303,0.06
237.7121873949983,0.055
237.71223539576633,0.055
237.71228339653433,0.055
237.71233139730234,0.055
237.71237939807037,0.049999997
237.71242739883837,0.055
237.71247539960638,0.049999997
237.71252340037438,0.049999997
237.7125714011424,0.055
237.71261940191042,0.049999997
237.71266740267842,0.049999997
237.71271540344645,0.055
237.71276340421446,0.049999997
237.71281140498246,0.055
237.71285940575046,0.055
237.7129074065185,0.055
237.7129554072865,0.055
237.7130034080545,0.055
237.71305140882254,0.055
237.71309940959054,0.055
237.71314741035854,0.049999997
237.71319541112658,0.055
237.71324341189458,0.055
237.71329141266258,0.055
237.7133394134306,0.049999997
237.71338741419862,0.055
237.71343541496663,0.049999997
237.71348341573463,0.055
237.71353141650266,0.06
237.71357941727067,0.049999997
237.71362741803867,0.049999997
237.71367541880667,0.055
237.7137234195747,0.055
237.7137714203427,0.055
237.7138194211107,0.055
237.71386742187875,0.06
237.71391542264675,0.049999997
237.71396342341475,0.049999997
237.7140114241828,0.055
237.7140594249508,0.055
237.7141074257188,0.049999997
237.7141554264868,0.049999997
237.71420342725483,0.055
237.71425142802283,0.055
237.71429942879084,0.044999998
237.71434742955887,0.055
237.71439543032687,0.049999997
237.71444343109488,0.049999997
237.71449143186288,0.049999997
237.71453943263091,0.049999997
237.71458743339892,0.055
237.71463543416692,0.055
237.71468343493495,0.055
237.71473143570296,0.049999997
237.71477943647096,0.055
237.714827437239,0.049999997
237.714875438007,0.055
237.714923438775,0.055
237.714971439543,0.055
237.71501944031104,0.055
237.71506744107904,0.049999997
237.71511544184705,0.049999997
237.71516344261508,0.055
237.71521144338308,0.055
237.7152594441511,0.055
237.7153074449191,0.049999997
237.71535544568712,0.055
237.71540344645513,0.049999997
237.71545144722313,0.06
237.71549944799116,0.049999997
237.71554744875917,0.049999997
237.71559544952717,0.049999997
237.7156434502952,0.055
237.7156914510632,0.055
237.7157394518312,0.049999997
237.71578745259922,0.049999997
237.71583545336725,0.049999997
237.71588345413525,0.055
237.71593145490326,0.044999998
237.7159794556713,0.06
237.7160274564393,0.055
237.7160754572073,0.049999997
237.7161234579753,0.049999997
237.71617145874333,0.055
237.71621945951134,0.049999997
237.71626746027934,0.049999997
237.71631546104737,0.055
237.71636346181538,0.055
237.71641146258338,0.049999997
237.7164594633514,0.055
237.71650746411942,0.049999997
237.71655546488742,0.055
237.71660346565542,0.049999997
237.71665146642346,0.055
237.71669946719146,0.055
237.71674746795946,0.049999997
237.7167954687275,0.049999997
237.7168434694955,0.06
237.7168914702635,0.049999997
237.7169394710315,0.055
237.71698747179954,0.049999997
237.71703547256755,0.06
237.71708347333555,0.055
237.71713147410358,0.055
237.71717947487159,0.049999997
237.7172274756396,0.055
237.71727547640762,0.049999997
237.71732347717563,0.055
237.71737147794363,0.055
237.71741947871163,0.055
237.71746747947967,0.049999997
237.71751548024767,0.055
237.71756348101567,0.049999997
237.7176114817837,0.06
237.7176594825517,0.055
237.7177074833197,0.055
237.71775548408772,0.055
237.71780348485575,0.06
237.71785148562375,0.055
237.71789948639176,0.065
237.7179474871598,0.055
237.7179954879278,0.06
237.7180434886958,0.055
237.71809148946383,0.049999997
237.71813949023183,0.055
237.71818749099984,0.049999997
237.71823549176784,0.055
237.71828349253587,0.049999997
237.71833149330388,0.055
237.71837949407188,0.055
237.71842749483991,0.055
237.71847549560792,0.06
237.71852349637592,0.049999997
237.71857149714393,0.049999997
237.71861949791196,0.055
237.71866749867996,0.055
237.71871549944797,0.055
237.718763500216,0.055
237.718811500984,0.055
237.718859501752,0.055
237.71890750252004,0.049999997
237.71895550328804,0.049999997
237.71900350405605,0.055
237.71905150482405,0.049999997
237.71909950559208,0.055
237.7191475063601,0.055
237.7191955071281,0.055
237.71924350789612,0.055
237.71929150866413,0.055
237.71933950943213,0.055
237.71938751020014,0.055
237.71943551096817,0.055
237.71948351173617,0.055
237.71953151250418,0.049999997
237.7195795132722,0.055
237.7196275140402,0.055
237.71967551480822,0.06
237.71972351557625,0.055
237.71977151634425,0.055
237.71981951711226,0.055
237.71986751788026,0.055
237.7199155186483,0.049999997
237.7199635194163,0.055
237.7200115201843,0.055
237.72005952095233,0.055
237.72010752172034,0.06
237.72015552248834,0.055
237.72020352325634,0.049999997
237.72025152402438,0.06
237.72029952479238,0.049999997
237.72034752556038,0.06
237.72039552632842,0.049999997
237.72044352709642,0.065
237.72049152786443,0.049999997
237.72053952863246,0.065
237.72058752940046,0.06
237.72063553016847,0.055
237.72068353093647,0.055
237.7207315317045,0.049999997
237.7207795324725,0.049999997
237.7208275332405,0.049999997
237.72087553400854,0.055
237.72092353477655,0.055
237.72097153554455,0.049999997
237.72101953631255,0.049999997
237.7210675370806,0.055
237.7211155378486,0.055
237.7211635386166,0.055
237.72121153938463,0.055
237.72125954015263,0.055
237.72130754092063,0.055
237.72135554168867,0.06
237.72140354245667,0.055
237.72145154322467,0.055
237.72149954399268,0.055
237.7215475447607,0.055
237.72159554552871,0.049999997
237.72164354629672,0.06
237.72169154706475,0.055
237.72173954783275,0.06
237.72178754860076,0.06
237.72183554936876,0.06
237.7218835501368,0.055
237.7219315509048,0.06
237.7219795516728,0.055
237.72202755244084,0.06
237.72207555320884,0.055
237.72212355397684,0.065
237.72217155474488,0.055
237.72221955551288,0.06
237.72226755628088,0.049999997
237.7223155570489,0.055
237.72236355781692,0.055
237.72241155858492,0.06
237.72245955935293,0.055
237.72250756012096,0.06
237.72255556088896,0.055
237.72260356165697,0.055
237.72265156242497,0.055
237.722699563193,0.06
237.722747563961,0.049999997
237.722795564729,0.06
237.72284356549704,0.055
237.72289156626505,0.055
237.72293956703305,0.049999997
237.72298756780108,0.065
237.7230355685691,0.055
237.7230835693371,0.06
237.7231315701051,0.055
237.72317957087313,0.06
237.72322757164113,0.055
237.72327557240914,0.049999997
237.72332357317717,0.06
237.72337157394517,0.055
237.72341957471318,0.055
237.72346757548118,0.049999997
237.7235155762492,0.055
237.72356357701722,0.06
237.72361157778522,0.055
237.72365957855325,0.06
237.72370757932126,0.06
237.72375558008926,0.06
237.7238035808573,0.055
237.7238515816253,0.06
237.7238995823933,0.055
237.7239475831613,0.06
237.72399558392934,0.049999997
237.72404358469734,0.055
237.72409158546535,0.049999997
237.72413958623338,0.06
237.72418758700138,0.055
237.72423558776939,0.049999997
237.7242835885374,0.049999997
237.72433158930542,0.055
237.72437959007343,0.049999997
237.72442759084143,0.055
237.72447559160946,0.049999997
237.72452359237747,0.055
237.72457159314547,0.049999997
237.7246195939135,0.055
237.7246675946815,0.049999997
237.7247155954495,0.055
237.7247635962175,0.049999997
237.72481159698555,0.06
237.72485959775355,0.049999997
237.72490759852155,0.055
237.7249555992896,0.049999997
237.7250036000576,0.055
237.7250516008256,0.049999997
237.7250996015936,0.06
237.72514760236163,0.049999997
237.72519560312963,0.055
237.72524360389764,0.049999997
237.72529160466567,0.055
237.72533960543367,0.049999997
237.72538760620168,0.055
237.7254356069697,0.049999997
237.72548360773771,0.06
237.72553160850572,0.055
237.72557960927372,0.055
237.72562761004176,0.055
237.72567561080976,0.055
237.72572361157776,0.049999997
237.7257716123458,0.055
237.7258196131138,0.049999997
237.7258676138818,0.055
237.7259156146498,0.049999997
237.72596361541784,0.055
237.72601161618584,0.049999997
237.72605961695385,0.055
237.72610761772188,0.049999997
237.72615561848988,0.055
237.7262036192579,0.055
237.72625162002592,0.055
237.72629962079392,0.055
237.72634762156193,0.06
237.72639562232993,0.049999997
237.72644362309796,0.055
237.72649162386597,0.049999997
237.72653962463397,0.049999997
237.726587625402,0.055
237.72663562617,0.06
237.726683626938,0.055
237.72673162770602,0.049999997
237.72677962847405,0.06
237.72682762924205,0.049999997
237.72687563001006,0.049999997
237.7269236307781,0.055
237.7269716315461,0.055
237.7270196323141,0.06
237.72706763308213,0.055
237.72711563385013,0.055
237.72716363461814,0.055
237.72721163538614,0.055
237.72725963615417,0.049999997
237.72730763692218,0.06
237.72735563769018,0.055
237.7274036384582,0.055
237.72745163922622,0.049999997
237.72749963999422,0.049999997
237.72754764076223,0.055
237.72759564153026,0.055
237.72764364229826,0.055
237.72769164306627,0.049999997
237.7277396438343,0.055
237.7277876446023,0.049999997
237.7278356453703,0.055
237.72788364613834,0.049999997
237.72793164690634,0.055
237.72797964767435,0.055
237.72802764844235,0.055
237.72807564921038,0.055
237.7281236499784,0.06
237.7281716507464,0.055
237.72821965151442,0.055
237.72826765228243,0.06
237.72831565305043,0.049999997
237.72836365381843,0.049999997
237.72841165458647,0.055
237.72845965535447,0.055
237.72850765612247,0.049999997
237.7285556568905,0.049999997
237.7286036576585,0.049999997
237.72865165842651,0.049999997
237.72869965919452,0.06
237.72874765996255,0.049999997
237.72879566073055,0.055
237.72884366149856,0.049999997
237.7288916622666,0.06
237.7289396630346,0.06
237.7289876638026,0.065
237.72903566457063,0.055
237.72908366533864,0.049999997
237.72913166610664,0.055
237.72917966687464,0.049999997
237.72922766764268,0.055
237.72927566841068,0.049999997
237.72932366917868,0.055
237.72937166994672,0.049999997
237.72941967071472,0.049999997
237.72946767148272,0.055
237.72951567225073,0.055
237.72956367301876,0.055
237.72961167378676,0.055
237.72965967455477,0.055
237.7297076753228,0.055
237.7297556760908,0.06
237.7298036768588,0.055
237.72985167762684,0.055
237.72989967839484,0.055
237.72994767916285,0.055
237.72999567993085,0.055
237.73004368069888,0.055
237.7300916814669,0.055
237.7301396822349,0.055
237.73018768300292,0.055
237.73023568377093,0.055
237.73028368453893,0.055
237.73033168530694,0.049999997
237.73037968607497,0.055
237.73042768684297,0.055
237.73047568761098,0.055
237.730523688379,0.049999997
237.730571689147,0.055
237.73061968991502,0.049999997
237.73066769068305,0.055
237.73071569145105,0.055
237.73076369221906,0.055
237.73081169298706,0.055
237.7308596937551,0.055
237.7309076945231,0.055
237.7309556952911,0.055
237.73100369605913,0.055
237.73105169682714,0.055
237.73109969759514,0.049999997
237.73114769836315,0.055
237.73119569913118,0.049999997
237.73124369989918,0.049999997
237.73129170066719,0.055
237.73133970143522,0.049999997
237.73138770220322,0.055
237.73143570297123,0.055
237.73148370373926,0.049999997
237.73153170450726,0.055
237.73157970527527,0.049999997
237.73162770604327,0.049999997
237.7316757068113,0.06
237.7317237075793,0.055
237.7317717083473,0.055
237.73181970911534,0.049999997
237.73186770988335,0.06
237.73191571065135,0.044999998
237.73196371141935,0.06
237.7320117121874,0.049999997
237.7320597129554,0.055
237.7321077137234,0.049999997
237.73215571449143,0.055
237.73220371525943,0.055
237.73225171602743,0.06
237.73229971679547,0.049999997
237.73234771756347,0.06
237.73239571833147,0.055
237.73244371909948,0.055
237.7324917198675,0.049999997
237.73253972063551,0.06
237.73258772140352,0.055
237.73263572217155,0.065
237.73268372293956,0.055
237.73273172370756,0.06
237.73277972447556,0.055
237.7328277252436,0.06
237.7328757260116,0.055
237.7329237267796,0.06
237.73297172754764,0.055
237.73301972831564,0.055
237.73306772908364,0.055
237.73311572985168,0.06
237.73316373061968,0.049999997
237.73321173138768,0.055
237.7332597321557,0.049999997
237.73330773292372,0.055
237.73335573369172,0.049999997
237.73340373445973,0.055
237.73345173522776,0.055
237.73349973599576,0.055
237.73354773676377,0.049999997
237.73359573753177,0.055
237.7336437382998,0.049999997
237.7336917390678,0.055
237.7337397398358,0.049999997
237.73378774060384,0.06
237.73383574137185,0.044999998
237.73388374213985,0.065
237.73393174290788,0.055
237.7339797436759,0.06
237.7340277444439,0.049999997
237.7340757452119,0.065
237.73412374597993,0.049999997
237.73417174674793,0.065
237.73421974751594,0.055
237.73426774828397,0.06
237.73431574905197,0.06
237.73436374981998,0.06
237.73441175058798,0.055
237.734459751356,0.055
237.73450775212402,0.055
237.73455575289202,0.049999997
237.73460375366005,0.055
237.73465175442806,0.06
237.73469975519606,0.055
237.7347477559641,0.06
237.7347957567321,0.06
237.7348437575001,0.06
237.7348917582681,0.055
237.73493975903614,0.06
237.73498775980414,0.049999997
237.73503576057215,0.06
237.73508376134018,0.055
237.73513176210818,0.06
237.7351797628762,0.06
237.7352277636442,0.065
237.73527576441222,0.06
237.73532376518023,0.06
237.73537176594823,0.055
237.73541976671626,0.06
237.73546776748427,0.06
237.73551576825227,0.044999998
237.7355637690203,0.049999997
237.7356117697883,0.055
237.7356597705563,0.055
237.73570777132431,0.055
237.73575577209235,0.055
237.73580377286035,0.049999997
237.73585177362835,0.06
237.7358997743964,0.055
237.7359477751644,0.055
237.7359957759324,0.06
237.7360437767004,0.055
237.73609177746843,0.055
237.73613977823643,0.06
237.73618777900444,0.055
237.73623577977247,0.055
237.73628378054048,0.06
237.73633178130848,0.055
237.7363797820765,0.055
237.73642778284452,0.055
237.73647578361252,0.049999997
237.73652378438052,0.06
237.73657178514856,0.049999997
237.73661978591656,0.055
237.73666778668456,0.055
237.7367157874526,0.055
237.7367637882206,0.049999997
237.7368117889886,0.06
237.7368597897566,0.055
237.73690779052464,0.055
237.73695579129264,0.06
237.73700379206065,0.055
237.73705179282868,0.06
237.73709979359668,0.055
237.7371477943647,0.055
237.73719579513272,0.055
237.73724379590072,0.055
237.73729179666873,0.06
237.73733979743673,0.049999997
237.73738779820476,0.06
237.73743579897277,0.049999997
237.73748379974077,0.065
237.7375318005088,0.055
237.7375798012768,0.055
237.7376278020448,0.055
237.73767580281282,0.049999997
237.73772380358085,0.049999997
237.73777180434885,0.055
237.73781980511686,0.06
237.7378678058849,0.055
237.7379158066529,0.055
237.7379638074209,0.055
237.73801180818893,0.055
237.73805980895693,0.055
237.73810780972494,0.055
237.73815581049294,0.049999997
237.73820381126097,0.049999997
237.73825181202898,0.055
237.73829981279698,0.055
237.738347813565,0.06
237.73839581433302,0.049999997
237.73844381510102,0.049999997
237.73849181586903,0.055
237.73853981663706,0.049999997
237.73858781740506,0.055
237.73863581817307,0.055
237.7386838189411,0.055
237.7387318197091,0.049999997
237.7387798204771,0.049999997
237.73882782124514,0.049999997
237.73887582201314,0.06
237.73892382278115,0.055
237.73897182354915,0.049999997
237.73901982431718,0.055
237.7390678250852,0.055
237.7391158258532,0.049999997
237.73916382662122,0.055
237.73921182738923,0.049999997
237.73925982815723,0.055
237.73930782892523,0.055
237.73935582969327,0.055
237.73940383046127,0.055
237.73945183122927,0.06
237.7394998319973,0.055
237.7395478327653,0.049999997
237.73959583353331,0.055
237.73964383430135,0.049999997
237.73969183506935,0.055
237.73973983583736,0.055
237.73978783660536,0.049999997
237.7398358373734,0.049999997
237.7398838381414,0.055
237.7399318389094,0.055
237.73997983967743,0.049999997
237.74002784044544,0.049999997
237.74007584121344,0.049999997
237.74012384198144,0.049999997
237.74017184274948,0.049999997
237.74021984351748,0.049999997
237.74026784428548,0.055
237.74031584505352,0.049999997
237.74036384582152,0.049999997
237.74041184658952,0.049999997
237.74045984735756,0.049999997
237.74050784812556,0.055
237.74055584889356,0.055
237.74060384966157,0.06
237.7406518504296,0.049999997
237.7406998511976,0.049999997
237.7407478519656,0.049999997
237.74079585273364,0.049999997
237.74084385350164,0.049999997
237.74089185426965,0.055
237.74093985503765,0.049999997
237.74098785580568,0.06
237.7410358565737,0.049999997
237.7410838573417,0.049999997
237.74113185810972,0.049999997
237.74117985887773,0.049999997
237.74122785964573,0.049999997
237.74127586041377,0.055
237.74132386118177,0.055
237.74137186194977,0.049999997
237.74141986271778,0.055
237.7414678634858,0.049999997
237.7415158642538,0.055
237.74156386502182,0.055
237.74161186578985,0.055
237.74165986655785,0.055
237.74170786732586,0.055
237.74175586809386,0.055
237.7418038688619,0.055
237.7418518696299,0.055
237.7418998703979,0.049999997
237.74194787116593,0.055
237.74199587193394,0.049999997
237.74204387270194,0.055
237.74209187346997,0.049999997
237.74213987423798,0.055
237.74218787500598,0.049999997
237.74223587577399,0.055
237.74228387654202,0.049999997
237.74233187731002,0.055
237.74237987807803,0.055
237.74242787884606,0.055
237.74247587961406,0.06
237.74252388038207,0.055
237.74257188115007,0.049999997
237.7426198819181,0.049999997
237.7426678826861,0.055
237.7427158834541,0.049999997
237.74276388422214,0.055
237.74281188499015,0.049999997
237.74285988575815,0.044999998
237.74290788652618,0.049999997
237.7429558872942,0.049999997
237.7430038880622,0.055
237.7430518888302,0.055
237.74309988959823,0.055
237.74314789036623,0.049999997
237.74319589113423,0.055
237.74324389190227,0.049999997
237.74329189267027,0.055
237.74333989343828,0.055
237.74338789420628,0.055
237.7434358949743,0.049999997
237.74348389574232,0.06
237.74353189651032,0.049999997
237.74357989727835,0.055
237.74362789804636,0.055
237.74367589881436,0.049999997
237.7437238995824,0.055
237.7437719003504,0.055
237.7438199011184,0.055
237.7438679018864,0.055
237.74391590265444,0.049999997
237.74396390342244,0.049999997
237.74401190419044,0.055
237.74405990495848,0.049999997
237.74410790572648,0.049999997
237.74415590649448,0.049999997
237.7442039072625,0.06
237.74425190803052,0.055
237.74429990879852,0.06
237.74434790956653,0.049999997
237.74439591033456,0.055
237.74444391110256,0.049999997
237.74449191187057,0.044999998
237.7445399126386,0.055
237.7445879134066,0.044999998
237.7446359141746,0.055
237.7446839149426,0.049999997
237.74473191571064,0.06
237.74477991647865,0.055
237.74482791724665,0.055
237.74487591801469,0.055
237.7449239187827,0.049999997
237.7449719195507,0.055
237.7450199203187,0.055
237.74506792108673,0.055
237.74511592185473,0.055
237.74516392262274,0.055
237.74521192339077,0.055
237.74525992415877,0.049999997
237.74530792492678,0.055
237.7453559256948,0.055
237.7454039264628,0.055
237.74545192723082,0.055
237.74549992799882,0.049999997
237.74554792876685,0.055
237.74559592953486,0.055
237.74564393030286,0.055
237.7456919310709,0.049999997
237.7457399318389,0.055
237.7457879326069,0.049999997
237.7458359333749,0.06
237.74588393414294,0.049999997
237.74593193491094,0.055
237.74597993567895,0.055
237.74602793644698,0.049999997
237.74607593721498,0.055
237.746123937983,0.055
237.74617193875102,0.06
237.74621993951902,0.055
237.74626794028703,0.055
237.74631594105503,0.055
237.74636394182306,0.055
237.74641194259107,0.06
237.74645994335907,0.049999997
237.7465079441271,0.055
237.7465559448951,0.055
237.7466039456631,0.055
237.74665194643111,0.049999997
237.74669994719915,0.049999997
237.74674794796715,0.055
237.74679594873515,0.06
237.7468439495032,0.049999997
237.7468919502712,0.055
237.7469399510392,0.055
237.74698795180723,0.06
237.74703595257523,0.055
237.74708395334324,0.06
237.74713195411124,0.055
237.74717995487927,0.049999997
237.74722795564728,0.049999997
237.74727595641528,0.049999997
237.7473239571833,0.055
237.74737195795132,0.055
237.74741995871932,0.06
237.74746795948732,0.049999997
237.74751596025536,0.06
237.74756396102336,0.055
237.74761196179136,0.055
237.7476599625594,0.055
237.7477079633274,0.055
237.7477559640954,0.049999997
237.74780396486344,0.06
237.74785196563144,0.049999997
237.74789996639944,0.055
237.74794796716745,0.049999997
237.74799596793548,0.055
237.74804396870348,0.055
237.7480919694715,0.055
237.74813997023952,0.055
237.74818797100752,0.06
237.74823597177553,0.049999997
237.74828397254353,0.055
237.74833197331156,0.055
237.74837997407957,0.055
237.74842797484757,0.049999997
237.7484759756156,0.055
237.7485239763836,0.055
237.7485719771516,0.055
237.74861997791965,0.049999997
237.74866797868765,0.049999997
237.74871597945565,0.055
237.74876398022366,0.055
237.7488119809917,0.049999997
237.7488599817597,0.055
237.7489079825277,0.049999997
237.74895598329573,0.055
237.74900398406373,0.049999997
237.74905198483174,0.055
237.74909998559974,0.049999997
237.74914798636777,0.06
237.74919598713578,0.055
237.74924398790378,0.055
237.7492919886718,0.049999997
237.74933998943982,0.055
237.74938799020782,0.049999997
237.74943599097585,0.055
237.74948399174386,0.049999997
237.74953199251186,0.055
237.74957999327987,0.049999997
237.7496279940479,0.049999997
237.7496759948159,0.049999997
237.7497239955839,0.055
237.74977199635194,0.06
237.74981999711994,0.055
237.74986799788795,0.049999997
237.74991599865595,0.065
237.74996399942398,0.055
237.750012000192,0.065
237.75006000096,0.055
237.75010800172802,0.055
237.75015600249603,0.055
237.75020400326403,0.06
237.75025200403206,0.049999997
237.75030000480007,0.06
237.75034800556807,0.055
237.75039600633608,0.055
237.7504440071041,0.049999997
237.7504920078721,0.06
237.75054000864012,0.055
237.75058800940815,0.06
237.75063601017615,0.049999997
237.75068401094416,0.055
237.75073201171216,0.055
237.7507800124802,0.06
237.7508280132482,0.06
237.7508760140162,0.06
237.75092401478423,0.06
237.75097201555224,0.055
237.75102001632024,0.055
237.75106801708827,0.049999997
237.75111601785628,0.055
237.75116401862428,0.055
237.75121201939228,0.049999997
237.75126002016032,0.049999997
237.75130802092832,0.055
237.75135602169632,0.049999997
237.75140402246436,0.055
237.75145202323236,0.06
237.75150002400036,0.055
237.75154802476837,0.055
237.7515960255364,0.055
237.7516440263044,0.049999997
237.7516920270724,0.055
237.75174002784044,0.049999997
237.75178802860844,0.06
237.75183602937645,0.055
237.75188403014448,0.06
237.75193203091249,0.055
237.7519800316805,0.06
237.7520280324485,0.055
237.75207603321653,0.06
237.75212403398453,0.055
237.75217203475253,0.06
237.75222003552057,0.055
237.75226803628857,0.055
237.75231603705657,0.049999997
237.75236403782458,0.065
237.7524120385926,0.055
237.7524600393606,0.049999997
237.75250804012862,0.049999997
237.75255604089665,0.049999997
237.75260404166465,0.055
237.75265204243266,0.055
237.7527000432007,0.055
237.7527480439687,0.055
237.7527960447367,0.06
237.7528440455047,0.055
237.75289204627273,0.055
237.75294004704074,0.055
237.75298804780874,0.049999997
237.75303604857677,0.06
237.75308404934478,0.055
237.75313205011278,0.055
237.7531800508808,0.049999997
237.75322805164882,0.06
237.75327605241682,0.055
237.75332405318483,0.055
237.75337205395286,0.049999997
237.75342005472086,0.055
237.75346805548887,0.055
237.7535160562569,0.055
237.7535640570249,0.049999997
237.7536120577929,0.055
237.7536600585609,0.055
237.75370805932894,0.055
237.75375606009695,0.055
237.75380406086495,0.055
237.75385206163298,0.055
237.753900062401,0.055
237.753948063169,0.06
237.753996063937,0.049999997
237.75404406470503,0.049999997
237.75409206547303,0.06
237.75414006624104,0.049999997
237.75418806700907,0.055
237.75423606777707,0.074999996
237.75428406854508,0.049999997
237.7543320693131,0.06
237.7543800700811,0.055
237.75442807084912,0.049999997
237.75447607161712,0.06
237.75452407238515,0.049999997
237.75457207315316,0.055
237.75462007392116,0.049999997
237.7546680746892,0.055
237.7547160754572,0.049999997
237.7547640762252,0.049999997
237.7548120769932,0.055
237.75486007776124,0.055
237.75490807852924,0.055
237.75495607929724,0.055
237.75500408006528,0.055
237.75505208083328,0.06
237.75510008160128,0.055
237.75514808236932,0.049999997
237.75519608313732,0.055
237.75524408390532,0.055
237.75529208467333,0.049999997
237.75534008544136,0.055
237.75538808620936,0.049999997
237.75543608697737,0.049999997
237.7554840877454,0.055
237.7555320885134,0.049999997
237.7555800892814,0.049999997
237.7556280900494,0.055
237.75567609081745,0.055
237.75572409158545,0.049999997
237.75577209235345,0.055
237.75582009312149,0.055
237.7558680938895,0.06
237.7559160946575,0.049999997
237.75596409542553,0.055
237.75601209619353,0.055
237.75606009696153,0.055
237.75610809772954,0.049999997
237.75615609849757,0.055
237.75620409926557,0.055
237.75625210003358,0.049999997
237.7563001008016,0.055
237.7563481015696,0.044999998
237.75639610233762,0.055
237.75644410310562,0.049999997
237.75649210387365,0.055
237.75654010464166,0.055
237.75658810540966,0.055
237.7566361061777,0.049999997
237.7566841069457,0.055
237.7567321077137,0.055
237.75678010848173,0.049999997
237.75682810924974,0.055
237.75687611001774,0.055
237.75692411078575,0.055
237.75697211155378,0.049999997
237.75702011232178,0.055
237.7570681130898,0.049999997
237.75711611385782,0.055
237.75716411462582,0.049999997
237.75721211539383,0.049999997
237.75726011616183,0.049999997
237.75730811692986,0.06
237.75735611769787,0.049999997
237.75740411846587,0.055
237.7574521192339,0.055
237.7575001200019,0.06
237.7575481207699,0.049999997
237.75759612153794,0.055
237.75764412230595,0.049999997
237.75769212307395,0.049999997
237.75774012384196,0.055
237.75778812461,0.049999997
237.757836125378,0.055
237.757884126146,0.049999997
237.75793212691403,0.049999997
237.75798012768203,0.049999997
237.75802812845004,0.06
237.75807612921804,0.049999997
237.75812412998607,0.055
237.75817213075408,0.049999997
237.75822013152208,0.055
237.7582681322901,0.055
237.75831613305812,0.055
237.75836413382612,0.049999997
237.75841213459415,0.055
237.75846013536216,0.049999997
237.75850813613016,0.055
237.75855613689816,0.055
237.7586041376662,0.055
237.7586521384342,0.049999997
237.7587001392022,0.055
237.75874813997024,0.055
237.75879614073824,0.055
237.75884414150624,0.049999997
237.75889214227425,0.055
237.75894014304228,0.049999997
237.75898814381029,0.055
237.7590361445783,0.049999997
237.75908414534632,0.06
237.75913214611433,0.049999997
237.75918014688233,0.055
237.75922814765036,0.055
237.75927614841837,0.055
237.75932414918637,0.049999997
237.75937214995437,0.055
237.7594201507224,0.049999997
237.7594681514904,0.055
237.7595161522584,0.049999997
237.75956415302645,0.049999997
237.75961215379445,0.055
237.75966015456245,0.049999997
237.75970815533046,0.049999997
237.7597561560985,0.055
237.7598041568665,0.055
237.7598521576345,0.055
237.75990015840253,0.055
237.75994815917053,0.06
237.75999615993854,0.044999998
237.76004416070657,0.055
237.76009216147457,0.049999997
237.76014016224258,0.055
237.76018816301058,0.049999997
237.76023616377861,0.06
237.76028416454662,0.049999997
237.76033216531462,0.055
237.76038016608265,0.044999998
237.76042816685066,0.055
237.76047616761866,0.049999997
237.76052416838667,0.06
237.7605721691547,0.044999998
237.7606201699227,0.049999997
237.7606681706907,0.055
237.76071617145874,0.055
237.76076417222674,0.049999997
237.76081217299475,0.055
237.76086017376278,0.055
237.76090817453078,0.055
237.7609561752988,0.049999997
237.7610041760668,0.055
237.76105217683482,0.049999997
237.76110017760283,0.06
237.76114817837083,0.044999998
237.76119617913886,0.055
237.76124417990687,0.049999997
237.76129218067487,0.055
237.76134018144288,0.049999997
237.7613881822109,0.055
237.7614361829789,0.049999997
237.76148418374692,0.06
237.76153218451495,0.049999997
237.76158018528295,0.055
237.76162818605096,0.06
237.761676186819,0.06
237.761724187587,0.044999998
237.761772188355,0.055
237.761820189123,0.06
237.76186818989103,0.049999997
237.76191619065904,0.049999997
237.76196419142704,0.044999998
237.76201219219507,0.049999997
237.76206019296308,0.055
237.76210819373108,0.055
237.76215619449908,0.049999997
237.76220419526712,0.044999998
237.76225219603512,0.044999998
237.76230019680312,0.06
237.76234819757116,0.049999997
237.76239619833916,0.04
237.76244419910716,0.065
237.7624921998752,0.06
237.7625402006432,0.055
237.7625882014112,0.044999998
237.7626362021792,0.065
237.76268420294724,0.055
237.76273220371525,0.044999998
237.76278020448325,0.055
237.76282820525128,0.044999998
237.76287620601929,0.055
237.7629242067873,0.065
237.7629722075553,0.049999997
237.76302020832333,0.044999998
237.76306820909133,0.055
237.76311620985933,0.065
237.76316421062737,0.06
237.76321221139537,0.055
237.76326021216337,0.065
237.7633082129314,0.06
237.7633562136994,0.04
237.7634042144674,0.044999998
237.76345221523542,0.06
237.76350021600345,0.055
237.76354821677145,0.055
237.76359621753946,0.055
237.7636442183075,0.044999998
237.7636922190755,0.049999997
237.7637402198435,0.044999998
237.7637882206115,0.065
237.76383622137953,0.06
237.76388422214754,0.06
237.76393222291554,0.049999997
237.76398022368357,0.049999997
237.76402822445158,0.035
237.76407622521958,0.049999997
237.76412422598762,0.065
237.76417222675562,0.06
237.76422022752362,0.044999998
237.76426822829163,0.06
237.76431622905966,0.055
237.76436422982766,0.049999997
237.76441223059567,0.044999998
237.7644602313637,0.044999998
237.7645082321317,0.055
237.7645562328997,0.049999997
237.7646042336677,0.049999997
237.76465223443574,0.055
237.76470023520375,0.055
237.76474823597175,0.06
237.76479623673978,0.044999998
237.7648442375078,0.049999997
237.7648922382758,0.035
237.76494023904382,0.06
237.76498823981183,0.065
237.76503624057983,0.049999997
237.76508424134784,0.049999997
237.76513224211587,0.044999998
237.76518024288387,0.06
237.76522824365188,0.06
237.7652762444199,0.04
237.7653242451879,0.055
237.76537224595592,0.065
237.76542024672392,0.055
237.76546824749195,0.07
237.76551624825996,0.055
237.76556424902796,0.049999997
237.765612249796,0.06
237.765660250564,0.049999997
237.765708251332,0.049999997
237.76575625210003,0.055
237.76580425286804,0.044999998
237.76585225363604,0.07
237.76590025440404,0.06
237.76594825517208,0.044999998
237.76599625594008,0.044999998
237.76604425670808,0.065
237.76609225747612,0.055
237.76614025824412,0.055
237.76618825901213,0.055
237.76623625978013,0.044999998
237.76628426054816,0.055
237.76633226131617,0.06
237.76638026208417,0.044999998
237.7664282628522,0.044999998
237.7664762636202,0.06
237.7665242643882,0.055
237.76657226515624,0.074999996
237.76662026592425,0.055
237.76666826669225,0.044999998
237.76671626746025,0.06
237.7667642682283,0.04
237.7668122689963,0.049999997
237.7668602697643,0.06
237.76690827053233,0.055
237.76695627130033,0.07
237.76700427206833,0.065
237.76705227283634,0.049999997
237.76710027360437,0.06
237.76714827437237,0.049999997
237.76719627514038,0.044999998
237.7672442759084,0.049999997
237.76729227667641,0.055
237.76734027744442,0.055
237.76738827821245,0.06
237.76743627898045,0.049999997
237.76748427974846,0.044999998
237.76753228051646,0.065
237.7675802812845,0.06
237.7676282820525,0.049999997
237.7676762828205,0.049999997
237.76772428358854,0.07
237.76777228435654,0.06
237.76782028512454,0.044999998
237.76786828589255,0.044999998
237.76791628666058,0.065
237.76796428742858,0.055
237.7680122881966,0.049999997
237.76806028896462,0.044999998
237.76810828973262,0.044999998
237.76815629050063,0.06
237.76820429126866,0.055
237.76825229203666,0.044999998
237.76830029280467,0.06
237.76834829357267,0.06
237.7683962943407,0.049999997
237.7684442951087,0.055
237.7684922958767,0.049999997
237.76854029664474,0.055
237.76858829741275,0.06
237.76863629818075,0.049999997
237.76868429894876,0.06
237.7687322997168,0.06
237.7687803004848,0.049999997
237.7688283012528,0.049999997
237.76887630202083,0.044999998
237.76892430278883,0.049999997
237.76897230355684,0.06
237.76902030432487,0.049999997
237.76906830509287,0.06
237.76911630586088,0.06
237.76916430662888,0.049999997
237.7692123073969,0.049999997
237.76926030816492,0.044999998
237.76930830893292,0.06
237.76935630970095,0.049999997
237.76940431046896,0.04
237.76945231123696,0.065
237.76950031200496,0.055
237.769548312773,0.055
237.769596313541,0.044999998
237.769644314309,0.06
237.76969231507704,0.06
237.76974031584504,0.055
237.76978831661305,0.049999997
237.76983631738108,0.065
237.76988431814908,0.055
237.76993231891709,0.049999997
237.7699803196851,0.055
237.77002832045312,0.044999998
237.77007632122113,0.06
237.77012432198913,0.055
237.77017232275716,0.035
237.77022032352517,0.049999997
237.77026832429317,0.06
237.77031632506117,0.049999997
237.7703643258292,0.065
237.7704123265972,0.06
237.7704603273652,0.044999998
237.77050832813325,0.055
237.77055632890125,0.06
237.77060432966925,0.049999997
237.7706523304373,0.049999997
237.7707003312053,0.049999997
237.7707483319733,0.044999998
237.7707963327413,0.065
237.77084433350933,0.06
237.77089233427733,0.04
237.77094033504534,0.055
237.77098833581337,0.06
237.77103633658137,0.055
237.77108433734938,0.065
237.77113233811738,0.049999997
237.77118033888542,0.049999997
237.77122833965342,0.055
237.77127634042142,0.055
237.77132434118946,0.055
237.77137234195746,0.06
237.77142034272546,0.055
237.77146834349347,0.049999997
237.7715163442615,0.049999997
237.7715643450295,0.055
237.7716123457975,0.055
237.77166034656554,0.055
237.77170834733354,0.055
237.77175634810155,0.055
237.77180434886958,0.055
237.77185234963758,0.06
237.7719003504056,0.049999997
237.7719483511736,0.06
237.77199635194162,0.055
237.77204435270963,0.06
237.77209235347763,0.055
237.77214035424566,0.055
237.77218835501367,0.049999997
237.77223635578167,0.065
237.77228435654968,0.055
237.7723323573177,0.06
237.7723803580857,0.055
237.77242835885372,0.055
237.77247635962175,0.055
237.77252436038975,0.06
237.77257236115776,0.049999997
237.7726203619258,0.06
237.7726683626938,0.049999997
237.7727163634618,0.055
237.7727643642298,0.055
237.77281236499783,0.06
237.77286036576584,0.049999997
237.77290836653384,0.055
237.77295636730187,0.049999997
237.77300436806988,0.06
237.77305236883788,0.055
237.77310036960588,0.06
237.77314837037392,0.049999997
237.77319637114192,0.055
237.77324437190993,0.044999998
237.77329237267796,0.06
237.77334037344596,0.055
237.77338837421397,0.065
237.773436374982,0.055
237.77348437575,0.06
237.773532376518,0.055
237.773580377286,0.055
237.77362837805404,0.055
237.77367637882205,0.055
237.77372437959005,0.049999997
237.77377238035808,0.049999997
237.7738203811261,0.049999997
237.7738683818941,0.049999997
237.7739163826621,0.055
237.77396438343013,0.06
237.77401238419813,0.044999998
237.77406038496613,0.049999997
237.77410838573417,0.055
237.77415638650217,0.055
237.77420438727017,0.055
237.7742523880382,0.049999997
237.7743003888062,0.055
237.77434838957421,0.049999997
237.77439639034222,0.055
237.77444439111025,0.049999997
237.77449239187825,0.055
237.77454039264626,0.06
237.7745883934143,0.049999997
237.7746363941823,0.06
237.7746843949503,0.055
237.7747323957183,0.055
237.77478039648634,0.055
237.77482839725434,0.055
237.77487639802234,0.055
237.77492439879038,0.055
237.77497239955838,0.049999997
237.77502040032638,0.06
237.77506840109442,0.055
237.77511640186242,0.049999997
237.77516440263042,0.055
237.77521240339843,0.06
237.77526040416646,0.049999997
237.77530840493446,0.055
237.77535640570247,0.055
237.7754044064705,0.055
237.7754524072385,0.049999997
237.7755004080065,0.055
237.7755484087745,0.055
237.77559640954254,0.06
237.77564441031055,0.055
237.77569241107855,0.049999997
237.77574041184658,0.055
237.7757884126146,0.06
237.7758364133826,0.055
237.77588441415062,0.055
237.77593241491863,0.055
237.77598041568663,0.06
237.77602841645464,0.055
237.77607641722267,0.055
237.77612441799067,0.055
237.77617241875868,0.049999997
237.7762204195267,0.055
237.7762684202947,0.055
237.77631642106272,0.049999997
237.77636442183072,0.06
237.77641242259875,0.055
237.77646042336676,0.055
237.77650842413476,0.055
237.7765564249028,0.055
237.7766044256708,0.055
237.7766524264388,0.049999997
237.77670042720683,0.055
237.77674842797484,0.06
237.77679642874284,0.055
237.77684442951085,0.055
237.77689243027888,0.055
237.77694043104688,0.055
237.77698843181489,0.055
237.77703643258292,0.055
237.77708443335092,0.049999997
237.77713243411893,0.049999997
237.77718043488693,0.055
237.77722843565496,0.055
237.77727643642297,0.055
237.77732443719097,0.055
237.777372437959,0.06
237.777420438727,0.055
237.777468439495,0.055
237.77751644026304,0.055
