Tiempo (s),Datos
53.35496567945087,-0.01
53.35501368021888,-0.01
53.35506168098689,-0.01
53.355109681754904,-0.01
53.355157682522915,-0.0075
53.355205683290926,-0.01
53.355253684058944,-0.0075
53.355301684826955,-0.0075
53.355349685594966,-0.01
53.35539768636298,-0.01
53.35544568713099,-0.0075
53.355493687899006,-0.01
53.35554168866702,-0.012499999
53.35558968943503,-0.01
53.35563769020304,-0.01
53.35568569097105,-0.012499999
53.35573369173906,-0.01
53.35578169250708,-0.012499999
53.35582969327509,-0.01
53.3558776940431,-0.01
53.35592569481111,-0.0075
53.355973695579124,-0.01
53.356021696347135,-0.012499999
53.35606969711515,-0.0075
53.356117697883164,-0.01
53.356165698651175,-0.01
53.356213699419186,-0.01
53.3562617001872,-0.01
53.356309700955215,-0.01
53.356357701723226,-0.012499999
53.35640570249124,-0.01
53.35645370325925,-0.012499999
53.35650170402726,-0.01
53.35654970479527,-0.01
53.35659770556329,-0.01
53.3566457063313,-0.012499999
53.35669370709931,-0.01
53.35674170786732,-0.01
53.35678970863533,-0.0075
53.356837709403344,-0.01
53.35688571017136,-0.01
53.35693371093937,-0.01
53.356981711707384,-0.01
53.357029712475395,-0.01
53.357077713243406,-0.0075
53.357125714011424,-0.01
53.357173714779435,-0.0075
53.357221715547446,-0.01
53.35726971631546,-0.01
53.35731771708347,-0.01
53.35736571785148,-0.01
53.3574137186195,-0.01
53.35746171938751,-0.0075
53.35750972015552,-0.01
53.35755772092353,-0.0075
53.35760572169154,-0.01
53.35765372245955,-0.0075
53.35770172322757,-0.01
53.35774972399558,-0.0075
53.35779772476359,-0.012499999
53.357845725531604,-0.01
53.357893726299615,-0.01
53.35794172706763,-0.01
53.357989727835644,-0.01
53.358037728603655,-0.01
53.358085729371666,-0.01
53.35813373013968,-0.01
53.35818173090769,-0.01
53.358229731675706,-0.012499999
53.35827773244372,-0.012499999
53.35832573321173,-0.012499999
53.35837373397974,-0.01
53.35842173474775,-0.012499999
53.35846973551576,-0.01
53.35851773628378,-0.01
53.35856573705179,-0.01
53.3586137378198,-0.01
53.35866173858781,-0.01
53.358709739355824,-0.012499999
53.35875774012384,-0.01
53.35880574089185,-0.01
53.358853741659864,-0.01
53.358901742427875,-0.01
53.358949743195886,-0.005
53.3589977439639,-0.01
53.359045744731915,-0.01
53.359093745499926,-0.01
53.35914174626794,-0.012499999
53.35918974703595,-0.012499999
53.35923774780396,-0.01
53.35928574857197,-0.012499999
53.35933374933999,-0.012499999
53.359381750108,-0.01
53.35942975087601,-0.01
53.35947775164402,-0.01
53.35952575241203,-0.01
53.35957375318005,-0.01
53.35962175394806,-0.01
53.35966975471607,-0.01
53.359717755484084,-0.01
53.359765756252095,-0.01
53.359813757020106,-0.01
53.359861757788124,-0.01
53.359909758556135,-0.012499999
53.359957759324146,-0.01
53.36000576009216,-0.01
53.36005376086017,-0.012499999
53.36010176162818,-0.01
53.3601497623962,-0.012499999
53.36019776316421,-0.01
53.36024576393222,-0.012499999
53.36029376470023,-0.01
53.36034176546824,-0.01
53.36038976623626,-0.0075
53.36043776700427,-0.01
53.36048576777228,-0.01
53.36053376854029,-0.0075
53.360581769308304,-0.012499999
53.360629770076315,-0.01
53.36067777084433,-0.012499999
53.360725771612344,-0.01
53.360773772380355,-0.01
53.360821773148366,-0.01
53.36086977391638,-0.01
53.36091777468439,-0.012499999
53.36096577545241,-0.01
53.36101377622042,-0.01
53.36106177698843,-0.01
53.36110977775644,-0.012499999
53.36115777852445,-0.01
53.36120577929247,-0.01
53.36125378006048,-0.01
53.36130178082849,-0.01
53.3613497815965,-0.01
53.36139778236451,-0.01
53.361445783132524,-0.01
53.36149378390054,-0.01
53.36154178466855,-0.01
53.361589785436564,-0.01
53.361637786204575,-0.01
53.361685786972586,-0.01
53.3617337877406,-0.012499999
53.361781788508615,-0.01
53.36182978927663,-0.01
53.36187779004464,-0.0075
53.36192579081265,-0.01
53.36197379158066,-0.0075
53.36202179234868,-0.01
53.36206979311669,-0.01
53.3621177938847,-0.01
53.36216579465271,-0.01
53.36221379542072,-0.01
53.36226179618873,-0.01
53.36230979695675,-0.01
53.36235779772476,-0.01
53.36240579849277,-0.01
53.362453799260784,-0.012499999
53.362501800028795,-0.01
53.362549800796806,-0.01
53.362597801564824,-0.01
53.362645802332835,-0.01
53.362693803100846,-0.01
53.36274180386886,-0.01
53.36278980463687,-0.01
53.36283780540489,-0.01
53.3628858061729,-0.01
53.36293380694091,-0.01
53.36298180770892,-0.01
53.36302980847693,-0.01
53.36307780924494,-0.01
53.36312581001296,-0.012499999
53.36317381078097,-0.012499999
53.36322181154898,-0.01
53.36326981231699,-0.01
53.363317813085004,-0.012499999
53.363365813853015,-0.01
53.36341381462103,-0.01
53.363461815389044,-0.01
53.363509816157055,-0.012499999
53.363557816925066,-0.012499999
53.36360581769308,-0.01
53.363653818461096,-0.012499999
53.36370181922911,-0.01
53.36374981999712,-0.01
53.36379782076513,-0.01
53.36384582153314,-0.012499999
53.36389382230115,-0.01
53.36394182306917,-0.01
53.36398982383718,-0.012499999
53.36403782460519,-0.01
53.3640858253732,-0.01
53.36413382614121,-0.01
53.364181826909224,-0.012499999
53.36422982767724,-0.01
53.36427782844525,-0.012499999
53.364325829213264,-0.012499999
53.364373829981275,-0.01
53.364421830749286,-0.01
53.364469831517304,-0.012499999
53.364517832285316,-0.01
53.36456583305333,-0.01
53.36461383382134,-0.0075
53.36466183458935,-0.012499999
53.36470983535736,-0.01
53.36475783612538,-0.012499999
53.36480583689339,-0.01
53.3648538376614,-0.012499999
53.36490183842941,-0.0075
53.36494983919742,-0.01
53.36499783996543,-0.01
53.36504584073345,-0.01
53.36509384150146,-0.01
53.36514184226947,-0.01
53.365189843037484,-0.01
53.365237843805495,-0.012499999
53.36528584457351,-0.005
53.365333845341524,-0.01
53.365381846109536,-0.0075
53.36542984687755,-0.012499999
53.36547784764556,-0.01
53.36552584841357,-0.012499999
53.36557384918159,-0.01
53.3656218499496,-0.01
53.36566985071761,-0.01
53.36571785148562,-0.012499999
53.36576585225363,-0.01
53.36581385302164,-0.012499999
53.36586185378966,-0.01
53.36590985455767,-0.012499999
53.36595785532568,-0.012499999
53.36600585609369,-0.012499999
53.366053856861704,-0.01
53.366101857629715,-0.012499999
53.36614985839773,-0.01
53.366197859165744,-0.01
53.366245859933755,-0.01
53.36629386070177,-0.012499999
53.36634186146978,-0.01
53.366389862237796,-0.01
53.36643786300581,-0.01
53.36648586377382,-0.012499999
53.36653386454183,-0.01
53.36658186530984,-0.012499999
53.36662986607785,-0.01
53.36667786684587,-0.01
53.36672586761388,-0.012499999
53.36677386838189,-0.012499999
53.3668218691499,-0.0075
53.36686986991791,-0.01
53.366917870685924,-0.0075
53.36696587145394,-0.01
53.36701387222195,-0.0075
53.367061872989964,-0.0075
53.367109873757975,-0.005
53.36715787452599,-0.01
53.367205875294005,-0.012499999
53.367253876062016,-0.01
53.36730187683003,-0.012499999
53.36734987759804,-0.01
53.36739787836605,-0.012499999
53.36744587913406,-0.01
53.36749387990208,-0.012499999
53.36754188067009,-0.012499999
53.3675898814381,-0.012499999
53.36763788220611,-0.01
53.36768588297412,-0.012499999
53.36773388374213,-0.012499999
53.36778188451015,-0.01
53.36782988527816,-0.01
53.36787788604617,-0.012499999
53.367925886814184,-0.01
53.367973887582195,-0.012499999
53.36802188835021,-0.0075
53.368069889118225,-0.01
53.368117889886236,-0.01
53.36816589065425,-0.01
53.36821389142226,-0.012499999
53.36826189219027,-0.01
53.36830989295829,-0.01
53.3683578937263,-0.01
53.36840589449431,-0.01
53.36845389526232,-0.01
53.36850189603033,-0.01
53.36854989679834,-0.01
53.36859789756636,-0.01
53.36864589833437,-0.01
53.36869389910238,-0.01
53.36874189987039,-0.01
53.368789900638404,-0.01
53.36883790140642,-0.01
53.36888590217443,-0.01
53.368933902942445,-0.012499999
53.368981903710456,-0.01
53.36902990447847,-0.01
53.36907790524648,-0.0075
53.369125906014496,-0.01
53.36917390678251,-0.012499999
53.36922190755052,-0.01
53.36926990831853,-0.01
53.36931790908654,-0.012499999
53.36936590985455,-0.012499999
53.36941391062257,-0.012499999
53.36946191139058,-0.0075
53.36950991215859,-0.0075
53.3695579129266,-0.005
53.36960591369461,-0.01
53.36965391446263,-0.0075
53.36970191523064,-0.01
53.36974991599865,-0.01
53.369797916766665,-0.01
53.369845917534676,-0.012499999
53.36989391830269,-0.01
53.369941919070705,-0.0075
53.369989919838716,-0.0075
53.37003792060673,-0.01
53.37008592137474,-0.01
53.37013392214275,-0.012499999
53.37018192291076,-0.01
53.37022992367878,-0.012499999
53.37027792444679,-0.012499999
53.3703259252148,-0.0175
53.37037392598281,-0.01
53.37042192675082,-0.012499999
53.37046992751884,-0.012499999
53.37051792828685,-0.01
53.37056592905486,-0.01
53.37061392982287,-0.01
53.370661930590884,-0.01
53.370709931358896,-0.01
53.370757932126914,-0.01
53.370805932894925,-0.01
53.370853933662936,-0.0075
53.37090193443095,-0.012499999
53.37094993519896,-0.0075
53.37099793596697,-0.01
53.37104593673499,-0.01
53.371093937503,-0.012499999
53.37114193827101,-0.01
53.37118993903902,-0.01
53.37123793980703,-0.01
53.37128594057505,-0.01
53.37133394134306,-0.01
53.37138194211107,-0.012499999
53.37142994287908,-0.01
53.37147794364709,-0.012499999
53.371525944415104,-0.012499999
53.37157394518312,-0.01
53.371621945951134,-0.012499999
53.371669946719145,-0.01
53.371717947487156,-0.012499999
53.37176594825517,-0.01
53.37181394902318,-0.012499999
53.371861949791196,-0.0075
53.37190995055921,-0.01
53.37195795132722,-0.012499999
53.37200595209523,-0.0075
53.37205395286324,-0.01
53.37210195363126,-0.01
53.37214995439927,-0.01
53.37219795516728,-0.01
53.37224595593529,-0.012499999
53.3722939567033,-0.01
53.37234195747131,-0.01
53.37238995823933,-0.01
53.37243795900734,-0.012499999
53.372485959775354,-0.01
53.372533960543365,-0.01
53.372581961311376,-0.01
53.37262996207939,-0.01
53.372677962847405,-0.0075
53.372725963615416,-0.01
53.37277396438343,-0.01
53.37282196515144,-0.0075
53.37286996591945,-0.0075
53.37291796668747,-0.012499999
53.37296596745548,-0.01
53.37301396822349,-0.012499999
53.3730619689915,-0.012499999
53.37310996975951,-0.012499999
53.37315797052752,-0.01
53.37320597129554,-0.012499999
53.37325397206355,-0.01
53.37330197283156,-0.01
53.373349973599574,-0.01
53.373397974367585,-0.012499999
53.373445975135596,-0.012499999
53.373493975903614,-0.012499999
53.373541976671625,-0.01
53.373589977439636,-0.012499999
53.37363797820765,-0.01
53.37368597897566,-0.012499999
53.373733979743676,-0.0075
53.37378198051169,-0.012499999
53.3738299812797,-0.012499999
53.37387798204771,-0.012499999
53.37392598281572,-0.01
53.37397398358373,-0.01
53.37402198435175,-0.012499999
53.37406998511976,-0.01
53.37411798588777,-0.01
53.37416598665578,-0.012499999
53.37421398742379,-0.012499999
53.374261988191805,-0.01
53.37430998895982,-0.01
53.374357989727834,-0.01
53.374405990495845,-0.01
53.374453991263856,-0.01
53.37450199203187,-0.01
53.374549992799885,-0.012499999
53.374597993567896,-0.012499999
53.37464599433591,-0.01
53.37469399510392,-0.01
53.37474199587193,-0.01
53.37478999663994,-0.01
53.37483799740796,-0.01
53.37488599817597,-0.01
53.37493399894398,-0.012499999
53.37498199971199,-0.01
53.37503000048,-0.01
53.37507800124801,-0.01
53.37512600201603,-0.012499999
53.37517400278404,-0.01
53.375222003552054,-0.01
53.375270004320065,-0.0075
53.375318005088076,-0.01
53.375366005856094,-0.0075
53.375414006624105,-0.01
53.375462007392116,-0.0075
53.37551000816013,-0.01
53.37555800892814,-0.005
53.37560600969615,-0.01
53.37565401046417,-0.012499999
53.37570201123218,-0.01
53.37575001200019,-0.01
53.3757980127682,-0.01
53.37584601353621,-0.012499999
53.37589401430422,-0.01
53.37594201507224,-0.012499999
53.37599001584025,-0.012499999
53.37603801660826,-0.01
53.376086017376274,-0.01
53.376134018144285,-0.01
53.3761820189123,-0.01
53.376230019680314,-0.01
53.376278020448325,-0.01
53.376326021216336,-0.01
53.37637402198435,-0.01
53.37642202275236,-0.01
53.376470023520376,-0.01
53.37651802428839,-0.01
53.3765660250564,-0.01
53.37661402582441,-0.01
53.37666202659242,-0.01
53.37671002736043,-0.01
53.37675802812845,-0.01
53.37680602889646,-0.01
53.37685402966447,-0.012499999
53.37690203043248,-0.01
53.376950031200494,-0.01
53.376998031968505,-0.01
53.37704603273652,-0.01
53.377094033504534,-0.01
53.377142034272545,-0.01
53.377190035040556,-0.012499999
53.37723803580857,-0.01
53.377286036576585,-0.012499999
53.377334037344596,-0.01
53.37738203811261,-0.01
53.37743003888062,-0.01
53.37747803964863,-0.01
53.37752604041664,-0.01
53.37757404118466,-0.012499999
53.37762204195267,-0.012499999
53.37767004272068,-0.012499999
53.37771804348869,-0.012499999
53.3777660442567,-0.012499999
53.377814045024714,-0.01
53.37786204579273,-0.012499999
53.37791004656074,-0.01
53.377958047328754,-0.01
53.378006048096765,-0.01
53.378054048864776,-0.01
53.378102049632794,-0.0075
53.378150050400805,-0.01
53.378198051168816,-0.0075
53.37824605193683,-0.01
53.37829405270484,-0.005
53.37834205347285,-0.01
53.37839005424087,-0.0075
53.37843805500888,-0.012499999
53.37848605577689,-0.012499999
53.3785340565449,-0.01
53.37858205731291,-0.012499999
53.37863005808092,-0.01
53.37867805884894,-0.012499999
53.37872605961695,-0.012499999
53.37877406038496,-0.01
53.378822061152974,-0.01
53.378870061920985,-0.01
53.378918062689,-0.0075
53.378966063457014,-0.0075
53.379014064225025,-0.01
53.379062064993036,-0.01
53.37911006576105,-0.01
53.37915806652906,-0.01
53.379206067297076,-0.012499999
53.37925406806509,-0.0075
53.3793020688331,-0.01
53.37935006960111,-0.01
53.37939807036912,-0.01
53.37944607113713,-0.01
53.37949407190515,-0.01
53.37954207267316,-0.01
53.37959007344117,-0.01
53.37963807420918,-0.01
53.379686074977194,-0.01
53.37973407574521,-0.01
53.37978207651322,-0.012499999
53.379830077281234,-0.012499999
53.379878078049245,-0.01
53.379926078817256,-0.012499999
53.37997407958527,-0.01
53.380022080353285,-0.012499999
53.380070081121296,-0.01
53.38011808188931,-0.012499999
53.38016608265732,-0.01
53.38021408342533,-0.012499999
53.38026208419334,-0.01
53.38031008496136,-0.0075
53.38035808572937,-0.012499999
53.38040608649738,-0.0075
53.38045408726539,-0.01
53.3805020880334,-0.01
53.38055008880142,-0.005
53.38059808956943,-0.012499999
53.38064609033744,-0.012499999
53.380694091105454,-0.012499999
53.380742091873465,-0.01
53.380790092641476,-0.012499999
53.380838093409494,-0.012499999
53.380886094177505,-0.012499999
53.380934094945516,-0.01
53.38098209571353,-0.01
53.38103009648154,-0.01
53.38107809724955,-0.01
53.38112609801757,-0.0075
53.38117409878558,-0.0075
53.38122209955359,-0.01
53.3812701003216,-0.01
53.38131810108961,-0.0075
53.38136610185763,-0.01
53.38141410262564,-0.01
53.38146210339365,-0.01
53.38151010416166,-0.01
53.381558104929674,-0.0075
53.381606105697685,-0.01
53.3816541064657,-0.01
53.381702107233714,-0.0075
53.381750108001725,-0.01
53.381798108769736,-0.01
53.38184610953775,-0.01
53.38189411030576,-0.01
53.381942111073776,-0.01
53.38199011184179,-0.01
53.3820381126098,-0.012499999
53.38208611337781,-0.0075
53.38213411414582,-0.01
53.38218211491384,-0.0075
53.38223011568185,-0.01
53.38227811644986,-0.01
53.38232611721787,-0.01
53.38237411798588,-0.01
53.382422118753894,-0.01
53.38247011952191,-0.01
53.38251812028992,-0.01
53.382566121057934,-0.01
53.382614121825945,-0.01
53.382662122593956,-0.01
53.38271012336197,-0.0075
53.382758124129985,-0.0075
53.382806124897996,-0.01
53.38285412566601,-0.012499999
53.38290212643402,-0.01
53.38295012720203,-0.0075
53.38299812797005,-0.01
53.38304612873806,-0.01
53.38309412950607,-0.01
53.38314213027408,-0.01
53.38319013104209,-0.01
53.3832381318101,-0.012499999
53.38328613257812,-0.01
53.38333413334613,-0.01
53.38338213411414,-0.01
53.383430134882154,-0.01
53.383478135650165,-0.01
53.383526136418176,-0.012499999
53.383574137186194,-0.01
53.383622137954205,-0.01
53.383670138722216,-0.01
53.38371813949023,-0.01
53.38376614025824,-0.0075
53.38381414102626,-0.012499999
53.38386214179427,-0.01
53.38391014256228,-0.01
53.38395814333029,-0.01
53.3840061440983,-0.012499999
53.38405414486631,-0.01
53.38410214563433,-0.01
53.38415014640234,-0.01
53.38419814717035,-0.01
53.38424614793836,-0.012499999
53.384294148706374,-0.01
53.384342149474385,-0.01
53.3843901502424,-0.01
53.384438151010414,-0.012499999
53.384486151778425,-0.012499999
53.384534152546436,-0.01
53.38458215331445,-0.012499999
53.384630154082465,-0.0075
53.38467815485048,-0.012499999
53.38472615561849,-0.01
53.3847741563865,-0.012499999
53.38482215715451,-0.0075
53.38487015792252,-0.01
53.38491815869054,-0.0075
53.38496615945855,-0.01
53.38501416022656,-0.012499999
53.38506216099457,-0.01
53.38511016176258,-0.015
53.385158162530594,-0.012499999
53.38520616329861,-0.01
53.38525416406662,-0.012499999
53.385302164834634,-0.01
53.385350165602645,-0.01
53.385398166370656,-0.01
53.385446167138674,-0.012499999
53.385494167906685,-0.01
53.3855421686747,-0.01
53.38559016944271,-0.01
53.38563817021072,-0.01
53.38568617097873,-0.01
53.38573417174675,-0.01
53.38578217251476,-0.012499999
53.38583017328277,-0.01
53.38587817405078,-0.01
53.38592617481879,-0.01
53.3859741755868,-0.01
53.38602217635482,-0.01
53.38607017712283,-0.012499999
53.38611817789084,-0.01
53.386166178658854,-0.01
53.386214179426865,-0.01
53.38626218019488,-0.01
53.386310180962894,-0.01
53.386358181730905,-0.01
53.38640618249892,-0.0075
53.38645418326693,-0.01
53.38650218403494,-0.01
53.38655018480296,-0.01
53.38659818557097,-0.012499999
53.38664618633898,-0.012499999
53.38669418710699,-0.012499999
53.386742187875,-0.01
53.38679018864301,-0.012499999
53.38683818941103,-0.012499999
53.38688619017904,-0.01
53.38693419094705,-0.012499999
53.38698219171506,-0.01
53.387030192483074,-0.01
53.38707819325109,-0.01
53.3871261940191,-0.012499999
53.387174194787114,-0.01
53.387222195555125,-0.012499999
53.387270196323136,-0.01
53.38731819709115,-0.01
53.387366197859166,-0.01
53.38741419862718,-0.01
53.38746219939519,-0.01
53.3875102001632,-0.01
53.38755820093121,-0.0075
53.38760620169922,-0.01
53.38765420246724,-0.012499999
53.38770220323525,-0.012499999
53.38775020400326,-0.012499999
53.38779820477127,-0.01
53.38784620553928,-0.01
53.387894206307294,-0.01
53.38794220707531,-0.01
53.38799020784332,-0.01
53.388038208611334,-0.01
53.388086209379345,-0.01
53.388134210147356,-0.01
53.388182210915375,-0.01
53.388230211683386,-0.0075
53.3882782124514,-0.012499999
53.38832621321941,-0.01
53.38837421398742,-0.01
53.38842221475543,-0.0075
53.38847021552345,-0.012499999
53.38851821629146,-0.0075
53.38856621705947,-0.01
53.38861421782748,-0.01
53.38866221859549,-0.01
53.3887102193635,-0.01
53.38875822013152,-0.01
53.38880622089953,-0.01
53.38885422166754,-0.01
53.388902222435554,-0.01
53.388950223203565,-0.01
53.38899822397158,-0.01
53.389046224739594,-0.012499999
53.389094225507606,-0.012499999
53.38914222627562,-0.01
53.38919022704363,-0.012499999
53.38923822781164,-0.012499999
53.38928622857966,-0.012499999
53.38933422934767,-0.012499999
53.38938223011568,-0.01
53.38943023088369,-0.012499999
53.3894782316517,-0.012499999
53.38952623241971,-0.012499999
53.38957423318773,-0.01
53.38962223395574,-0.01
53.38967023472375,-0.012499999
53.38971823549176,-0.01
53.389766236259774,-0.01
53.38981423702779,-0.01
53.3898622377958,-0.01
53.389910238563814,-0.012499999
53.389958239331825,-0.01
53.39000624009984,-0.01
53.39005424086785,-0.012499999
53.390102241635866,-0.01
53.39015024240388,-0.01
53.39019824317189,-0.01
53.3902462439399,-0.01
53.39029424470791,-0.01
53.39034224547592,-0.012499999
53.39039024624394,-0.01
53.39043824701195,-0.01
53.39048624777996,-0.01
53.39053424854797,-0.01
53.39058224931598,-0.01
53.390630250084,-0.01
53.39067825085201,-0.01
53.39072625162002,-0.01
53.390774252388034,-0.012499999
53.390822253156045,-0.012499999
53.39087025392406,-0.01
53.390918254692075,-0.01
53.390966255460086,-0.012499999
53.3910142562281,-0.01
53.39106225699611,-0.012499999
53.39111025776412,-0.012499999
53.39115825853213,-0.012499999
53.39120625930015,-0.012499999
53.39125426006816,-0.012499999
53.39130226083617,-0.01
53.39135026160418,-0.01
53.39139826237219,-0.01
53.39144626314021,-0.01
53.39149426390822,-0.012499999
53.39154226467623,-0.012499999
53.39159026544424,-0.01
53.391638266212254,-0.012499999
53.391686266980265,-0.01
53.391734267748284,-0.01
53.391782268516295,-0.012499999
53.391830269284306,-0.012499999
53.39187827005232,-0.01
53.39192627082033,-0.012499999
53.39197427158834,-0.012499999
53.39202227235636,-0.01
53.39207027312437,-0.0075
53.39211827389238,-0.01
53.39216627466039,-0.0075
53.3922142754284,-0.01
53.39226227619642,-0.01
53.39231027696443,-0.0075
53.39235827773244,-0.0075
53.39240627850045,-0.01
53.39245427926846,-0.005
53.392502280036474,-0.01
53.39255028080449,-0.0075
53.3925982815725,-0.01
53.392646282340515,-0.0075
53.392694283108526,-0.01
53.39274228387654,-0.012499999
53.39279028464455,-0.012499999
53.392838285412566,-0.01
53.39288628618058,-0.012499999
53.39293428694859,-0.01
53.3929822877166,-0.01
53.39303028848461,-0.012499999
53.39307828925263,-0.01
53.39312629002064,-0.01
53.39317429078865,-0.0075
53.39322229155666,-0.01
53.39327029232467,-0.01
53.39331829309268,-0.01
53.3933662938607,-0.01
53.39341429462871,-0.01
53.39346229539672,-0.012499999
53.393510296164735,-0.01
53.393558296932746,-0.01
53.39360629770076,-0.012499999
53.393654298468775,-0.0075
53.393702299236786,-0.012499999
53.3937503000048,-0.01
53.39379830077281,-0.01
53.39384630154082,-0.01
53.39389430230884,-0.01
53.39394230307685,-0.01
53.39399030384486,-0.012499999
53.39403830461287,-0.01
53.39408630538088,-0.01
53.39413430614889,-0.012499999
53.39418230691691,-0.012499999
53.39423030768492,-0.01
53.39427830845293,-0.01
53.39432630922094,-0.01
53.394374309988955,-0.01
53.394422310756966,-0.012499999
53.394470311524984,-0.012499999
53.394518312292995,-0.0075
53.394566313061006,-0.012499999
53.39461431382902,-0.0075
53.39466231459703,-0.01
53.394710315365046,-0.01
53.39475831613306,-0.01
53.39480631690107,-0.01
53.39485431766908,-0.01
53.39490231843709,-0.012499999
53.3949503192051,-0.012499999
53.39499831997312,-0.01
53.39504632074113,-0.01
53.39509432150914,-0.01
53.39514232227715,-0.01
53.39519032304516,-0.01
53.395238323813174,-0.01
53.39528632458119,-0.01
53.395334325349204,-0.012499999
53.395382326117215,-0.012499999
53.395430326885226,-0.01
53.39547832765324,-0.012499999
53.395526328421255,-0.01
53.395574329189266,-0.01
53.39562232995728,-0.012499999
53.39567033072529,-0.01
53.3957183314933,-0.01
53.39576633226131,-0.01
53.39581433302933,-0.012499999
53.39586233379734,-0.01
53.39591033456535,-0.012499999
53.39595833533336,-0.01
53.39600633610137,-0.012499999
53.39605433686938,-0.01
53.3961023376374,-0.01
53.39615033840541,-0.01
53.396198339173424,-0.01
53.396246339941435,-0.01
53.396294340709446,-0.012499999
53.396342341477464,-0.012499999
53.396390342245475,-0.01
53.396438343013486,-0.012499999
53.3964863437815,-0.01
53.39653434454951,-0.012499999
53.39658234531752,-0.01
53.39663034608554,-0.012499999
53.39667834685355,-0.01
53.39672634762156,-0.012499999
53.39677434838957,-0.01
53.39682234915758,-0.012499999
53.39687034992559,-0.0075
53.39691835069361,-0.012499999
53.39696635146162,-0.012499999
53.39701435222963,-0.012499999
53.397062352997644,-0.01
53.397110353765655,-0.012499999
53.39715835453367,-0.01
53.397206355301684,-0.01
53.397254356069695,-0.01
53.397302356837706,-0.01
53.39735035760572,-0.0075
53.39739835837373,-0.01
53.397446359141746,-0.0075
53.39749435990976,-0.01
53.39754236067777,-0.005
53.39759036144578,-0.012499999
53.39763836221379,-0.01
53.3976863629818,-0.01
53.39773436374982,-0.012499999
53.39778236451783,-0.01
53.39783036528584,-0.012499999
53.39787836605385,-0.01
53.397926366821864,-0.012499999
53.39797436758988,-0.01
53.39802236835789,-0.01
53.398070369125904,-0.01
53.398118369893915,-0.012499999
53.398166370661926,-0.01
53.39821437142994,-0.015
53.398262372197955,-0.01
53.398310372965966,-0.01
53.39835837373398,-0.01
53.39840637450199,-0.01
53.39845437527,-0.01
53.39850237603801,-0.01
53.39855037680603,-0.01
53.39859837757404,-0.01
53.39864637834205,-0.01
53.39869437911006,-0.01
53.39874237987807,-0.0075
53.39879038064608,-0.01
53.3988383814141,-0.01
53.39888638218211,-0.0075
53.398934382950124,-0.01
53.398982383718135,-0.01
53.399030384486146,-0.01
53.399078385254164,-0.01
53.399126386022175,-0.01
53.399174386790186,-0.012499999
53.3992223875582,-0.01
53.39927038832621,-0.012499999
53.39931838909422,-0.01
53.39936638986224,-0.012499999
53.39941439063025,-0.01
53.39946239139826,-0.01
53.39951039216627,-0.01
53.39955839293428,-0.012499999
53.39960639370229,-0.01
53.39965439447031,-0.01
53.39970239523832,-0.01
53.39975039600633,-0.01
53.399798396774344,-0.01
53.399846397542355,-0.012499999
53.39989439831037,-0.01
53.399942399078384,-0.01
53.399990399846395,-0.01
53.400038400614406,-0.012499999
53.40008640138242,-0.01
53.40013440215043,-0.012499999
53.400182402918446,-0.012499999
53.40023040368646,-0.01
53.40027840445447,-0.01
53.40032640522248,-0.01
53.40037440599049,-0.01
53.4004224067585,-0.01
53.40047040752652,-0.01
53.40051840829453,-0.01
53.40056640906254,-0.01
53.40061440983055,-0.012499999
53.400662410598564,-0.01
53.40071041136658,-0.01
53.40075841213459,-0.01
53.400806412902604,-0.01
53.400854413670615,-0.012499999
53.400902414438626,-0.01
53.40095041520664,-0.01
53.400998415974655,-0.01
53.401046416742666,-0.012499999
53.40109441751068,-0.01
53.40114241827869,-0.012499999
53.4011904190467,-0.01
53.40123841981471,-0.012499999
53.40128642058273,-0.012499999
53.40133442135074,-0.012499999
53.40138242211875,-0.012499999
53.40143042288676,-0.01
53.40147842365477,-0.01
53.40152642442279,-0.01
53.4015744251908,-0.0075
53.40162242595881,-0.01
53.401670426726824,-0.012499999
53.401718427494835,-0.01
53.401766428262846,-0.01
53.401814429030864,-0.012499999
53.401862429798875,-0.012499999
53.401910430566886,-0.01
53.4019584313349,-0.01
53.40200643210291,-0.01
53.40205443287092,-0.012499999
53.40210243363894,-0.01
53.40215043440695,-0.01
53.40219843517496,-0.01
53.40224643594297,-0.0075
53.40229443671098,-0.01
53.402342437479,-0.01
53.40239043824701,-0.012499999
53.40243843901502,-0.01
53.40248643978303,-0.01
53.402534440551044,-0.01
53.402582441319055,-0.01
53.40263044208707,-0.01
53.402678442855084,-0.01
53.402726443623095,-0.012499999
53.402774444391106,-0.01
53.40282244515912,-0.012499999
53.40287044592713,-0.01
53.402918446695146,-0.012499999
53.40296644746316,-0.01
53.40301444823117,-0.01
53.40306244899918,-0.01
53.40311044976719,-0.01
53.40315845053521,-0.012499999
53.40320645130322,-0.01
53.40325445207123,-0.0075
53.40330245283924,-0.01
53.40335045360725,-0.012499999
53.403398454375264,-0.01
53.40344645514328,-0.01
53.40349445591129,-0.01
53.403542456679304,-0.01
53.403590457447315,-0.012499999
53.403638458215326,-0.01
53.40368645898334,-0.01
53.403734459751355,-0.01
53.403782460519366,-0.012499999
53.40383046128738,-0.01
53.40387846205539,-0.012499999
53.4039264628234,-0.01
53.40397446359142,-0.01
53.40402246435943,-0.01
53.40407046512744,-0.01
53.40411846589545,-0.0075
53.40416646666346,-0.01
53.40421446743147,-0.01
53.40426246819949,-0.012499999
53.4043104689675,-0.01
53.40435846973551,-0.01
53.404406470503524,-0.012499999
53.404454471271535,-0.01
53.404502472039546,-0.01
53.404550472807564,-0.012499999
53.404598473575575,-0.012499999
53.404646474343586,-0.01
53.4046944751116,-0.012499999
53.40474247587961,-0.012499999
53.40479047664763,-0.0075
53.40483847741564,-0.01
53.40488647818365,-0.01
53.40493447895166,-0.01
53.40498247971967,-0.01
53.40503048048768,-0.012499999
53.4050784812557,-0.01
53.40512648202371,-0.01
53.40517448279172,-0.012499999
53.40522248355973,-0.01
53.405270484327744,-0.01
53.405318485095755,-0.01
53.40536648586377,-0.01
53.405414486631784,-0.01
53.405462487399795,-0.01
53.405510488167806,-0.01
53.40555848893582,-0.01
53.405606489703835,-0.01
53.405654490471846,-0.01
53.40570249123986,-0.012499999
53.40575049200787,-0.01
53.40579849277588,-0.01
53.40584649354389,-0.012499999
53.40589449431191,-0.01
53.40594249507992,-0.01
53.40599049584793,-0.01
53.40603849661594,-0.012499999
53.40608649738395,-0.01
53.406134498151964,-0.01
53.40618249891998,-0.012499999
53.40623049968799,-0.01
53.406278500456004,-0.01
53.406326501224015,-0.01
53.406374501992026,-0.012499999
53.406422502760044,-0.01
53.406470503528055,-0.01
53.406518504296066,-0.012499999
53.40656650506408,-0.01
53.40661450583209,-0.01
53.4066625066001,-0.01
53.40671050736812,-0.01
53.40675850813613,-0.01
53.40680650890414,-0.012499999
53.40685450967215,-0.01
53.40690251044016,-0.01
53.40695051120817,-0.012499999
53.40699851197619,-0.01
53.4070465127442,-0.012499999
53.40709451351221,-0.012499999
53.407142514280224,-0.01
53.407190515048235,-0.01
53.40723851581625,-0.01
53.407286516584264,-0.012499999
53.407334517352275,-0.01
53.407382518120286,-0.012499999
53.4074305188883,-0.01
53.40747851965631,-0.012499999
53.40752652042433,-0.01
53.40757452119234,-0.012499999
53.40762252196035,-0.01
53.40767052272836,-0.012499999
53.40771852349637,-0.01
53.40776652426438,-0.012499999
53.4078145250324,-0.01
53.40786252580041,-0.01
53.40791052656842,-0.0075
53.40795852733643,-0.01
53.408006528104444,-0.0075
53.40805452887246,-0.01
53.40810252964047,-0.0075
53.408150530408484,-0.01
53.408198531176495,-0.0075
53.408246531944506,-0.01
53.40829453271252,-0.0075
53.408342533480536,-0.01
53.40839053424855,-0.012499999
53.40843853501656,-0.01
53.40848653578457,-0.01
53.40853453655258,-0.01
53.40858253732059,-0.012499999
53.40863053808861,-0.01
53.40867853885662,-0.012499999
53.40872653962463,-0.01
53.40877454039264,-0.012499999
53.40882254116065,-0.012499999
53.40887054192867,-0.01
53.40891854269668,-0.012499999
53.40896654346469,-0.0075
53.409014544232704,-0.012499999
53.409062545000715,-0.01
53.409110545768726,-0.01
53.409158546536744,-0.01
53.409206547304755,-0.01
53.40925454807277,-0.0075
53.40930254884078,-0.01
53.40935054960879,-0.01
53.4093985503768,-0.01
53.40944655114482,-0.01
53.40949455191283,-0.012499999
53.40954255268084,-0.01
53.40959055344885,-0.01
53.40963855421686,-0.01
53.40968655498487,-0.01
53.40973455575289,-0.01
53.4097825565209,-0.0075
53.40983055728891,-0.01
53.409878558056924,-0.01
53.409926558824935,-0.01
53.40997455959295,-0.01
53.410022560360964,-0.01
53.410070561128975,-0.01
53.41011856189699,-0.01
53.410166562665,-0.01
53.41021456343301,-0.01
53.41026256420103,-0.012499999
53.41031056496904,-0.01
53.41035856573705,-0.0075
53.41040656650506,-0.01
53.41045456727307,-0.0075
53.41050256804108,-0.012499999
53.4105505688091,-0.01
53.41059856957711,-0.012499999
53.41064657034512,-0.01
53.41069457111313,-0.012499999
53.410742571881144,-0.012499999
53.41079057264916,-0.01
53.41083857341717,-0.005
53.410886574185184,-0.0075
53.410934574953195,-0.01
53.410982575721206,-0.01
53.41103057648922,-0.012499999
53.411078577257236,-0.012499999
53.41112657802525,-0.01
53.41117457879326,-0.012499999
53.41122257956127,-0.012499999
53.41127058032928,-0.012499999
53.41131858109729,-0.0075
53.41136658186531,-0.0025
53.41141458263332,-0.01
53.41146258340133,-0.015
53.41151058416934,-0.0075
53.41155858493735,-0.015
53.41160658570537,-0.0075
53.41165458647338,-0.0075
53.41170258724139,-0.0075
53.411750588009404,-0.0075
53.411798588777415,-0.01
53.411846589545426,-0.012499999
53.411894590313445,-0.01
53.411942591081456,-0.01
53.41199059184947,-0.012499999
53.41203859261748,-0.01
53.41208659338549,-0.012499999
53.4121345941535,-0.012499999
53.41218259492152,-0.012499999
53.41223059568953,-0.01
53.41227859645754,-0.0025
53.41232659722555,-0.012499999
53.41237459799356,-0.01
53.41242259876158,-0.012499999
53.41247059952959,-0.012499999
53.4125186002976,-0.0075
53.41256660106561,-0.0075
53.412614601833624,-0.015
53.412662602601635,-0.01
53.41271060336965,-0.015
53.412758604137665,-0.015
53.412806604905676,-0.012499999
53.41285460567369,-0.005
53.4129026064417,-0.015
53.41295060720971,-0.012499999
53.41299860797773,-0.012499999
53.41304660874574,-0.0075
53.41309460951375,-0.0025
53.41314261028176,-0.01
53.41319061104977,-0.0175
53.41323861181779,-0.01
53.4132866125858,-0.005
53.41333461335381,-0.012499999
53.41338261412182,-0.01
53.41343061488983,-0.01
53.413478615657844,-0.0075
53.41352661642586,-0.012499999
53.41357461719387,-0.0025
53.413622617961884,-0.01
53.413670618729896,-0.01
53.41371861949791,-0.0075
53.41376662026592,-0.012499999
53.413814621033936,-0.012499999
53.41386262180195,-0.0075
53.41391062256996,-0.0075
53.41395862333797,-0.01
53.41400662410598,-0.012499999
53.414054624874,-0.01
53.41410262564201,-0.01
53.41415062641002,-0.0075
53.41419862717803,-0.0075
53.41424662794604,-0.005
53.41429462871405,-0.012499999
53.41434262948207,-0.005
53.41439063025008,-0.01
53.41443863101809,-0.01
53.414486631786104,-0.015
53.414534632554115,-0.012499999
53.41458263332213,-0.01
53.414630634090145,-0.012499999
53.414678634858156,-0.012499999
53.41472663562617,-0.005
53.41477463639418,-0.01
53.41482263716219,-0.01
53.41487063793021,-0.01
53.41491863869822,-0.015
53.41496663946623,-0.012499999
53.41501464023424,-0.0175
53.41506264100225,-0.01
53.41511064177026,-0.0075
53.41515864253828,-0.015
53.41520664330629,-0.01
53.4152546440743,-0.0075
53.41530264484231,-0.012499999
53.415350645610324,-0.012499999
53.415398646378335,-0.0025
53.415446647146354,-0.015
53.415494647914365,-0.01
53.415542648682376,-0.012499999
53.41559064945039,-0.01
53.4156386502184,-0.0075
53.415686650986416,-0.012499999
53.41573465175443,-0.015
53.41578265252244,-0.0075
53.41583065329045,-0.005
53.41587865405846,-0.015
53.41592665482647,-0.015
53.41597465559449,-0.0075
53.4160226563625,-0.005
53.41607065713051,-0.0075
53.41611865789852,-0.01
53.41616665866653,-0.012499999
53.416214659434544,-0.0075
53.41626266020256,-0.0075
53.416310660970574,-0.005
53.416358661738585,-0.01
53.416406662506596,-0.01
53.41645466327461,-0.01
53.416502664042625,-0.0075
53.416550664810636,-0.012499999
53.41659866557865,-0.015
53.41664666634666,-0.01
53.41669466711467,-0.0075
53.41674266788268,-0.015
53.4167906686507,-0.01
53.41683866941871,-0.0075
53.41688667018672,-0.01
53.41693467095473,-0.01
53.41698267172274,-0.01
53.41703067249075,-0.012499999
53.41707867325877,-0.012499999
53.41712667402678,-0.0075
53.41717467479479,-0.01
53.417222675562805,-0.0025
53.417270676330816,-0.012499999
53.417318677098834,-0.0075
53.417366677866845,-0.012499999
53.417414678634856,-0.01
53.41746267940287,-0.015
53.41751068017088,-0.0075
53.41755868093889,-0.005
53.41760668170691,-0.012499999
53.41765468247492,-0.012499999
53.41770268324293,-0.005
53.41775068401094,-0.0075
53.41779868477895,-0.01
53.41784668554696,-0.015
53.41789468631498,-0.01
53.41794268708299,-0.012499999
53.417990687851,-0.0075
53.41803868861901,-0.015
53.418086689387025,-0.015
53.41813469015504,-0.0075
53.418182690923054,-0.005
53.418230691691065,-0.0025
53.418278692459076,-0.015
53.41832669322709,-0.01
53.4183746939951,-0.012499999
53.418422694763116,-0.012499999
53.41847069553113,-0.0075
53.41851869629914,-0.0075
53.41856669706715,-0.012499999
53.41861469783516,-0.012499999
53.41866269860317,-0.005
53.41871069937119,-0.005
53.4187587001392,-0.0175
53.41880670090721,-0.015
53.41885470167522,-0.005
53.41890270244323,-0.0075
53.41895070321125,-0.012499999
53.41899870397926,-0.01
53.419046704747274,-0.0075
53.419094705515285,-0.005
53.419142706283296,-0.012499999
53.41919070705131,-0.01
53.419238707819325,-0.012499999
53.419286708587336,-0.012499999
53.41933470935535,-0.0025
53.41938271012336,-0.01
53.41943071089137,-0.012499999
53.41947871165938,-0.01
53.4195267124274,-0.01
53.41957471319541,-0.01
53.41962271396342,-0.01
53.41967071473143,-0.012499999
53.41971871549944,-0.01
53.41976671626746,-0.01
53.41981471703547,-0.01
53.41986271780348,-0.0075
53.419910718571494,-0.012499999
53.419958719339505,-0.012499999
53.420006720107516,-0.01
53.420054720875534,-0.0075
53.420102721643545,-0.0075
53.420150722411556,-0.012499999
53.42019872317957,-0.0075
53.42024672394758,-0.0025
53.42029472471559,-0.015
53.42034272548361,-0.01
53.42039072625162,-0.0025
53.42043872701963,-0.012499999
53.42048672778764,-0.0075
53.42053472855565,-0.012499999
53.42058272932366,-0.005
53.42063073009168,-0.012499999
53.42067873085969,-0.012499999
53.4207267316277,-0.012499999
53.420774732395714,-0.012499999
53.420822733163725,-0.0075
53.42087073393174,-0.0075
53.420918734699754,-0.01
53.420966735467765,-0.012499999
53.421014736235776,-0.01
53.42106273700379,-0.0075
53.4211107377718,-0.01
53.421158738539816,-0.015
53.42120673930783,-0.005
53.42125474007584,-0.0075
53.42130274084385,-0.01
53.42135074161186,-0.012499999
53.42139874237987,-0.01
53.42144674314789,-0.015
53.4214947439159,-0.012499999
53.42154274468391,-0.012499999
53.42159074545192,-0.015
53.421638746219934,-0.005
53.42168674698795,-0.0075
53.42173474775596,-0.0075
53.421782748523974,-0.01
53.421830749291985,-0.012499999
53.421878750059996,-0.012499999
53.42192675082801,-0.01
53.421974751596025,-0.0075
53.422022752364036,-0.024999999
53.42207075313205,-0.0175
53.42211875390006,-0.02
53.42216675466807,-0.005
53.42221475543608,-0.0075
53.4222627562041,-0.01
53.42231075697211,-0.012499999
53.42235875774012,-0.0075
53.42240675850813,-0.015
53.42245475927614,-0.0075
53.42250276004416,-0.01
53.42255076081217,-0.005
53.42259876158018,-0.012499999
53.422646762348194,-0.012499999
53.422694763116205,-0.01
53.422742763884216,-0.01
53.422790764652234,-0.0075
53.422838765420245,-0.0075
53.422886766188256,-0.01
53.42293476695627,-0.005
53.42298276772428,-0.01
53.42303076849229,-0.01
53.42307876926031,-0.01
53.42312677002832,-0.012499999
53.42317477079633,-0.012499999
53.42322277156434,-0.0075
53.42327077233235,-0.005
53.42331877310037,-0.0075
53.42336677386838,-0.012499999
53.42341477463639,-0.01
53.4234627754044,-0.012499999
53.423510776172414,-0.005
53.423558776940425,-0.005
53.42360677770844,-0.01
53.423654778476454,-0.01
53.423702779244465,-0.01
53.423750780012476,-0.005
53.42379878078049,-0.012499999
53.4238467815485,-0.0175
53.423894782316516,-0.0075
53.42394278308453,-0.01
53.42399078385254,-0.015
53.42403878462055,-0.015
53.42408678538856,-0.012499999
53.42413478615658,-0.0075
53.42418278692459,-0.012499999
53.4242307876926,-0.0075
53.42427878846061,-0.012499999
53.42432678922862,-0.0075
53.424374789996634,-0.01
53.42442279076465,-0.012499999
53.42447079153266,-0.012499999
53.424518792300674,-0.012499999
53.424566793068685,-0.0075
53.424614793836696,-0.0075
53.42466279460471,-0.015
53.424710795372725,-0.012499999
53.424758796140736,-0.0075
53.42480679690875,-0.0175
53.42485479767676,-0.012499999
53.42490279844477,-0.012499999
53.42495079921279,-0.012499999
53.4249987999808,-0.0075
53.42504680074881,-0.005
53.42509480151682,-0.005
53.42514280228483,-0.01
53.42519080305284,-0.012499999
53.42523880382086,-0.012499999
53.42528680458887,-0.012499999
53.42533480535688,-0.0075
53.425382806124894,-0.005
53.425430806892905,-0.015
53.425478807660916,-0.015
53.425526808428934,-0.015
53.425574809196945,-0.0075
53.425622809964956,-0.005
53.42567081073297,-0.0075
53.42571881150098,-0.01
53.425766812268996,-0.012499999
53.42581481303701,-0.012499999
53.42586281380502,-0.01
53.42591081457303,-0.0075
53.42595881534104,-0.01
53.42600681610905,-0.01
53.42605481687707,-0.01
53.42610281764508,-0.015
53.42615081841309,-0.015
53.4261988191811,-0.01
53.426246819949114,-0.012499999
53.426294820717125,-0.005
53.42634282148514,-0.005
53.426390822253154,-0.0175
53.426438823021165,-0.012499999
53.426486823789176,-0.0075
53.42653482455719,-0.01
53.426582825325205,-0.01
53.426630826093216,-0.012499999
53.42667882686123,-0.012499999
53.42672682762924,-0.012499999
53.42677482839725,-0.0075
53.42682282916526,-0.015
53.42687082993328,-0.005
53.42691883070129,-0.015
53.4269668314693,-0.012499999
53.42701483223731,-0.01
53.42706283300532,-0.012499999
53.427110833773334,-0.01
53.42715883454135,-0.012499999
53.42720683530936,-0.01
53.427254836077374,-0.012499999
53.427302836845385,-0.012499999
53.427350837613396,-0.012499999
53.427398838381414,-0.01
53.427446839149425,-0.012499999
53.427494839917436,-0.01
53.42754284068545,-0.01
53.42759084145346,-0.0075
53.42763884222147,-0.01
53.42768684298949,-0.015
53.4277348437575,-0.012499999
53.42778284452551,-0.01
53.42783084529352,-0.01
53.42787884606153,-0.012499999
53.42792684682954,-0.012499999
53.42797484759756,-0.012499999
53.42802284836557,-0.012499999
53.42807084913358,-0.01
53.428118849901594,-0.01
53.428166850669605,-0.015
53.42821485143762,-0.01
53.428262852205634,-0.01
53.428310852973645,-0.012499999
53.428358853741656,-0.0075
53.42840685450967,-0.015
53.42845485527768,-0.0075
53.4285028560457,-0.01
53.42855085681371,-0.01
53.42859885758172,-0.012499999
53.42864685834973,-0.012499999
53.42869485911774,-0.01
53.42874285988575,-0.01
53.42879086065377,-0.012499999
53.42883886142178,-0.0075
53.42888686218979,-0.012499999
53.4289348629578,-0.012499999
53.428982863725814,-0.012499999
53.42903086449383,-0.015
53.42907886526184,-0.0075
53.429126866029854,-0.012499999
53.429174866797865,-0.012499999
53.429222867565876,-0.01
53.42927086833389,-0.01
53.429318869101905,-0.012499999
53.42936686986992,-0.012499999
53.42941487063793,-0.0075
53.42946287140594,-0.01
53.42951087217395,-0.01
53.42955887294196,-0.01
53.42960687370998,-0.01
53.42965487447799,-0.01
53.429702875246,-0.01
53.42975087601401,-0.01
53.42979887678202,-0.01
53.42984687755004,-0.01
53.42989487831805,-0.012499999
53.42994287908606,-0.012499999
53.429990879854074,-0.012499999
53.430038880622085,-0.012499999
53.430086881390096,-0.01
53.430134882158114,-0.012499999
53.430182882926125,-0.012499999
53.430230883694136,-0.012499999
53.43027888446215,-0.01
53.43032688523016,-0.01
53.43037488599817,-0.01
53.43042288676619,-0.01
53.4304708875342,-0.005
53.43051888830221,-0.0075
53.43056688907022,-0.01
53.43061488983823,-0.01
53.43066289060625,-0.01
53.43071089137426,-0.01
53.43075889214227,-0.012499999
53.43080689291028,-0.0075
53.430854893678294,-0.01
53.430902894446305,-0.0075
53.43095089521432,-0.01
53.430998895982334,-0.0075
53.431046896750345,-0.01
53.431094897518356,-0.0075
53.43114289828637,-0.01
53.43119089905438,-0.0075
53.4312388998224,-0.01
53.43128690059041,-0.01
53.43133490135842,-0.012499999
53.43138290212643,-0.01
53.43143090289444,-0.012499999
53.43147890366245,-0.012499999
53.43152690443047,-0.01
53.43157490519848,-0.012499999
53.43162290596649,-0.01
53.4316709067345,-0.01
53.431718907502514,-0.01
53.43176690827053,-0.01
53.43181490903854,-0.0075
53.431862909806554,-0.01
53.431910910574565,-0.01
53.431958911342576,-0.01
53.43200691211059,-0.01
53.432054912878606,-0.0075
53.43210291364662,-0.012499999
53.43215091441463,-0.012499999
53.43219891518264,-0.01
53.43224691595065,-0.012499999
53.43229491671866,-0.01
53.43234291748668,-0.012499999
53.43239091825469,-0.01
53.4324389190227,-0.01
53.43248691979071,-0.01
53.43253492055872,-0.01
53.43258292132674,-0.012499999
53.43263092209475,-0.01
53.43267892286276,-0.01
53.432726923630774,-0.01
53.432774924398785,-0.01
53.432822925166796,-0.01
53.432870925934814,-0.012499999
53.432918926702826,-0.012499999
53.43296692747084,-0.012499999
53.43301492823885,-0.01
53.43306292900686,-0.01
53.43311092977487,-0.01
53.43315893054289,-0.01
53.4332069313109,-0.01
53.43325493207891,-0.012499999
53.43330293284692,-0.01
53.43335093361493,-0.012499999
53.43339893438295,-0.012499999
53.43344693515096,-0.0075
53.43349493591897,-0.01
53.43354293668698,-0.012499999
53.433590937454994,-0.01
53.433638938223005,-0.01
53.43368693899102,-0.01
53.433734939759034,-0.01
53.433782940527045,-0.01
53.43383094129506,-0.01
53.43387894206307,-0.01
53.43392694283108,-0.01
53.4339749435991,-0.01
53.43402294436711,-0.012499999
53.43407094513512,-0.01
53.43411894590313,-0.012499999
53.43416694667114,-0.01
53.43421494743916,-0.012499999
53.43426294820717,-0.01
53.43431094897518,-0.012499999
53.43435894974319,-0.01
53.4344069505112,-0.012499999
53.434454951279214,-0.01
53.43450295204723,-0.01
53.43455095281524,-0.01
53.434598953583254,-0.012499999
53.434646954351265,-0.01
53.43469495511928,-0.012499999
53.43474295588729,-0.01
53.434790956655306,-0.012499999
53.43483895742332,-0.01
53.43488695819133,-0.012499999
53.43493495895934,-0.01
53.43498295972735,-0.012499999
53.43503096049537,-0.012499999
53.43507896126338,-0.01
53.43512696203139,-0.01
53.4351749627994,-0.012499999
53.43522296356741,-0.01
53.43527096433542,-0.01
53.43531896510344,-0.01
53.43536696587145,-0.012499999
53.43541496663946,-0.01
53.435462967407474,-0.01
53.435510968175485,-0.01
53.435558968943496,-0.01
53.435606969711515,-0.01
53.435654970479526,-0.012499999
53.43570297124754,-0.01
53.43575097201555,-0.01
53.43579897278356,-0.01
53.43584697355158,-0.012499999
53.43589497431959,-0.012499999
53.4359429750876,-0.0075
53.43599097585561,-0.01
53.43603897662362,-0.01
53.43608697739163,-0.01
53.43613497815965,-0.01
53.43618297892766,-0.012499999
53.43623097969567,-0.012499999
53.43627898046368,-0.012499999
53.436326981231694,-0.012499999
53.436374981999705,-0.01
53.43642298276772,-0.012499999
53.436470983535735,-0.012499999
53.436518984303746,-0.01
53.43656698507176,-0.01
53.43661498583977,-0.012499999
53.436662986607786,-0.0075
53.4367109873758,-0.01
53.43675898814381,-0.01
53.43680698891182,-0.01
53.43685498967983,-0.012499999
53.43690299044784,-0.01
53.43695099121586,-0.01
53.43699899198387,-0.01
53.43704699275188,-0.01
53.43709499351989,-0.01
53.4371429942879,-0.01
53.437190995055914,-0.01
53.43723899582393,-0.01
53.43728699659194,-0.01
53.437334997359955,-0.0075
53.437382998127966,-0.012499999
53.43743099889598,-0.01
53.437478999663995,-0.012499999
53.437527000432006,-0.01
53.43757500120002,-0.01
53.43762300196803,-0.01
53.43767100273604,-0.01
53.43771900350405,-0.01
53.43776700427207,-0.01
53.43781500504008,-0.01
53.43786300580809,-0.01
53.4379110065761,-0.01
53.43795900734411,-0.01
53.43800700811212,-0.01
53.43805500888014,-0.012499999
53.43810300964815,-0.01
53.43815101041616,-0.01
53.438199011184174,-0.0075
53.438247011952186,-0.01
53.438295012720204,-0.012499999
53.438343013488215,-0.01
53.438391014256226,-0.01
53.43843901502424,-0.01
53.43848701579225,-0.01
53.43853501656026,-0.01
53.43858301732828,-0.01
53.43863101809629,-0.01
53.4386790188643,-0.012499999
53.43872701963231,-0.0075
53.43877502040032,-0.01
53.43882302116833,-0.012499999
53.43887102193635,-0.012499999
53.43891902270436,-0.0075
53.43896702347237,-0.0075
53.43901502424038,-0.0075
53.439063025008394,-0.01
53.43911102577641,-0.01
53.439159026544424,-0.01
53.439207027312435,-0.012499999
53.439255028080446,-0.01
53.43930302884846,-0.012499999
53.43935102961647,-0.01
53.439399030384486,-0.01
53.4394470311525,-0.01
53.43949503192051,-0.01
53.43954303268852,-0.01
53.43959103345653,-0.01
53.43963903422454,-0.012499999
53.43968703499256,-0.01
53.43973503576057,-0.01
53.43978303652858,-0.01
53.43983103729659,-0.01
53.4398790380646,-0.01
53.43992703883262,-0.01
53.43997503960063,-0.01
53.440023040368644,-0.01
53.440071041136655,-0.012499999
53.440119041904666,-0.01
53.44016704267268,-0.01
53.440215043440695,-0.01
53.440263044208706,-0.0075
53.44031104497672,-0.0075
53.44035904574473,-0.01
53.44040704651274,-0.012499999
53.44045504728075,-0.01
53.44050304804877,-0.0075
53.44055104881678,-0.01
53.44059904958479,-0.01
53.4406470503528,-0.01
53.44069505112081,-0.0075
53.44074305188883,-0.01
53.44079105265684,-0.01
53.44083905342485,-0.01
53.440887054192864,-0.01
53.440935054960875,-0.01
53.440983055728886,-0.012499999
53.441031056496904,-0.01
53.441079057264915,-0.01
53.441127058032926,-0.01
53.44117505880094,-0.01
53.44122305956895,-0.012499999
53.44127106033696,-0.01
53.44131906110498,-0.012499999
53.44136706187299,-0.01
53.441415062641,-0.0075
53.44146306340901,-0.012499999
53.44151106417702,-0.01
53.44155906494504,-0.01
53.44160706571305,-0.01
53.44165506648106,-0.012499999
53.44170306724907,-0.01
53.44175106801708,-0.01
53.441799068785095,-0.01
53.44184706955311,-0.012499999
53.441895070321124,-0.01
53.441943071089135,-0.01
53.441991071857146,-0.012499999
53.44203907262516,-0.01
53.44208707339317,-0.01
53.442135074161186,-0.012499999
53.4421830749292,-0.01
53.44223107569721,-0.01
53.44227907646522,-0.01
53.44232707723323,-0.01
53.44237507800124,-0.01
53.44242307876926,-0.0075
53.44247107953727,-0.01
53.44251908030528,-0.01
53.44256708107329,-0.01
53.4426150818413,-0.01
53.44266308260932,-0.01
53.44271108337733,-0.01
53.442759084145344,-0.01
53.442807084913355,-0.01
53.442855085681366,-0.01
53.44290308644938,-0.012499999
53.442951087217395,-0.01
53.442999087985406,-0.012499999
53.44304708875342,-0.012499999
53.44309508952143,-0.01
53.44314309028944,-0.012499999
53.44319109105745,-0.0075
53.44323909182547,-0.012499999
53.44328709259348,-0.01
53.44333509336149,-0.01
53.4433830941295,-0.012499999
53.44343109489751,-0.012499999
53.44347909566553,-0.012499999
53.44352709643354,-0.012499999
53.44357509720155,-0.012499999
53.443623097969564,-0.01
53.443671098737575,-0.012499999
53.443719099505586,-0.01
53.443767100273604,-0.012499999
53.443815101041615,-0.0075
53.443863101809626,-0.01
53.44391110257764,-0.0075
53.44395910334565,-0.0075
53.44400710411366,-0.01
53.44405510488168,-0.01
53.44410310564969,-0.012499999
53.4441511064177,-0.01
53.44419910718571,-0.01
53.44424710795372,-0.01
53.44429510872174,-0.012499999
53.44434310948975,-0.01
53.44439111025776,-0.01
53.44443911102577,-0.01
53.444487111793784,-0.01
53.444535112561795,-0.01
53.44458311332981,-0.0075
53.444631114097824,-0.01
53.444679114865835,-0.01
53.444727115633846,-0.01
53.44477511640186,-0.01
53.44482311716987,-0.01
53.444871117937886,-0.012499999
53.4449191187059,-0.01
53.44496711947391,-0.012499999
53.44501512024192,-0.01
53.44506312100993,-0.01
53.44511112177795,-0.012499999
53.44515912254596,-0.01
53.44520712331397,-0.01
53.44525512408198,-0.01
53.44530312484999,-0.012499999
53.445351125618004,-0.012499999
53.44539912638602,-0.01
53.44544712715403,-0.012499999
53.445495127922044,-0.01
53.445543128690055,-0.01
53.445591129458066,-0.01
53.44563913022608,-0.0075
53.445687130994095,-0.012499999
53.445735131762106,-0.01
53.44578313253012,-0.012499999
53.44583113329813,-0.01
53.44587913406614,-0.01
53.44592713483416,-0.01
53.44597513560217,-0.01
53.44602313637018,-0.01
53.44607113713819,-0.01
53.4461191379062,-0.012499999
53.44616713867421,-0.0075
53.44621513944223,-0.01
53.44626314021024,-0.0075
53.44631114097825,-0.012499999
53.446359141746264,-0.01
53.446407142514275,-0.01
53.446455143282286,-0.01
53.446503144050304,-0.01
53.446551144818315,-0.012499999
53.446599145586326,-0.01
53.44664714635434,-0.0075
53.44669514712235,-0.01
53.446743147890366,-0.01
53.44679114865838,-0.01
53.44683914942639,-0.01
53.4468871501944,-0.01
53.44693515096241,-0.01
53.44698315173042,-0.01
53.44703115249844,-0.01
53.44707915326645,-0.01
53.44712715403446,-0.0075
53.44717515480247,-0.01
53.447223155570484,-0.0075
53.447271156338495,-0.012499999
53.44731915710651,-0.012499999
53.447367157874524,-0.012499999
53.447415158642535,-0.01
53.447463159410546,-0.012499999
53.44751116017856,-0.012499999
53.447559160946575,-0.01
53.447607161714586,-0.01
53.4476551624826,-0.01
53.44770316325061,-0.01
53.44775116401862,-0.01
53.44779916478663,-0.012499999
53.44784716555465,-0.01
53.44789516632266,-0.01
53.44794316709067,-0.01
53.44799116785868,-0.01
53.44803916862669,-0.01
53.448087169394704,-0.01
53.44813517016272,-0.01
53.44818317093073,-0.01
53.448231171698744,-0.0075
53.448279172466755,-0.01
53.448327173234766,-0.01
53.448375174002784,-0.012499999
53.448423174770795,-0.01
53.448471175538806,-0.01
53.44851917630682,-0.012499999
53.44856717707483,-0.01
53.44861517784284,-0.01
53.44866317861086,-0.01
53.44871117937887,-0.01
53.44875918014688,-0.01
53.44880718091489,-0.01
53.4488551816829,-0.01
53.44890318245091,-0.01
53.44895118321893,-0.01
53.44899918398694,-0.012499999
53.44904718475495,-0.01
53.449095185522964,-0.012499999
53.449143186290975,-0.01
53.44919118705899,-0.01
53.449239187827004,-0.01
53.449287188595015,-0.01
53.449335189363026,-0.01
53.44938319013104,-0.01
53.44943119089905,-0.01
53.449479191667066,-0.01
53.44952719243508,-0.01
53.44957519320309,-0.012499999
53.4496231939711,-0.01
53.44967119473911,-0.012499999
53.44971919550712,-0.01
53.44976719627514,-0.012499999
53.44981519704315,-0.0075
53.44986319781116,-0.0075
53.44991119857917,-0.0075
53.449959199347184,-0.012499999
53.4500072001152,-0.0075
53.45005520088321,-0.01
53.450103201651224,-0.01
53.450151202419235,-0.01
53.450199203187246,-0.0075
53.45024720395526,-0.012499999
53.450295204723275,-0.0075
53.450343205491286,-0.012499999
53.4503912062593,-0.01
53.45043920702731,-0.01
53.45048720779532,-0.01
53.45053520856333,-0.012499999
53.45058320933135,-0.01
53.45063121009936,-0.012499999
53.45067921086737,-0.01
53.45072721163538,-0.01
53.45077521240339,-0.01
53.45082321317141,-0.01
53.45087121393942,-0.01
53.45091921470743,-0.012499999
53.450967215475444,-0.012499999
53.451015216243455,-0.01
53.451063217011466,-0.01
53.451111217779484,-0.012499999
53.451159218547495,-0.01
53.451207219315506,-0.0075
53.45125522008352,-0.01
53.45130322085153,-0.01
53.45135122161954,-0.012499999
53.45139922238756,-0.012499999
53.45144722315557,-0.01
53.45149522392358,-0.01
53.45154322469159,-0.01
53.4515912254596,-0.01
53.45163922622762,-0.01
53.45168722699563,-0.012499999
53.45173522776364,-0.012499999
53.45178322853165,-0.01
53.451831229299664,-0.01
53.451879230067675,-0.012499999
53.45192723083569,-0.012499999
53.451975231603704,-0.01
53.452023232371715,-0.012499999
53.452071233139726,-0.01
53.45211923390774,-0.01
53.45216723467575,-0.012499999
53.45221523544377,-0.01
53.45226323621178,-0.01
53.45231123697979,-0.01
53.4523592377478,-0.015
53.45240723851581,-0.01
53.45245523928383,-0.01
53.45250324005184,-0.0075
53.45255124081985,-0.01
53.45259924158786,-0.01
53.45264724235587,-0.01
53.452695243123884,-0.01
53.4527432438919,-0.01
53.45279124465991,-0.012499999
53.452839245427924,-0.01
53.452887246195935,-0.01
53.452935246963946,-0.01
53.45298324773196,-0.01
53.453031248499975,-0.01
53.45307924926799,-0.0075
53.453127250036,-0.01
53.45317525080401,-0.01
53.45322325157202,-0.01
53.45327125234003,-0.01
53.45331925310805,-0.01
53.45336725387606,-0.01
53.45341525464407,-0.01
53.45346325541208,-0.01
53.45351125618009,-0.01
53.45355925694811,-0.01
53.45360725771612,-0.01
53.45365525848413,-0.01
53.453703259252144,-0.012499999
53.453751260020155,-0.012499999
53.453799260788166,-0.01
53.453847261556184,-0.01
53.453895262324195,-0.01
53.45394326309221,-0.012499999
53.45399126386022,-0.01
53.45403926462823,-0.012499999
53.45408726539624,-0.01
53.45413526616426,-0.012499999
53.45418326693227,-0.012499999
53.45423126770028,-0.012499999
53.45427926846829,-0.01
53.4543272692363,-0.012499999
53.45437527000432,-0.01
53.45442327077233,-0.012499999
53.45447127154034,-0.012499999
53.45451927230835,-0.01
53.454567273076364,-0.01
53.454615273844375,-0.01
53.45466327461239,-0.0075
53.454711275380404,-0.01
53.454759276148415,-0.012499999
53.454807276916426,-0.012499999
53.45485527768444,-0.012499999
53.45490327845245,-0.01
53.45495127922047,-0.01
53.45499927998848,-0.01
53.45504728075649,-0.01
53.4550952815245,-0.01
53.45514328229251,-0.01
53.45519128306053,-0.012499999
53.45523928382854,-0.0075
53.45528728459655,-0.01
53.45533528536456,-0.0075
53.45538328613257,-0.01
53.455431286900584,-0.01
53.4554792876686,-0.01
53.45552728843661,-0.01
53.455575289204624,-0.01
53.455623289972635,-0.01
53.455671290740646,-0.01
53.45571929150866,-0.01
53.455767292276676,-0.01
53.45581529304469,-0.012499999
53.4558632938127,-0.01
53.45591129458071,-0.01
53.45595929534872,-0.01
53.45600729611674,-0.012499999
53.45605529688475,-0.01
53.45610329765276,-0.01
53.45615129842077,-0.01
53.45619929918878,-0.01
53.45624729995679,-0.01
53.45629530072481,-0.01
53.45634330149282,-0.01
53.45639130226083,-0.012499999
53.456439303028844,-0.01
53.456487303796855,-0.0075
53.456535304564866,-0.012499999
53.456583305332884,-0.01
53.456631306100896,-0.012499999
53.45667930686891,-0.01
53.45672730763692,-0.012499999
53.45677530840493,-0.01
53.45682330917295,-0.01
53.45687130994096,-0.012499999
53.45691931070897,-0.012499999
53.45696731147698,-0.012499999
53.45701531224499,-0.01
53.457063313013,-0.012499999
53.45711131378102,-0.012499999
53.45715931454903,-0.015
53.45720731531704,-0.0075
53.45725531608505,-0.01
53.457303316853064,-0.01
53.457351317621075,-0.012499999
53.45739931838909,-0.01
53.457447319157104,-0.01
53.457495319925115,-0.01
53.45754332069313,-0.012499999
53.45759132146114,-0.0075
53.457639322229156,-0.01
53.45768732299717,-0.005
53.45773532376518,-0.01
53.45778332453319,-0.0075
53.4578313253012,-0.01
53.45787932606921,-0.0075
53.45792732683723,-0.01
53.45797532760524,-0.0075
53.45802332837325,-0.01
53.45807132914126,-0.01
53.45811932990927,-0.01
53.458167330677284,-0.0075
53.4582153314453,-0.01
53.45826333221331,-0.012499999
53.458311332981324,-0.01
53.458359333749335,-0.012499999
53.45840733451735,-0.012499999
53.458455335285365,-0.01
53.458503336053376,-0.012499999
53.45855133682139,-0.01
53.4585993375894,-0.01
53.45864733835741,-0.0075
53.45869533912542,-0.01
53.45874333989344,-0.0075
53.45879134066145,-0.01
53.45883934142946,-0.01
53.45888734219747,-0.012499999
53.45893534296548,-0.0075
53.45898334373349,-0.012499999
53.45903134450151,-0.01
53.45907934526952,-0.01
53.45912734603753,-0.01
53.459175346805544,-0.012499999
53.459223347573555,-0.01
53.459271348341574,-0.01
53.459319349109585,-0.01
53.459367349877596,-0.01
53.45941535064561,-0.01
53.45946335141362,-0.01
53.45951135218163,-0.01
53.45955935294965,-0.01
53.45960735371766,-0.012499999
53.45965535448567,-0.01
53.45970335525368,-0.01
53.45975135602169,-0.0075
53.4597993567897,-0.012499999
53.45984735755772,-0.01
53.45989535832573,-0.01
53.45994335909374,-0.0075
53.45999135986175,-0.012499999
53.460039360629764,-0.01
53.46008736139778,-0.01
53.46013536216579,-0.01
53.460183362933805,-0.01
53.460231363701816,-0.01
53.46027936446983,-0.01
53.46032736523784,-0.01
53.460375366005856,-0.012499999
53.46042336677387,-0.012499999
53.46047136754188,-0.01
53.46051936830989,-0.0075
53.4605673690779,-0.012499999
53.46061536984591,-0.01
53.46066337061393,-0.012499999
53.46071137138194,-0.012499999
53.46075937214995,-0.01
53.46080737291796,-0.01
53.46085537368597,-0.012499999
53.46090337445399,-0.01
53.460951375222,-0.012499999
53.46099937599001,-0.012499999
53.461047376758025,-0.01
53.461095377526036,-0.01
53.46114337829405,-0.01
53.461191379062065,-0.01
53.461239379830076,-0.01
53.46128738059809,-0.01
53.4613353813661,-0.01
53.46138338213411,-0.01
53.46143138290212,-0.01
53.46147938367014,-0.01
53.46152738443815,-0.01
53.46157538520616,-0.012499999
53.46162338597417,-0.01
53.46167138674218,-0.01
53.4617193875102,-0.01
53.46176738827821,-0.0075
53.46181538904622,-0.01
53.46186338981423,-0.01
53.461911390582245,-0.012499999
53.461959391350256,-0.01
53.462007392118274,-0.01
53.462055392886285,-0.01
53.462103393654296,-0.0075
53.46215139442231,-0.01
53.46219939519032,-0.012499999
53.46224739595833,-0.012499999
53.46229539672635,-0.012499999
53.46234339749436,-0.01
53.46239139826237,-0.012499999
53.46243939903038,-0.0075
53.46248739979839,-0.01
53.46253540056641,-0.0075
53.46258340133442,-0.01
53.46263140210243,-0.01
53.46267940287044,-0.012499999
53.46272740363845,-0.01
53.462775404406464,-0.012499999
53.46282340517448,-0.01
53.462871405942494,-0.01
53.462919406710505,-0.0075
53.462967407478516,-0.01
53.46301540824653,-0.0075
53.46306340901454,-0.01
53.463111409782556,-0.01
53.46315941055057,-0.01
53.46320741131858,-0.01
53.46325541208659,-0.01
53.4633034128546,-0.012499999
53.46335141362261,-0.012499999
53.46339941439063,-0.01
53.46344741515864,-0.012499999
53.46349541592665,-0.012499999
53.46354341669466,-0.01
53.46359141746267,-0.012499999
53.46363941823069,-0.012499999
53.4636874189987,-0.012499999
53.463735419766714,-0.01
53.463783420534725,-0.01
53.463831421302736,-0.0075
53.46387942207075,-0.012499999
53.463927422838765,-0.01
53.463975423606776,-0.01
53.46402342437479,-0.01
53.4640714251428,-0.012499999
53.46411942591081,-0.01
53.46416742667882,-0.01
53.46421542744684,-0.01
53.46426342821485,-0.012499999
53.46431142898286,-0.0075
53.46435942975087,-0.012499999
53.46440743051888,-0.01
53.4644554312869,-0.012499999
53.46450343205491,-0.005
53.46455143282292,-0.01
53.464599433590934,-0.012499999
53.464647434358945,-0.01
53.464695435126956,-0.012499999
53.464743435894974,-0.01
53.464791436662985,-0.01
53.464839437430996,-0.01
53.46488743819901,-0.01
53.46493543896702,-0.01
53.46498343973503,-0.01
53.46503144050305,-0.012499999
53.46507944127106,-0.0075
53.46512744203907,-0.01
53.46517544280708,-0.01
53.46522344357509,-0.01
53.46527144434311,-0.012499999
53.46531944511112,-0.01
53.46536744587913,-0.01
53.46541544664714,-0.0075
53.465463447415154,-0.01
53.465511448183165,-0.01
53.46555944895118,-0.01
53.465607449719194,-0.01
53.465655450487205,-0.01
53.465703451255216,-0.01
53.46575145202323,-0.012499999
53.46579945279124,-0.01
53.465847453559256,-0.01
53.46589545432727,-0.01
53.46594345509528,-0.01
53.46599145586329,-0.01
53.4660394566313,-0.01
53.46608745739932,-0.012499999
53.46613545816733,-0.012499999
53.46618345893534,-0.01
53.46623145970335,-0.01
53.46627946047136,-0.01
53.46632746123937,-0.01
53.46637546200739,-0.01
53.4664234627754,-0.01
53.466471463543414,-0.01
53.466519464311425,-0.01
53.466567465079436,-0.01
53.46661546584745,-0.012499999
53.466663466615465,-0.01
53.466711467383476,-0.01
53.46675946815149,-0.01
53.4668074689195,-0.01
53.46685546968751,-0.012499999
53.46690347045553,-0.012499999
53.46695147122354,-0.01
53.46699947199155,-0.01
53.46704747275956,-0.012499999
53.46709547352757,-0.012499999
53.46714347429558,-0.01
53.4671914750636,-0.012499999
53.46723947583161,-0.01
53.46728747659962,-0.01
53.467335477367634,-0.0075
53.467383478135645,-0.01
53.467431478903656,-0.01
53.467479479671674,-0.012499999
53.467527480439685,-0.012499999
53.467575481207696,-0.01
53.46762348197571,-0.012499999
53.46767148274372,-0.01
53.467719483511736,-0.01
53.46776748427975,-0.0075
53.46781548504776,-0.012499999
53.46786348581577,-0.01
53.46791148658378,-0.012499999
53.46795948735179,-0.01
53.46800748811981,-0.012499999
53.46805548888782,-0.01
53.46810348965583,-0.01
53.46815149042384,-0.01
53.468199491191854,-0.01
53.468247491959865,-0.01
53.46829549272788,-0.0075
53.468343493495894,-0.01
53.468391494263905,-0.01
53.468439495031916,-0.0075
53.46848749579993,-0.01
53.468535496567945,-0.01
53.468583497335956,-0.0075
53.46863149810397,-0.01
53.46867949887198,-0.01
53.46872749963999,-0.01
53.468775500408,-0.0075
53.46882350117602,-0.01
53.46887150194403,-0.012499999
53.46891950271204,-0.01
53.46896750348005,-0.0075
53.46901550424806,-0.012499999
53.469063505016074,-0.01
53.46911150578409,-0.012499999
53.4691595065521,-0.01
53.469207507320114,-0.01
53.469255508088125,-0.012499999
53.469303508856136,-0.012499999
53.469351509624154,-0.01
53.469399510392165,-0.0075
53.469447511160176,-0.012499999
53.46949551192819,-0.012499999
53.4695435126962,-0.012499999
53.46959151346421,-0.012499999
53.46963951423223,-0.0075
53.46968751500024,-0.01
53.46973551576825,-0.01
53.46978351653626,-0.01
53.46983151730427,-0.01
53.46987951807228,-0.012499999
53.4699275188403,-0.01
53.46997551960831,-0.012499999
53.47002352037632,-0.01
53.470071521144334,-0.01
53.470119521912345,-0.012499999
53.47016752268036,-0.01
53.470215523448374,-0.012499999
53.470263524216385,-0.012499999
53.470311524984396,-0.012499999
53.47035952575241,-0.012499999
53.47040752652042,-0.01
53.470455527288436,-0.012499999
53.47050352805645,-0.01
53.47055152882446,-0.01
53.47059952959247,-0.012499999
53.47064753036048,-0.005
53.47069553112849,-0.0075
53.47074353189651,-0.012499999
53.47079153266452,-0.0175
53.47083953343253,-0.012499999
53.47088753420054,0.0
53.470935534968554,-0.012499999
53.47098353573657,-0.01
53.47103153650458,-0.012499999
53.471079537272594,-0.012499999
53.471127538040605,-0.015
53.471175538808616,-0.0075
53.47122353957663,-0.0075
53.471271540344645,-0.012499999
53.471319541112656,-0.01
53.47136754188067,-0.01
53.47141554264868,-0.0075
53.47146354341669,-0.01
53.4715115441847,-0.01
53.47155954495272,-0.012499999
53.47160754572073,-0.015
53.47165554648874,-0.0075
53.47170354725675,-0.01
53.47175154802476,-0.012499999
53.47179954879278,-0.015
53.47184754956079,-0.01
53.4718955503288,-0.0075
53.471943551096814,-0.012499999
53.471991551864825,-0.015
53.472039552632836,-0.01
53.472087553400854,-0.0075
53.472135554168865,-0.015
53.472183554936876,-0.01
53.47223155570489,-0.012499999
53.4722795564729,-0.0075
53.47232755724091,-0.012499999
53.47237555800893,-0.0075
53.47242355877694,-0.012499999
53.47247155954495,-0.015
53.47251956031296,-0.0075
53.47256756108097,-0.0075
53.47261556184899,-0.0075
53.472663562617,-0.015
53.47271156338501,-0.012499999
53.47275956415302,-0.012499999
53.472807564921034,-0.0075
53.472855565689045,-0.012499999
53.47290356645706,-0.01
53.472951567225074,-0.012499999
53.472999567993085,-0.0075
53.473047568761096,-0.015
53.47309556952911,-0.012499999
53.47314357029712,-0.005
53.473191571065136,-0.012499999
53.47323957183315,-0.0075
53.47328757260116,-0.01
53.47333557336917,-0.012499999
53.47338357413718,-0.01
53.4734315749052,-0.01
53.47347957567321,-0.012499999
53.47352757644122,-0.01
53.47357557720923,-0.012499999
53.47362357797724,-0.012499999
53.473671578745254,-0.01
53.47371957951327,-0.015
53.47376758028128,-0.0075
53.473815581049294,-0.012499999
53.473863581817305,-0.01
53.473911582585316,-0.012499999
53.47395958335333,-0.0175
53.474007584121345,-0.01
53.474055584889356,-0.01
53.47410358565737,-0.01
53.47415158642538,-0.012499999
53.47419958719339,-0.012499999
53.4742475879614,-0.012499999
53.47429558872942,-0.012499999
53.47434358949743,-0.0075
53.47439159026544,-0.005
53.47443959103345,-0.012499999
53.47448759180146,-0.012499999
53.47453559256948,-0.0075
53.47458359333749,-0.0075
53.4746315941055,-0.01
53.474679594873514,-0.005
53.474727595641525,-0.01
53.474775596409536,-0.0075
53.474823597177554,-0.01
53.474871597945565,-0.015
53.474919598713576,-0.0075
53.47496759948159,-0.0075
53.4750156002496,-0.01
53.47506360101761,-0.012499999
53.47511160178563,-0.01
53.47515960255364,-0.0075
53.47520760332165,-0.0075
53.47525560408966,-0.01
53.47530360485767,-0.012499999
53.47535160562569,-0.0075
53.4753996063937,-0.01
53.47544760716171,-0.0075
53.47549560792972,-0.0075
53.475543608697734,-0.0075
53.475591609465745,-0.015
53.47563961023376,-0.0075
53.475687611001774,-0.01
53.475735611769785,-0.012499999
53.475783612537796,-0.0075
53.47583161330581,-0.0175
53.47587961407382,-0.01
53.47592761484184,-0.012499999
53.47597561560985,-0.01
53.47602361637786,-0.015
53.47607161714587,-0.0075
53.47611961791388,-0.0075
53.4761676186819,-0.0075
53.47621561944991,-0.0075
53.47626362021792,-0.015
53.47631162098593,-0.0075
53.47635962175394,-0.01
53.476407622521954,-0.0075
53.47645562328997,-0.0075
53.47650362405798,-0.01
53.476551624825994,-0.012499999
53.476599625594005,-0.01
53.476647626362016,-0.015
53.47669562713003,-0.0075
53.476743627898045,-0.0075
53.47679162866606,-0.0075
53.47683962943407,-0.0175
53.47688763020208,-0.0075
53.47693563097009,-0.01
53.47698363173811,-0.012499999
53.47703163250612,-0.012499999
53.47707963327413,-0.0075
53.47712763404214,-0.0075
53.47717563481015,-0.01
53.47722363557816,-0.005
53.47727163634618,-0.012499999
53.47731963711419,-0.012499999
53.4773676378822,-0.012499999
53.477415638650214,-0.005
53.477463639418225,-0.0075
53.477511640186236,-0.0075
53.477559640954254,-0.01
53.477607641722265,-0.012499999
53.47765564249028,-0.012499999
53.47770364325829,-0.0075
53.4777516440263,-0.012499999
53.47779964479432,-0.015
53.47784764556233,-0.012499999
53.47789564633034,-0.0175
53.47794364709835,-0.01
53.47799164786636,-0.012499999
53.47803964863437,-0.0025
53.47808764940239,-0.01
53.4781356501704,-0.0075
53.47818365093841,-0.015
53.47823165170642,-0.01
53.478279652474434,-0.012499999
53.478327653242445,-0.012499999
53.47837565401046,-0.01
53.478423654778474,-0.012499999
53.478471655546485,-0.012499999
53.478519656314496,-0.012499999
53.47856765708251,-0.012499999
53.478615657850526,-0.012499999
53.47866365861854,-0.01
53.47871165938655,-0.015
53.47875966015456,-0.012499999
53.47880766092257,-0.01
53.47885566169058,-0.012499999
53.4789036624586,-0.01
53.47895166322661,-0.01
53.47899966399462,-0.01
53.47904766476263,-0.01
53.47909566553064,-0.01
53.479143666298654,-0.012499999
53.47919166706667,-0.0075
53.47923966783468,-0.0075
53.479287668602694,-0.01
53.479335669370705,-0.012499999
53.479383670138716,-0.012499999
53.479431670906735,-0.0075
53.479479671674746,-0.01
53.47952767244276,-0.012499999
53.47957567321077,-0.012499999
53.47962367397878,-0.01
53.47967167474679,-0.01
53.47971967551481,-0.01
53.47976767628282,-0.012499999
53.47981567705083,-0.012499999
53.47986367781884,-0.012499999
53.47991167858685,-0.012499999
53.47995967935486,-0.012499999
53.48000768012288,-0.0075
53.48005568089089,-0.0075
53.4801036816589,-0.01
53.480151682426914,-0.015
53.480199683194925,-0.012499999
53.48024768396294,-0.012499999
53.480295684730955,-0.015
53.480343685498966,-0.015
53.48039168626698,-0.01
53.48043968703499,-0.005
53.480487687803,-0.012499999
53.48053568857102,-0.0025
53.48058368933903,-0.012499999
53.48063169010704,-0.01
53.48067969087505,-0.012499999
53.48072769164306,-0.01
53.48077569241107,-0.015
53.48082369317909,-0.01
53.4808716939471,-0.01
53.48091969471511,-0.01
53.48096769548312,-0.01
53.481015696251134,-0.015
53.48106369701915,-0.015
53.48111169778716,-0.012499999
53.481159698555174,-0.01
53.481207699323186,-0.0075
53.4812557000912,-0.012499999
53.48130370085921,-0.01
53.481351701627226,-0.0075
53.48139970239524,-0.01
53.48144770316325,-0.005
53.48149570393126,-0.012499999
53.48154370469927,-0.0075
53.48159170546728,-0.01
53.4816397062353,-0.0075
53.48168770700331,-0.0075
53.48173570777132,-0.0075
53.48178370853933,-0.012499999
53.48183170930734,-0.01
53.48187971007536,-0.012499999
53.48192771084337,-0.01
53.48197571161138,-0.01
53.482023712379394,-0.0075
53.482071713147405,-0.01
53.48211971391542,-0.012499999
53.482167714683435,-0.01
53.482215715451446,-0.01
53.48226371621946,-0.012499999
53.48231171698747,-0.01
53.48235971775548,-0.01
53.48240771852349,-0.012499999
53.48245571929151,-0.01
53.48250372005952,-0.012499999
53.48255172082753,-0.012499999
53.48259972159554,-0.012499999
53.48264772236355,-0.01
53.48269572313157,-0.01
53.48274372389958,-0.012499999
53.48279172466759,-0.012499999
53.4828397254356,-0.01
53.482887726203614,-0.01
53.482935726971625,-0.01
53.482983727739644,-0.01
53.483031728507655,-0.01
53.483079729275666,-0.01
53.48312773004368,-0.012499999
53.48317573081169,-0.01
53.4832237315797,-0.01
53.48327173234772,-0.012499999
53.48331973311573,-0.01
53.48336773388374,-0.01
53.48341573465175,-0.01
53.48346373541976,-0.012499999
53.48351173618778,-0.01
53.48355973695579,-0.01
53.4836077377238,-0.01
53.48365573849181,-0.01
53.48370373925982,-0.01
53.483751740027834,-0.01
53.48379974079585,-0.01
53.483847741563864,-0.01
53.483895742331875,-0.01
53.483943743099886,-0.01
53.4839917438679,-0.01
53.48403974463591,-0.01
53.484087745403926,-0.01
53.48413574617194,-0.01
53.48418374693995,-0.01
53.48423174770796,-0.01
53.48427974847597,-0.01
53.48432774924399,-0.01
53.484375750012,-0.01
53.48442375078001,-0.01
53.48447175154802,-0.012499999
53.48451975231603,-0.01
53.48456775308404,-0.012499999
53.48461575385206,-0.01
53.48466375462007,-0.01
53.48471175538808,-0.01
53.484759756156095,-0.01
53.484807756924106,-0.01
53.48485575769212,-0.01
53.484903758460135,-0.01
53.484951759228146,-0.01
53.48499975999616,-0.01
53.48504776076417,-0.012499999
53.48509576153218,-0.01
53.48514376230019,-0.01
53.48519176306821,-0.01
53.48523976383622,-0.012499999
53.48528776460423,-0.01
53.48533576537224,-0.01
53.48538376614025,-0.01
53.48543176690827,-0.01
53.48547976767628,-0.01
53.48552776844429,-0.01
53.4855757692123,-0.01
53.485623769980315,-0.01
53.485671770748326,-0.01
53.485719771516344,-0.01
53.485767772284355,-0.01
53.485815773052366,-0.01
53.48586377382038,-0.01
53.48591177458839,-0.01
53.4859597753564,-0.012499999
53.48600777612442,-0.01
53.48605577689243,-0.01
53.48610377766044,-0.01
53.48615177842845,-0.012499999
53.48619977919646,-0.01
53.48624777996448,-0.01
53.48629578073249,-0.01
53.4863437815005,-0.0075
53.48639178226851,-0.012499999
53.48643978303652,-0.01
53.486487783804535,-0.01
53.48653578457255,-0.01
53.486583785340564,-0.012499999
53.486631786108575,-0.012499999
53.486679786876586,-0.01
53.4867277876446,-0.01
53.48677578841261,-0.0075
53.486823789180626,-0.012499999
53.48687178994864,-0.01
53.48691979071665,-0.01
53.48696779148466,-0.01
53.48701579225267,-0.01
53.48706379302069,-0.01
53.4871117937887,-0.012499999
53.48715979455671,-0.012499999
53.48720779532472,-0.01
53.48725579609273,-0.012499999
53.48730379686074,-0.012499999
53.48735179762876,-0.0075
53.48739979839677,-0.01
53.487447799164784,-0.0075
53.487495799932795,-0.01
53.487543800700806,-0.0075
53.48759180146882,-0.01
53.487639802236835,-0.01
53.487687803004846,-0.012499999
53.48773580377286,-0.01
53.48778380454087,-0.01
53.48783180530888,-0.012499999
53.4878798060769,-0.012499999
53.48792780684491,-0.01
53.48797580761292,-0.01
53.48802380838093,-0.0075
53.48807180914894,-0.01
53.48811980991695,-0.0075
53.48816781068497,-0.01
53.48821581145298,-0.01
53.48826381222099,-0.01
53.488311812989004,-0.0075
53.488359813757015,-0.01
53.488407814525026,-0.01
53.488455815293044,-0.0075
53.488503816061055,-0.01
53.488551816829066,-0.01
53.48859981759708,-0.01
53.48864781836509,-0.01
53.488695819133106,-0.01
53.48874381990112,-0.01
53.48879182066913,-0.012499999
53.48883982143714,-0.01
53.48888782220515,-0.012499999
53.48893582297316,-0.012499999
53.48898382374118,-0.01
53.48903182450919,-0.01
53.4890798252772,-0.01
53.48912782604521,-0.012499999
53.489175826813224,-0.01
53.489223827581235,-0.012499999
53.48927182834925,-0.01
53.489319829117264,-0.01
53.489367829885275,-0.012499999
53.489415830653286,-0.01
53.4894638314213,-0.01
53.489511832189315,-0.012499999
53.489559832957326,-0.01
53.48960783372534,-0.01
53.48965583449335,-0.01
53.48970383526136,-0.012499999
53.48975183602937,-0.01
53.48979983679739,-0.01
53.4898478375654,-0.01
53.48989583833341,-0.01
53.48994383910142,-0.01
53.48999183986943,-0.01
53.49003984063744,-0.012499999
53.49008784140546,-0.01
53.49013584217347,-0.01
53.490183842941484,-0.012499999
53.490231843709495,-0.01
53.490279844477506,-0.01
53.490327845245524,-0.01
53.490375846013535,-0.01
53.490423846781546,-0.01
53.49047184754956,-0.0075
53.49051984831757,-0.01
53.49056784908558,-0.01
53.4906158498536,-0.012499999
53.49066385062161,-0.01
53.49071185138962,-0.012499999
53.49075985215763,-0.01
53.49080785292564,-0.01
53.49085585369365,-0.012499999
53.49090385446167,-0.012499999
53.49095185522968,-0.01
53.49099985599769,-0.01
53.491047856765704,-0.012499999
53.491095857533715,-0.01
53.49114385830173,-0.01
53.491191859069744,-0.01
53.491239859837755,-0.01
53.491287860605766,-0.01
53.49133586137378,-0.01
53.49138386214179,-0.01
53.491431862909806,-0.01
53.49147986367782,-0.01
53.49152786444583,-0.01
53.49157586521384,-0.012499999
53.49162386598185,-0.01
53.49167186674986,-0.01
53.49171986751788,-0.01
53.49176786828589,-0.012499999
53.4918158690539,-0.01
53.49186386982191,-0.012499999
53.491911870589924,-0.01
53.49195987135794,-0.012499999
53.49200787212595,-0.012499999
53.492055872893964,-0.012499999
53.492103873661975,-0.012499999
53.492151874429986,-0.012499999
53.492199875198,-0.01
53.492247875966015,-0.012499999
53.492295876734026,-0.01
53.49234387750204,-0.01
53.49239187827005,-0.01
53.49243987903806,-0.012499999
53.49248787980607,-0.01
53.49253588057409,-0.012499999
53.4925838813421,-0.012499999
53.49263188211011,-0.012499999
53.49267988287812,-0.01
53.49272788364613,-0.012499999
53.49277588441415,-0.01
53.49282388518216,-0.012499999
53.49287188595017,-0.01
53.492919886718184,-0.01
53.492967887486195,-0.01
53.493015888254206,-0.01
53.493063889022224,-0.01
53.493111889790235,-0.012499999
53.493159890558246,-0.01
53.49320789132626,-0.01
53.49325589209427,-0.005
53.49330389286228,-0.01
53.4933518936303,-0.0075
53.49339989439831,-0.012499999
53.49344789516632,-0.0075
53.49349589593433,-0.01
53.49354389670234,-0.01
53.49359189747036,-0.01
53.49363989823837,-0.0075
53.49368789900638,-0.012499999
53.49373589977439,-0.012499999
53.493783900542404,-0.012499999
53.493831901310415,-0.01
53.49387990207843,-0.01
53.493927902846444,-0.012499999
53.493975903614455,-0.012499999
53.494023904382466,-0.012499999
53.49407190515048,-0.012499999
53.49411990591849,-0.01
53.494167906686506,-0.01
53.49421590745452,-0.0075
53.49426390822253,-0.01
53.49431190899054,-0.012499999
53.49435990975855,-0.01
53.49440791052657,-0.01
53.49445591129458,-0.01
53.49450391206259,-0.012499999
53.4945519128306,-0.01
53.49459991359861,-0.012499999
53.494647914366624,-0.01
53.49469591513464,-0.012499999
53.49474391590265,-0.01
53.494791916670664,-0.0075
53.494839917438675,-0.01
53.494887918206686,-0.01
53.4949359189747,-0.01
53.494983919742715,-0.01
53.495031920510726,-0.0075
53.49507992127874,-0.01
53.49512792204675,-0.0075
53.49517592281476,-0.012499999
53.49522392358278,-0.0075
53.49527192435079,-0.012499999
53.4953199251188,-0.01
53.49536792588681,-0.012499999
53.49541592665482,-0.01
53.49546392742283,-0.01
53.49551192819085,-0.01
53.49555992895886,-0.01
53.49560792972687,-0.01
53.495655930494884,-0.01
53.495703931262895,-0.01
53.495751932030906,-0.01
53.495799932798924,-0.01
53.495847933566935,-0.012499999
53.495895934334946,-0.01
53.49594393510296,-0.01
53.49599193587097,-0.0075
53.49603993663898,-0.01
53.496087937407,-0.0075
53.49613593817501,-0.01
53.49618393894302,-0.015
53.49623193971103,-0.01
53.49627994047904,-0.01
53.49632794124706,-0.012499999
53.49637594201507,-0.01
53.49642394278308,-0.0075
53.49647194355109,-0.01
53.496519944319104,-0.01
53.496567945087115,-0.0075
53.49661594585513,-0.01
53.496663946623144,-0.01
53.496711947391155,-0.01
53.496759948159166,-0.0075
53.49680794892718,-0.01
53.49685594969519,-0.012499999
53.49690395046321,-0.01
53.49695195123122,-0.01
53.49699995199923,-0.01
53.49704795276724,-0.01
53.49709595353525,-0.01
53.49714395430327,-0.01
53.49719195507128,-0.01
53.49723995583929,-0.01
53.4972879566073,-0.01
53.49733595737531,-0.01
53.497383958143324,-0.01
53.49743195891134,-0.012499999
53.49747995967935,-0.01
53.497527960447364,-0.01
53.497575961215375,-0.01
53.497623961983386,-0.012499999
53.4976719627514,-0.01
53.497719963519415,-0.012499999
53.497767964287426,-0.0075
53.49781596505544,-0.015
53.49786396582345,-0.0075
53.49791196659146,-0.012499999
53.49795996735948,-0.0075
53.49800796812749,-0.01
53.4980559688955,-0.0075
53.49810396966351,-0.01
53.49815197043152,-0.0075
53.49819997119953,-0.01
53.49824797196755,-0.0075
53.49829597273556,-0.012499999
53.49834397350357,-0.01
53.498391974271584,-0.01
53.498439975039595,-0.01
53.498487975807606,-0.01
53.498535976575624,-0.01
53.498583977343635,-0.012499999
53.498631978111646,-0.0075
53.49867997887966,-0.01
53.49872797964767,-0.0075
53.49877598041569,-0.01
53.4988239811837,-0.01
53.49887198195171,-0.0075
53.49891998271972,-0.01
53.49896798348773,-0.01
53.49901598425574,-0.01
53.49906398502376,-0.01
53.49911198579177,-0.01
53.49915998655978,-0.01
53.49920798732779,-0.012499999
53.499255988095804,-0.01
53.499303988863815,-0.01
53.49935198963183,-0.01
53.499399990399844,-0.01
53.499447991167855,-0.01
53.499495991935866,-0.012499999
53.49954399270388,-0.012499999
53.499591993471896,-0.01
53.49963999423991,-0.01
53.49968799500792,-0.012499999
53.49973599577593,-0.01
53.49978399654394,-0.01
53.49983199731195,-0.01
53.49987999807997,-0.01
53.49992799884798,-0.012499999
53.49997599961599,-0.012499999
53.500024000384,-0.01
53.50007200115201,-0.01
53.500120001920024,-0.01
53.50016800268804,-0.01
53.50021600345605,-0.01
53.500264004224064,-0.01
53.500312004992075,-0.01
53.500360005760086,-0.012499999
53.500408006528104,-0.01
53.500456007296116,-0.01
53.50050400806413,-0.01
53.50055200883214,-0.012499999
53.50060000960015,-0.012499999
53.50064801036816,-0.01
53.50069601113618,-0.012499999
53.50074401190419,-0.01
53.5007920126722,-0.012499999
53.50084001344021,-0.01
53.50088801420822,-0.01
53.50093601497623,-0.01
53.50098401574425,-0.01
53.50103201651226,-0.01
53.50108001728027,-0.01
53.501128018048284,-0.01
53.501176018816295,-0.01
53.50122401958431,-0.012499999
53.501272020352324,-0.01
53.501320021120335,-0.01
53.50136802188835,-0.01
53.50141602265636,-0.01
53.50146402342437,-0.0075
53.50151202419239,-0.01
53.5015600249604,-0.012499999
53.50160802572841,-0.01
53.50165602649642,-0.012499999
53.50170402726443,-0.01
53.50175202803244,-0.012499999
53.50180002880046,-0.01
53.50184802956847,-0.012499999
53.50189603033648,-0.01
53.50194403110449,-0.012499999
53.501992031872504,-0.0075
53.50204003264052,-0.012499999
53.50208803340853,-0.01
53.502136034176544,-0.012499999
53.502184034944555,-0.0075
53.50223203571257,-0.012499999
53.50228003648058,-0.01
53.502328037248596,-0.01
53.50237603801661,-0.01
53.50242403878462,-0.012499999
53.50247203955263,-0.01
53.50252004032064,-0.01
53.50256804108865,-0.01
53.50261604185667,-0.01
53.50266404262468,-0.012499999
53.50271204339269,-0.01
53.5027600441607,-0.012499999
53.50280804492871,-0.01
53.50285604569673,-0.01
53.50290404646474,-0.01
53.50295204723275,-0.0075
53.503000048000764,-0.01
53.503048048768775,-0.0075
53.503096049536786,-0.01
53.503144050304805,-0.01
53.503192051072816,-0.01
53.50324005184083,-0.01
53.50328805260884,-0.01
53.50333605337685,-0.01
53.50338405414486,-0.01
53.50343205491288,-0.01
53.50348005568089,-0.01
53.5035280564489,-0.012499999
53.50357605721691,-0.0075
53.50362405798492,-0.01
53.50367205875294,-0.01
53.50372005952095,-0.01
53.50376806028896,-0.01
53.50381606105697,-0.012499999
53.503864061824984,-0.01
53.503912062592995,-0.01
53.50396006336101,-0.01
53.504008064129025,-0.01
53.504056064897036,-0.01
53.50410406566505,-0.01
53.50415206643306,-0.01
53.50420006720107,-0.012499999
53.50424806796909,-0.01
53.5042960687371,-0.01
53.50434406950511,-0.0075
53.50439207027312,-0.01
53.50444007104113,-0.01
53.50448807180915,-0.01
53.50453607257716,-0.01
53.50458407334517,-0.012499999
53.50463207411318,-0.012499999
53.50468007488119,-0.012499999
53.504728075649204,-0.01
53.50477607641722,-0.01
53.50482407718523,-0.0075
53.504872077953245,-0.01
53.504920078721256,-0.012499999
53.50496807948927,-0.0075
53.50501608025728,-0.01
53.505064081025296,-0.0075
53.50511208179331,-0.012499999
53.50516008256132,-0.01
53.50520808332933,-0.012499999
53.50525608409734,-0.01
53.50530408486536,-0.012499999
53.50535208563337,-0.0075
53.50540008640138,-0.012499999
53.50544808716939,-0.012499999
53.5054960879374,-0.01
53.50554408870541,-0.0075
53.50559208947343,-0.01
53.50564009024144,-0.01
53.50568809100945,-0.01
53.505736091777464,-0.01
53.505784092545476,-0.01
53.50583209331349,-0.01
53.505880094081505,-0.01
53.505928094849516,-0.01
53.50597609561753,-0.012499999
53.50602409638554,-0.01
53.50607209715355,-0.012499999
53.50612009792157,-0.01
53.50616809868958,-0.01
53.50621609945759,-0.01
53.5062641002256,-0.012499999
53.50631210099361,-0.01
53.50636010176162,-0.012499999
53.50640810252964,-0.01
53.50645610329765,-0.0075
53.50650410406566,-0.012499999
53.50655210483367,-0.01
53.506600105601684,-0.01
53.506648106369695,-0.01
53.506696107137714,-0.012499999
53.506744107905725,-0.01
53.506792108673736,-0.01
53.50684010944175,-0.01
53.50688811020976,-0.0075
53.50693611097777,-0.01
53.50698411174579,-0.0075
53.5070321125138,-0.01
53.50708011328181,-0.012499999
53.50712811404982,-0.01
53.50717611481783,-0.012499999
53.50722411558585,-0.012499999
53.50727211635386,-0.012499999
53.50732011712187,-0.01
53.50736811788988,-0.012499999
53.50741611865789,-0.01
53.507464119425904,-0.01
53.50751212019392,-0.012499999
53.507560120961934,-0.01
53.507608121729945,-0.01
53.507656122497956,-0.01
53.50770412326597,-0.01
53.50775212403398,-0.01
53.507800124801996,-0.01
53.50784812557001,-0.01
53.50789612633802,-0.01
53.50794412710603,-0.01
53.50799212787404,-0.01
53.50804012864206,-0.01
53.50808812941007,-0.01
53.50813613017808,-0.01
53.50818413094609,-0.012499999
53.5082321317141,-0.01
53.50828013248211,-0.01
53.50832813325013,-0.01
53.50837613401814,-0.01
53.508424134786154,-0.01
53.508472135554165,-0.01
53.508520136322176,-0.012499999
53.50856813709019,-0.01
53.508616137858205,-0.012499999
53.508664138626216,-0.012499999
53.50871213939423,-0.01
53.50876014016224,-0.01
53.50880814093025,-0.015
53.50885614169827,-0.01
53.50890414246628,-0.01
53.50895214323429,-0.01
53.5090001440023,-0.01
53.50904814477031,-0.012499999
53.50909614553832,-0.012499999
53.50914414630634,-0.01
53.50919214707435,-0.01
53.50924014784236,-0.012499999
53.50928814861037,-0.012499999
53.509336149378385,-0.01
53.509384150146396,-0.01
53.509432150914414,-0.012499999
53.509480151682425,-0.012499999
53.509528152450436,-0.01
53.50957615321845,-0.01
53.50962415398646,-0.012499999
53.509672154754476,-0.015
53.50972015552249,-0.01
53.5097681562905,-0.012499999
53.50981615705851,-0.01
53.50986415782652,-0.01
53.50991215859453,-0.0075
53.50996015936255,-0.01
53.51000816013056,-0.01
53.51005616089857,-0.012499999
53.51010416166658,-0.01
53.51015216243459,-0.012499999
53.510200163202605,-0.012499999
53.51024816397062,-0.012499999
53.510296164738634,-0.0075
53.510344165506645,-0.01
53.510392166274656,-0.0075
53.51044016704267,-0.012499999
53.510488167810685,-0.01
53.510536168578696,-0.01
53.51058416934671,-0.01
53.51063217011472,-0.012499999
53.51068017088273,-0.01
53.51072817165074,-0.012499999
53.51077617241876,-0.0075
53.51082417318677,-0.01
53.51087217395478,-0.01
53.51092017472279,-0.012499999
53.5109681754908,-0.01
53.51101617625881,-0.01
53.51106417702683,-0.01
53.51111217779484,-0.012499999
53.511160178562854,-0.01
53.511208179330865,-0.012499999
53.511256180098876,-0.012499999
53.511304180866894,-0.01
53.511352181634905,-0.01
53.511400182402916,-0.012499999
53.51144818317093,-0.01
53.51149618393894,-0.012499999
53.51154418470695,-0.01
53.51159218547497,-0.012499999
53.51164018624298,-0.01
53.51168818701099,-0.01
53.511736187779,-0.01
53.51178418854701,-0.012499999
53.51183218931502,-0.012499999
53.51188019008304,-0.01
53.51192819085105,-0.01
53.51197619161906,-0.012499999
53.512024192387074,-0.01
53.512072193155085,-0.012499999
53.5121201939231,-0.012499999
53.512168194691114,-0.01
53.512216195459125,-0.01
53.512264196227136,-0.01
53.51231219699515,-0.01
53.51236019776316,-0.01
53.512408198531176,-0.012499999
53.51245619929919,-0.012499999
53.5125042000672,-0.01
53.51255220083521,-0.01
53.51260020160322,-0.01
53.51264820237123,-0.01
53.51269620313925,-0.0075
53.51274420390726,-0.01
53.51279220467527,-0.01
53.51284020544328,-0.012499999
53.512888206211294,-0.012499999
53.51293620697931,-0.012499999
53.51298420774732,-0.01
53.513032208515334,-0.0075
53.513080209283345,-0.01
53.513128210051356,-0.01
53.51317621081937,-0.01
53.513224211587385,-0.01
53.513272212355396,-0.01
53.51332021312341,-0.01
53.51336821389142,-0.01
53.51341621465943,-0.01
53.51346421542744,-0.012499999
53.51351221619546,-0.01
53.51356021696347,-0.012499999
53.51360821773148,-0.01
53.51365621849949,-0.012499999
53.5137042192675,-0.01
53.51375222003552,-0.01
53.51380022080353,-0.01
53.51384822157154,-0.012499999
53.513896222339554,-0.012499999
53.513944223107565,-0.012499999
53.513992223875576,-0.012499999
53.514040224643594,-0.01
53.514088225411605,-0.0075
53.514136226179616,-0.0075
53.51418422694763,-0.01
53.51423222771564,-0.01
53.51428022848365,-0.01
53.51432822925167,-0.012499999
53.51437623001968,-0.01
53.51442423078769,-0.012499999
53.5144722315557,-0.01
53.51452023232371,-0.012499999
53.51456823309173,-0.01
53.51461623385974,-0.012499999
53.51466423462775,-0.01
53.51471223539576,-0.012499999
53.514760236163774,-0.01
53.514808236931785,-0.01
53.5148562376998,-0.01
53.514904238467814,-0.01
53.514952239235825,-0.01
53.515000240003836,-0.0075
53.51504824077185,-0.01
53.51509624153986,-0.012499999
53.515144242307876,-0.012499999
53.51519224307589,-0.012499999
53.5152402438439,-0.01
53.51528824461191,-0.01
53.51533624537992,-0.01
53.51538424614794,-0.012499999
53.51543224691595,-0.01
53.51548024768396,-0.012499999
53.51552824845197,-0.01
53.51557624921998,-0.01
53.515624249987994,-0.0075
53.51567225075601,-0.01
53.51572025152402,-0.01
53.515768252292034,-0.01
53.515816253060045,-0.012499999
53.515864253828056,-0.012499999
53.51591225459607,-0.01
53.515960255364085,-0.01
53.516008256132096,-0.0075
53.51605625690011,-0.01
53.51610425766812,-0.01
53.51615225843613,-0.01
53.51620025920415,-0.01
53.51624825997216,-0.01
53.51629626074017,-0.01
53.51634426150818,-0.01
53.51639226227619,-0.01
53.5164402630442,-0.01
53.51648826381222,-0.012499999
53.51653626458023,-0.01
53.51658426534824,-0.0075
53.516632266116254,-0.01
53.516680266884265,-0.012499999
53.516728267652276,-0.01
53.516776268420294,-0.01
53.516824269188305,-0.01
53.516872269956316,-0.012499999
53.51692027072433,-0.01
53.51696827149234,-0.012499999
53.517016272260356,-0.01
53.51706427302837,-0.01
53.51711227379638,-0.0075
53.51716027456439,-0.01
53.5172082753324,-0.01
53.51725627610041,-0.012499999
53.51730427686843,-0.012499999
53.51735227763644,-0.012499999
53.51740027840445,-0.01
53.51744827917246,-0.01
53.517496279940474,-0.01
53.517544280708485,-0.012499999
53.5175922814765,-0.01
53.517640282244514,-0.01
53.517688283012525,-0.01
53.517736283780536,-0.012499999
53.51778428454855,-0.01
53.51783228531656,-0.01
53.517880286084576,-0.01
53.51792828685259,-0.012499999
53.5179762876206,-0.01
53.51802428838861,-0.012499999
53.51807228915662,-0.01
53.51812028992464,-0.012499999
53.51816829069265,-0.01
53.51821629146066,-0.01
53.51826429222867,-0.012499999
53.51831229299668,-0.01
53.518360293764694,-0.01
53.51840829453271,-0.012499999
53.51845629530072,-0.01
53.518504296068734,-0.012499999
53.518552296836745,-0.01
53.518600297604756,-0.01
53.51864829837277,-0.0075
53.518696299140785,-0.0075
53.518744299908796,-0.01
53.51879230067681,-0.01
53.51884030144482,-0.01
53.51888830221283,-0.01
53.51893630298085,-0.01
53.51898430374886,-0.0075
53.51903230451687,-0.01
53.51908030528488,-0.0075
53.51912830605289,-0.012499999
53.5191763068209,-0.01
53.51922430758892,-0.0075
53.51927230835693,-0.012499999
53.51932030912494,-0.01
53.519368309892954,-0.01
53.519416310660965,-0.01
53.519464311428976,-0.01
53.519512312196994,-0.01
53.519560312965005,-0.01
53.519608313733016,-0.012499999
53.51965631450103,-0.01
53.51970431526904,-0.01
53.51975231603706,-0.01
53.51980031680507,-0.01
53.51984831757308,-0.012499999
53.51989631834109,-0.01
53.5199443191091,-0.012499999
53.51999231987711,-0.01
53.52004032064513,-0.012499999
53.52008832141314,-0.0075
53.52013632218115,-0.01
53.52018432294916,-0.01
53.520232323717174,-0.012499999
53.520280324485185,-0.012499999
53.5203283252532,-0.01
53.520376326021214,-0.012499999
53.520424326789225,-0.01
53.520472327557236,-0.01
53.52052032832525,-0.01
53.520568329093265,-0.01
53.52061632986128,-0.0075
53.52066433062929,-0.01
53.5207123313973,-0.01
53.52076033216531,-0.01
53.52080833293332,-0.0075
53.52085633370134,-0.01
53.52090433446935,-0.01
53.52095233523736,-0.0075
53.52100033600537,-0.01
53.52104833677338,-0.01
53.521096337541394,-0.01
53.52114433830941,-0.012499999
53.52119233907742,-0.012499999
53.521240339845434,-0.01
53.521288340613445,-0.012499999
53.521336341381456,-0.01
53.521384342149474,-0.01
53.521432342917485,-0.01
53.5214803436855,-0.01
53.52152834445351,-0.01
53.52157634522152,-0.01
53.52162434598953,-0.01
53.52167234675755,-0.01
53.52172034752556,-0.01
53.52176834829357,-0.012499999
53.52181634906158,-0.01
53.52186434982959,-0.01
53.5219123505976,-0.01
53.52196035136562,-0.012499999
53.52200835213363,-0.01
53.52205635290164,-0.012499999
53.522104353669654,-0.01
53.522152354437665,-0.01
53.52220035520568,-0.01
53.522248355973694,-0.01
53.522296356741705,-0.01
53.522344357509716,-0.012499999
53.52239235827773,-0.01
53.52244035904574,-0.01
53.52248835981376,-0.012499999
53.52253636058177,-0.012499999
53.52258436134978,-0.01
53.52263236211779,-0.012499999
53.5226803628858,-0.0075
53.52272836365381,-0.012499999
53.52277636442183,-0.0075
53.52282436518984,-0.01
53.52287236595785,-0.0075
53.52292036672586,-0.01
53.522968367493874,-0.005
53.52301636826189,-0.01
53.5230643690299,-0.012499999
53.523112369797914,-0.012499999
53.523160370565925,-0.01
53.523208371333936,-0.01
53.52325637210195,-0.0075
53.523304372869966,-0.012499999
53.52335237363798,-0.01
53.52340037440599,-0.01
53.523448375174,-0.01
53.52349637594201,-0.01
53.52354437671002,-0.01
53.52359237747804,-0.01
53.52364037824605,-0.01
53.52368837901406,-0.0075
53.52373637978207,-0.012499999
53.52378438055008,-0.01
53.5238323813181,-0.01
53.52388038208611,-0.01
53.52392838285412,-0.012499999
53.523976383622134,-0.01
53.524024384390145,-0.01
53.524072385158156,-0.01
53.524120385926174,-0.0075
53.524168386694186,-0.012499999
53.5242163874622,-0.01
53.52426438823021,-0.01
53.52431238899822,-0.01
53.52436038976623,-0.012499999
53.52440839053425,-0.01
53.52445639130226,-0.01
53.52450439207027,-0.01
53.52455239283828,-0.012499999
53.52460039360629,-0.01
53.52464839437431,-0.01
53.52469639514232,-0.012499999
53.52474439591033,-0.01
53.52479239667834,-0.01
53.524840397446354,-0.0075
53.524888398214365,-0.012499999
53.52493639898238,-0.01
53.524984399750394,-0.012499999
53.525032400518405,-0.0075
53.52508040128642,-0.01
53.52512840205443,-0.01
53.52517640282244,-0.012499999
53.52522440359046,-0.01
53.52527240435847,-0.01
53.52532040512648,-0.012499999
53.52536840589449,-0.01
53.5254164066625,-0.01
53.52546440743052,-0.01
53.52551240819853,-0.0075
53.52556040896654,-0.01
53.52560840973455,-0.01
53.52565641050256,-0.01
53.525704411270574,-0.01
53.52575241203859,-0.012499999
53.5258004128066,-0.01
53.525848413574614,-0.01
53.525896414342625,-0.01
53.52594441511064,-0.01
53.52599241587865,-0.01
53.526040416646666,-0.01
53.52608841741468,-0.012499999
53.52613641818269,-0.012499999
53.5261844189507,-0.01
53.52623241971871,-0.01
53.52628042048673,-0.01
53.52632842125474,-0.01
53.52637642202275,-0.01
53.52642442279076,-0.012499999
53.52647242355877,-0.01
53.52652042432678,-0.01
53.5265684250948,-0.01
53.52661642586281,-0.012499999
53.52666442663082,-0.0075
53.526712427398834,-0.01
53.526760428166845,-0.01
53.52680842893486,-0.012499999
53.526856429702875,-0.01
53.526904430470886,-0.012499999
53.5269524312389,-0.012499999
53.52700043200691,-0.012499999
53.52704843277492,-0.01
53.52709643354294,-0.01
53.52714443431095,-0.01
53.52719243507896,-0.012499999
53.52724043584697,-0.01
53.52728843661498,-0.01
53.52733643738299,-0.01
53.52738443815101,-0.012499999
53.52743243891902,-0.01
53.52748043968703,-0.01
53.52752844045504,-0.01
53.527576441223054,-0.012499999
53.527624441991065,-0.01
53.52767244275908,-0.01
53.527720443527095,-0.01
53.527768444295106,-0.012499999
53.52781644506312,-0.01
53.52786444583113,-0.012499999
53.527912446599146,-0.01
53.52796044736716,-0.012499999
53.52800844813517,-0.012499999
53.52805644890318,-0.01
53.52810444967119,-0.012499999
53.5281524504392,-0.01
53.52820045120722,-0.012499999
53.52824845197523,-0.01
53.52829645274324,-0.012499999
53.52834445351125,-0.01
53.52839245427926,-0.01
53.528440455047274,-0.01
53.52848845581529,-0.01
53.5285364565833,-0.01
53.528584457351315,-0.01
53.528632458119326,-0.01
53.52868045888734,-0.012499999
53.52872845965535,-0.012499999
53.528776460423366,-0.01
53.52882446119138,-0.012499999
53.52887246195939,-0.01
53.5289204627274,-0.012499999
53.52896846349541,-0.01
53.52901646426343,-0.012499999
53.52906446503144,-0.01
53.52911246579945,-0.01
53.52916046656746,-0.01
53.52920846733547,-0.01
53.52925646810348,-0.01
53.5293044688715,-0.01
53.52935246963951,-0.01
53.52940047040752,-0.01
53.529448471175535,-0.01
53.529496471943546,-0.01
53.52954447271156,-0.01
53.529592473479575,-0.01
53.529640474247586,-0.01
53.5296884750156,-0.01
53.52973647578361,-0.01
53.52978447655162,-0.012499999
53.52983247731964,-0.01
53.52988047808765,-0.01
53.52992847885566,-0.01
53.52997647962367,-0.012499999
53.53002448039168,-0.01
53.53007248115969,-0.01
53.53012048192771,-0.012499999
53.53016848269572,-0.01
53.53021648346373,-0.012499999
53.53026448423174,-0.012499999
53.530312484999754,-0.012499999
53.530360485767766,-0.01
53.530408486535784,-0.012499999
53.530456487303795,-0.012499999
53.530504488071806,-0.012499999
53.53055248883982,-0.0075
53.53060048960783,-0.012499999
53.530648490375846,-0.01
53.53069649114386,-0.0075
53.53074449191187,-0.0175
53.53079249267988,-0.015
53.53084049344789,-0.005
53.5308884942159,-0.015
53.53093649498392,-0.012499999
53.53098449575193,-0.0075
53.53103249651994,-0.012499999
53.53108049728795,-0.01
53.53112849805596,-0.012499999
53.531176498823974,-0.012499999
53.53122449959199,-0.01
53.531272500360004,-0.012499999
53.531320501128015,-0.01
53.531368501896026,-0.012499999
53.53141650266404,-0.01
53.531464503432055,-0.01
53.531512504200066,-0.01
53.53156050496808,-0.012499999
53.53160850573609,-0.01
53.5316565065041,-0.012499999
53.53170450727211,-0.01
53.53175250804013,-0.012499999
53.53180050880814,-0.01
53.53184850957615,-0.012499999
53.53189651034416,-0.0075
53.53194451111217,-0.01
53.53199251188018,-0.01
53.5320405126482,-0.01
53.53208851341621,-0.01
53.532136514184224,-0.01
53.532184514952235,-0.0075
53.532232515720246,-0.012499999
53.532280516488264,-0.012499999
53.532328517256275,-0.012499999
53.532376518024286,-0.01
53.5324245187923,-0.012499999
53.53247251956031,-0.01
53.53252052032832,-0.012499999
53.53256852109634,-0.0075
53.53261652186435,-0.01
53.53266452263236,-0.01
53.53271252340037,-0.01
53.53276052416838,-0.01
53.53280852493639,-0.01
53.53285652570441,-0.012499999
53.53290452647242,-0.012499999
53.53295252724043,-0.01
53.53300052800844,-0.01
53.533048528776455,-0.012499999
53.53309652954447,-0.012499999
53.533144530312484,-0.01
53.533192531080495,-0.01
53.533240531848506,-0.01
53.53328853261652,-0.01
53.53333653338453,-0.0075
53.533384534152546,-0.01
53.53343253492056,-0.01
53.53348053568857,-0.01
53.53352853645658,-0.01
53.53357653722459,-0.01
53.5336245379926,-0.0075
53.53367253876062,-0.01
53.53372053952863,-0.01
53.53376854029664,-0.01
53.53381654106465,-0.0075
53.53386454183266,-0.01
53.53391254260068,-0.01
53.53396054336869,-0.01
53.534008544136704,-0.0075
53.534056544904715,-0.012499999
53.534104545672726,-0.0075
53.53415254644074,-0.01
53.534200547208755,-0.01
53.534248547976766,-0.01
53.53429654874478,-0.01
53.53434454951279,-0.01
53.5343925502808,-0.01
53.53444055104881,-0.01
53.53448855181683,-0.0075
53.53453655258484,-0.01
53.53458455335285,-0.0075
53.53463255412086,-0.01
53.53468055488887,-0.01
53.53472855565689,-0.01
53.5347765564249,-0.01
53.53482455719291,-0.01
53.534872557960924,-0.01
53.534920558728935,-0.012499999
53.534968559496946,-0.0075
53.535016560264964,-0.01
53.535064561032975,-0.01
53.535112561800986,-0.01
53.535160562569,-0.0075
53.53520856333701,-0.01
53.53525656410502,-0.01
53.53530456487304,-0.0075
53.53535256564105,-0.01
53.53540056640906,-0.01
53.53544856717707,-0.0075
53.53549656794508,-0.01
53.5355445687131,-0.01
53.53559256948111,-0.01
53.53564057024912,-0.01
53.53568857101713,-0.012499999
53.535736571785144,-0.01
53.535784572553155,-0.01
53.53583257332117,-0.012499999
53.535880574089184,-0.012499999
53.535928574857195,-0.0075
53.535976575625206,-0.0075
53.53602457639322,-0.01
53.53607257716123,-0.012499999
53.536120577929246,-0.01
53.53616857869726,-0.01
53.53621657946527,-0.01
53.53626458023328,-0.0075
53.53631258100129,-0.01
53.53636058176931,-0.01
53.53640858253732,-0.0075
53.53645658330533,-0.01
53.53650458407334,-0.01
53.53655258484135,-0.01
53.536600585609364,-0.01
53.53664858637738,-0.01
53.53669658714539,-0.01
53.536744587913404,-0.01
53.536792588681415,-0.0075
53.536840589449426,-0.01
53.53688859021744,-0.0075
53.536936590985455,-0.01
53.536984591753466,-0.01
53.53703259252148,-0.01
53.53708059328949,-0.01
53.5371285940575,-0.01
53.53717659482552,-0.01
53.53722459559353,-0.01
53.53727259636154,-0.012499999
53.53732059712955,-0.01
53.53736859789756,-0.01
53.53741659866557,-0.01
53.53746459943359,-0.0075
53.5375126002016,-0.01
53.53756060096961,-0.012499999
53.537608601737624,-0.01
53.537656602505635,-0.012499999
53.537704603273646,-0.01
53.537752604041664,-0.012499999
53.537800604809675,-0.01
53.537848605577686,-0.01
53.5378966063457,-0.01
53.53794460711371,-0.012499999
53.537992607881726,-0.01
53.53804060864974,-0.012499999
53.53808860941775,-0.01
53.53813661018576,-0.01
53.53818461095377,-0.01
53.53823261172178,-0.012499999
53.5382806124898,-0.01
53.53832861325781,-0.01
53.53837661402582,-0.01
53.53842461479383,-0.012499999
53.538472615561844,-0.01
53.538520616329855,-0.01
53.53856861709787,-0.01
53.538616617865884,-0.012499999
53.538664618633895,-0.0075
53.538712619401906,-0.01
53.53876062016992,-0.012499999
53.538808620937935,-0.01
53.538856621705946,-0.012499999
53.53890462247396,-0.01
53.53895262324197,-0.012499999
53.53900062400998,-0.01
53.53904862477799,-0.01
53.53909662554601,-0.01
53.53914462631402,-0.01
53.53919262708203,-0.01
53.53924062785004,-0.0075
53.53928862861805,-0.01
53.539336629386064,-0.01
53.53938463015408,-0.01
53.53943263092209,-0.01
53.539480631690104,-0.01
53.539528632458115,-0.012499999
53.539576633226126,-0.01
53.53962463399414,-0.01
53.539672634762155,-0.01
53.539720635530166,-0.01
53.53976863629818,-0.01
53.53981663706619,-0.01
53.5398646378342,-0.01
53.53991263860222,-0.012499999
53.53996063937023,-0.01
53.54000864013824,-0.01
53.54005664090625,-0.01
53.54010464167426,-0.01
53.54015264244227,-0.01
53.54020064321029,-0.01
53.5402486439783,-0.01
53.54029664474631,-0.012499999
53.540344645514324,-0.01
53.540392646282335,-0.01
53.540440647050346,-0.01
53.540488647818364,-0.01
53.540536648586375,-0.01
53.540584649354386,-0.0075
53.5406326501224,-0.01
53.54068065089041,-0.012499999
53.540728651658426,-0.0075
53.54077665242644,-0.01
53.54082465319445,-0.0075
53.54087265396246,-0.01
53.54092065473047,-0.01
53.54096865549848,-0.012499999
53.5410166562665,-0.01
53.54106465703451,-0.01
53.54111265780252,-0.01
53.54116065857053,-0.01
53.541208659338544,-0.01
53.541256660106555,-0.01
53.54130466087457,-0.01
53.541352661642584,-0.012499999
53.541400662410595,-0.01
53.541448663178606,-0.01
53.54149666394662,-0.012499999
53.541544664714635,-0.012499999
53.541592665482646,-0.01
53.54164066625066,-0.012499999
53.54168866701867,-0.01
53.54173666778668,-0.01
53.54178466855469,-0.01
53.54183266932271,-0.01
53.54188067009072,-0.01
53.54192867085873,-0.01
53.54197667162674,-0.01
53.54202467239475,-0.012499999
53.542072673162764,-0.01
53.54212067393078,-0.01
53.54216867469879,-0.01
53.542216675466804,-0.01
53.542264676234815,-0.01
53.542312677002826,-0.012499999
53.542360677770844,-0.012499999
53.542408678538855,-0.01
53.542456679306866,-0.01
53.54250468007488,-0.01
53.54255268084289,-0.012499999
53.5426006816109,-0.0075
53.54264868237892,-0.012499999
53.54269668314693,-0.01
53.54274468391494,-0.01
53.54279268468295,-0.01
53.54284068545096,-0.01
53.54288868621897,-0.012499999
53.54293668698699,-0.01
53.542984687755,-0.012499999
53.54303268852301,-0.01
53.543080689291024,-0.015
53.543128690059035,-0.012499999
53.54317669082705,-0.012499999
53.543224691595064,-0.01
53.543272692363075,-0.012499999
53.543320693131086,-0.01
53.5433686938991,-0.012499999
53.54341669466711,-0.012499999
53.54346469543513,-0.01
53.54351269620314,-0.0075
53.54356069697115,-0.01
53.54360869773916,-0.0075
53.54365669850717,-0.012499999
53.54370469927518,-0.0075
53.5437527000432,-0.01
53.54380070081121,-0.0075
53.54384870157922,-0.012499999
53.54389670234723,-0.012499999
53.543944703115244,-0.012499999
53.54399270388326,-0.012499999
53.54404070465127,-0.01
53.544088705419284,-0.012499999
53.544136706187295,-0.01
53.544184706955306,-0.012499999
53.54423270772332,-0.01
53.544280708491335,-0.01
53.54432870925935,-0.01
53.54437671002736,-0.01
53.54442471079537,-0.01
53.54447271156338,-0.01
53.54452071233139,-0.01
53.54456871309941,-0.01
53.54461671386742,-0.01
53.54466471463543,-0.01
53.54471271540344,-0.01
53.54476071617145,-0.01
53.54480871693947,-0.01
53.54485671770748,-0.01
53.54490471847549,-0.01
53.544952719243504,-0.01
53.545000720011515,-0.0075
53.545048720779526,-0.0075
53.545096721547544,-0.012499999
53.545144722315555,-0.01
53.54519272308357,-0.01
53.54524072385158,-0.0075
53.54528872461959,-0.0075
53.5453367253876,-0.01
53.54538472615562,-0.01
53.54543272692363,-0.012499999
53.54548072769164,-0.0075
53.54552872845965,-0.012499999
53.54557672922766,-0.01
53.54562472999568,-0.01
53.54567273076369,-0.01
53.5457207315317,-0.012499999
53.54576873229971,-0.012499999
53.545816733067724,-0.012499999
53.545864733835735,-0.01
53.54591273460375,-0.0075
53.545960735371764,-0.01
53.546008736139775,-0.012499999
53.546056736907786,-0.012499999
53.5461047376758,-0.0075
53.54615273844381,-0.01
53.54620073921183,-0.01
53.54624873997984,-0.01
53.54629674074785,-0.01
53.54634474151586,-0.01
53.54639274228387,-0.012499999
53.54644074305189,-0.01
53.5464887438199,-0.012499999
53.54653674458791,-0.01
53.54658474535592,-0.015
53.54663274612393,-0.012499999
53.546680746891944,-0.012499999
53.54672874765996,-0.012499999
53.54677674842797,-0.01
53.546824749195984,-0.0075
53.546872749963995,-0.01
53.546920750732006,-0.0075
53.54696875150002,-0.01
53.547016752268036,-0.01
53.54706475303605,-0.012499999
53.54711275380406,-0.01
53.54716075457207,-0.01
53.54720875534008,-0.0075
53.5472567561081,-0.01
53.54730475687611,-0.012499999
53.54735275764412,-0.01
53.54740075841213,-0.012499999
53.54744875918014,-0.01
53.54749675994815,-0.0075
53.54754476071617,-0.01
53.54759276148418,-0.01
53.54764076225219,-0.01
53.547688763020204,-0.01
53.547736763788215,-0.01
53.547784764556226,-0.01
53.547832765324245,-0.01
53.547880766092256,-0.01
53.54792876686027,-0.01
53.54797676762828,-0.01
53.54802476839629,-0.01
53.54807276916431,-0.012499999
53.54812076993232,-0.01
53.54816877070033,-0.012499999
53.54821677146834,-0.01
53.54826477223635,-0.012499999
53.54831277300436,-0.01
53.54836077377238,-0.01
53.54840877454039,-0.01
53.5484567753084,-0.01
53.54850477607641,-0.012499999
53.548552776844424,-0.01
53.548600777612435,-0.01
53.54864877838045,-0.012499999
53.548696779148464,-0.01
53.548744779916476,-0.01
53.54879278068449,-0.0075
53.5488407814525,-0.0075
53.548888782220516,-0.012499999
53.54893678298853,-0.012499999
53.54898478375654,-0.0075
53.54903278452455,-0.012499999
53.54908078529256,-0.01
53.54912878606057,-0.01
53.54917678682859,-0.01
53.5492247875966,-0.01
53.54927278836461,-0.0075
53.54932078913262,-0.012499999
53.54936878990063,-0.01
53.549416790668644,-0.01
53.54946479143666,-0.01
53.54951279220467,-0.012499999
53.549560792972684,-0.0075
53.549608793740695,-0.01
53.54965679450871,-0.0075
53.549704795276725,-0.01
53.549752796044736,-0.0075
53.54980079681275,-0.01
53.54984879758076,-0.01
53.54989679834877,-0.01
53.54994479911678,-0.0075
53.5499927998848,-0.012499999
53.55004080065281,-0.01
53.55008880142082,-0.01
53.55013680218883,-0.01
53.55018480295684,-0.01
53.55023280372485,-0.01
53.55028080449287,-0.01
53.55032880526088,-0.012499999
53.55037680602889,-0.01
53.550424806796904,-0.012499999
53.550472807564915,-0.01
53.55052080833293,-0.012499999
53.550568809100945,-0.0075
53.550616809868956,-0.012499999
53.55066481063697,-0.01
53.55071281140498,-0.01
53.55076081217299,-0.01
53.55080881294101,-0.012499999
53.55085681370902,-0.01
53.55090481447703,-0.01
53.55095281524504,-0.01
53.55100081601305,-0.0075
53.55104881678106,-0.01
53.55109681754908,-0.01
53.55114481831709,-0.01
53.5511928190851,-0.01
53.55124081985311,-0.01
53.551288820621124,-0.0075
53.551336821389135,-0.01
53.551384822157154,-0.01
53.551432822925165,-0.01
53.551480823693176,-0.01
53.55152882446119,-0.012499999
53.5515768252292,-0.01
53.551624825997216,-0.012499999
53.55167282676523,-0.01
53.55172082753324,-0.01
53.55176882830125,-0.01
53.55181682906926,-0.01
53.55186482983727,-0.01
53.55191283060529,-0.012499999
53.5519608313733,-0.0075
53.55200883214131,-0.012499999
53.55205683290932,-0.012499999
53.55210483367733,-0.012499999
53.552152834445344,-0.012499999
53.55220083521336,-0.01
53.55224883598137,-0.01
53.552296836749385,-0.012499999
53.552344837517396,-0.012499999
53.55239283828541,-0.01
53.552440839053425,-0.012499999
53.552488839821436,-0.01
53.55253684058945,-0.01
53.55258484135746,-0.01
53.55263284212547,-0.01
53.55268084289348,-0.015
53.5527288436615,-0.012499999
53.55277684442951,-0.012499999
53.55282484519752,-0.01
53.55287284596553,-0.012499999
53.55292084673354,-0.01
53.55296884750155,-0.01
53.55301684826957,-0.012499999
53.55306484903758,-0.01
53.55311284980559,-0.012499999
53.553160850573605,-0.012499999
53.553208851341616,-0.01
53.553256852109634,-0.012499999
53.553304852877645,-0.012499999
53.553352853645656,-0.0075
53.55340085441367,-0.0075
53.55344885518168,-0.01
53.55349685594969,-0.0075
53.55354485671771,-0.01
53.55359285748572,-0.0075
53.55364085825373,-0.01
53.55368885902174,-0.0075
53.55373685978975,-0.01
53.55378486055776,-0.01
53.55383286132578,-0.01
53.55388086209379,-0.01
53.5539288628618,-0.0075
53.55397686362981,-0.012499999
53.554024864397825,-0.01
53.55407286516584,-0.01
53.554120865933854,-0.01
53.554168866701865,-0.012499999
53.554216867469876,-0.012499999
53.55426486823789,-0.01
53.5543128690059,-0.012499999
53.554360869773916,-0.0075
53.55440887054193,-0.01
53.55445687130994,-0.01
53.55450487207795,-0.01
53.55455287284596,-0.012499999
53.55460087361397,-0.01
53.55464887438199,-0.01
53.55469687515,-0.012499999
53.55474487591801,-0.01
53.55479287668602,-0.01
53.55484087745403,-0.01
53.55488887822205,-0.012499999
53.55493687899006,-0.012499999
53.554984879758074,-0.01
53.555032880526085,-0.01
53.555080881294096,-0.01
53.55512888206211,-0.01
53.555176882830125,-0.0075
53.555224883598136,-0.01
53.55527288436615,-0.0075
53.55532088513416,-0.01
53.55536888590217,-0.0075
53.55541688667018,-0.01
53.5554648874382,-0.01
53.55551288820621,-0.01
53.55556088897422,-0.012499999
53.55560888974223,-0.0075
53.55565689051024,-0.01
53.55570489127826,-0.01
53.55575289204627,-0.01
53.55580089281428,-0.01
53.555848893582294,-0.01
53.555896894350305,-0.01
53.555944895118316,-0.0075
53.555992895886334,-0.01
53.556040896654345,-0.01
53.556088897422356,-0.01
53.55613689819037,-0.01
53.55618489895838,-0.01
53.55623289972639,-0.01
53.55628090049441,-0.01
53.55632890126242,-0.01
53.55637690203043,-0.01
53.55642490279844,-0.012499999
53.55647290356645,-0.01
53.55652090433447,-0.012499999
53.55656890510248,-0.01
53.55661690587049,-0.012499999
53.5566649066385,-0.012499999
53.556712907406514,-0.01
53.556760908174525,-0.012499999
53.55680890894254,-0.01
53.556856909710554,-0.01
53.556904910478565,-0.01
53.556952911246576,-0.01
53.55700091201459,-0.0075
53.5570489127826,-0.012499999
53.557096913550616,-0.01
53.55714491431863,-0.01
53.55719291508664,-0.01
53.55724091585465,-0.012499999
53.55728891662266,-0.012499999
53.55733691739068,-0.01
53.55738491815869,-0.012499999
53.5574329189267,-0.01
53.55748091969471,-0.012499999
53.55752892046272,-0.01
53.55757692123073,-0.01
53.55762492199875,-0.01
53.55767292276676,-0.01
53.557720923534774,-0.01
53.557768924302785,-0.012499999
53.557816925070796,-0.01
53.55786492583881,-0.012499999
53.557912926606825,-0.01
53.557960927374836,-0.01
53.55800892814285,-0.0075
53.55805692891086,-0.012499999
53.55810492967887,-0.0075
53.55815293044689,-0.01
53.5582009312149,-0.012499999
53.55824893198291,-0.01
53.55829693275092,-0.012499999
53.55834493351893,-0.01
53.55839293428694,-0.012499999
53.55844093505496,-0.012499999
53.55848893582297,-0.01
53.55853693659098,-0.01
53.558584937358994,-0.0075
53.558632938127005,-0.01
53.558680938895016,-0.01
53.558728939663034,-0.012499999
53.558776940431045,-0.01
53.558824941199056,-0.01
53.55887294196707,-0.01
53.55892094273508,-0.01
53.558968943503096,-0.0075
53.55901694427111,-0.012499999
53.55906494503912,-0.01
53.55911294580713,-0.012499999
53.55916094657514,-0.01
53.55920894734315,-0.01
53.55925694811117,-0.01
53.55930494887918,-0.01
53.55935294964719,-0.01
53.5594009504152,-0.01
53.559448951183214,-0.01
53.559496951951225,-0.01
53.55954495271924,-0.01
53.559592953487254,-0.0075
53.559640954255265,-0.01
53.559688955023276,-0.0075
53.55973695579129,-0.0075
53.559784956559305,-0.01
53.559832957327316,-0.01
53.55988095809533,-0.01
53.55992895886334,-0.012499999
53.55997695963135,-0.01
53.56002496039936,-0.01
53.56007296116738,-0.01
53.56012096193539,-0.01
53.5601689627034,-0.01
53.56021696347141,-0.01
53.56026496423942,-0.01
53.560312965007434,-0.01
53.56036096577545,-0.01
53.56040896654346,-0.01
53.560456967311474,-0.01
53.560504968079485,-0.012499999
53.560552968847496,-0.01
53.560600969615514,-0.0075
53.560648970383525,-0.012499999
53.560696971151536,-0.012499999
53.56074497191955,-0.012499999
53.56079297268756,-0.012499999
53.56084097345557,-0.01
53.56088897422359,-0.01
53.5609369749916,-0.012499999
53.56098497575961,-0.01
53.56103297652762,-0.01
53.56108097729563,-0.01
53.56112897806364,-0.012499999
53.56117697883166,-0.012499999
53.56122497959967,-0.015
53.56127298036768,-0.01
53.561320981135694,-0.012499999
53.561368981903705,-0.012499999
53.561416982671716,-0.015
53.561464983439734,-0.012499999
53.561512984207745,-0.01
53.561560984975756,-0.012499999
53.56160898574377,-0.012499999
53.56165698651178,-0.012499999
53.561704987279796,-0.012499999
53.56175298804781,-0.01
53.56180098881582,-0.01
53.56184898958383,-0.01
53.56189699035184,-0.012499999
53.56194499111985,-0.01
53.56199299188787,-0.012499999
53.56204099265588,-0.0075
53.56208899342389,-0.01
53.5621369941919,-0.005
53.562184994959914,-0.01
53.562232995727925,-0.0075
53.56228099649594,-0.01
53.562328997263954,-0.01
53.562376998031965,-0.012499999
53.562424998799976,-0.01
53.56247299956799,-0.01
53.562521000336005,-0.012499999
53.562569001104016,-0.01
53.56261700187203,-0.0075
53.56266500264004,-0.01
53.56271300340805,-0.01
53.56276100417606,-0.012499999
53.56280900494408,-0.0075
53.56285700571209,-0.012499999
53.5629050064801,-0.01
53.56295300724811,-0.01
53.56300100801612,-0.01
53.563049008784134,-0.01
53.56309700955215,-0.01
53.56314501032016,-0.01
53.563193011088174,-0.012499999
53.563241011856185,-0.01
53.563289012624196,-0.012499999
53.563337013392214,-0.01
53.563385014160225,-0.01
53.563433014928236,-0.01
53.56348101569625,-0.01
53.56352901646426,-0.01
53.56357701723227,-0.012499999
53.56362501800029,-0.01
53.5636730187683,-0.01
53.56372101953631,-0.01
53.56376902030432,-0.01
53.56381702107233,-0.01
53.56386502184034,-0.01
53.56391302260836,-0.01
53.56396102337637,-0.012499999
53.56400902414438,-0.012499999
53.564057024912394,-0.012499999
53.564105025680405,-0.01
53.56415302644842,-0.01
53.564201027216434,-0.012499999
53.564249027984445,-0.012499999
53.564297028752456,-0.01
53.56434502952047,-0.01
53.56439303028848,-0.0075
53.5644410310565,-0.01
53.56448903182451,-0.01
53.56453703259252,-0.01
53.56458503336053,-0.01
53.56463303412854,-0.01
53.56468103489655,-0.01
53.56472903566457,-0.01
53.56477703643258,-0.01
53.56482503720059,-0.01
53.5648730379686,-0.01
53.564921038736614,-0.01
53.56496903950463,-0.01
53.56501704027264,-0.01
53.565065041040654,-0.01
53.565113041808665,-0.01
53.565161042576676,-0.012499999
53.56520904334469,-0.012499999
53.565257044112705,-0.01
53.565305044880716,-0.01
53.56535304564873,-0.01
53.56540104641674,-0.01
53.56544904718475,-0.0075
53.56549704795276,-0.01
53.56554504872078,-0.012499999
53.56559304948879,-0.012499999
53.5656410502568,-0.01
53.56568905102481,-0.01
53.56573705179282,-0.012499999
53.56578505256084,-0.012499999
53.56583305332885,-0.012499999
53.56588105409686,-0.0075
53.565929054864874,-0.012499999
53.565977055632885,-0.01
53.566025056400896,-0.012499999
53.566073057168914,-0.0075
53.566121057936925,-0.01
53.566169058704936,-0.0075
53.56621705947295,-0.0075
53.56626506024096,-0.012499999
53.56631306100897,-0.01
53.56636106177699,-0.01
53.566409062545,-0.012499999
53.56645706331301,-0.01
53.56650506408102,-0.01
53.56655306484903,-0.01
53.56660106561705,-0.01
53.56664906638506,-0.0075
53.56669706715307,-0.01
53.56674506792108,-0.01
53.566793068689094,-0.01
53.566841069457105,-0.0075
53.56688907022512,-0.0075
53.566937070993134,-0.01
53.566985071761145,-0.01
53.567033072529156,-0.01
53.56708107329717,-0.01
53.56712907406518,-0.012499999
53.5671770748332,-0.01
53.56722507560121,-0.01
53.56727307636922,-0.0075
53.56732107713723,-0.01
53.56736907790524,-0.01
53.56741707867326,-0.01
53.56746507944127,-0.01
53.56751308020928,-0.01
53.56756108097729,-0.01
53.5676090817453,-0.01
53.567657082513314,-0.012499999
53.56770508328133,-0.01
53.56775308404934,-0.01
53.567801084817354,-0.01
53.567849085585365,-0.01
53.567897086353376,-0.01
53.56794508712139,-0.01
53.567993087889406,-0.012499999
53.56804108865742,-0.01
53.56808908942543,-0.01
53.56813709019344,-0.01
53.56818509096145,-0.01
53.56823309172947,-0.012499999
53.56828109249748,-0.01
53.56832909326549,-0.012499999
53.5683770940335,-0.012499999
53.56842509480151,-0.012499999
53.56847309556952,-0.01
53.56852109633754,-0.01
53.56856909710555,-0.012499999
53.56861709787356,-0.01
53.568665098641574,-0.01
53.568713099409585,-0.0075
53.568761100177596,-0.01
53.568809100945614,-0.012499999
53.568857101713625,-0.01
53.56890510248164,-0.012499999
53.56895310324965,-0.01
53.56900110401766,-0.012499999
53.56904910478568,-0.012499999
53.56909710555369,-0.01
53.5691451063217,-0.012499999
53.56919310708971,-0.0075
53.56924110785772,-0.01
53.56928910862573,-0.005
53.56933710939375,-0.01
53.56938511016176,-0.01
53.56943311092977,-0.01
53.56948111169778,-0.01
53.569529112465794,-0.01
53.569577113233805,-0.012499999
53.56962511400182,-0.0075
53.569673114769834,-0.012499999
53.569721115537845,-0.012499999
53.56976911630586,-0.012499999
53.56981711707387,-0.01
53.569865117841886,-0.0075
53.5699131186099,-0.01
53.56996111937791,-0.0075
53.57000912014592,-0.01
53.57005712091393,-0.01
53.57010512168194,-0.01
53.57015312244996,-0.01
53.57020112321797,-0.01
53.57024912398598,-0.01
53.57029712475399,-0.01
53.570345125522,-0.01
53.570393126290014,-0.01
53.57044112705803,-0.01
53.57048912782604,-0.01
53.570537128594054,-0.01
53.570585129362065,-0.005
53.570633130130076,-0.01
53.570681130898095,-0.012499999
53.570729131666106,-0.012499999
53.57077713243412,-0.01
53.57082513320213,-0.01
53.57087313397014,-0.0075
53.57092113473815,-0.01
53.57096913550617,-0.0075
53.57101713627418,-0.01
53.57106513704219,-0.0075
53.5711131378102,-0.01
53.57116113857821,-0.012499999
53.57120913934622,-0.01
53.57125714011424,-0.01
53.57130514088225,-0.01
53.57135314165026,-0.01
53.571401142418274,-0.01
53.571449143186285,-0.01
53.5714971439543,-0.01
53.571545144722315,-0.01
53.571593145490326,-0.01
53.57164114625834,-0.0075
53.57168914702635,-0.012499999
53.57173714779436,-0.01
53.57178514856238,-0.01
53.57183314933039,-0.01
53.5718811500984,-0.01
53.57192915086641,-0.01
53.57197715163442,-0.012499999
53.57202515240243,-0.012499999
53.57207315317045,-0.012499999
53.57212115393846,-0.01
53.57216915470647,-0.01
53.57221715547448,-0.012499999
53.572265156242494,-0.012499999
53.572313157010505,-0.01
53.57236115777852,-0.012499999
53.572409158546535,-0.015
53.572457159314546,-0.012499999
53.57250516008256,-0.01
53.57255316085057,-0.012499999
53.572601161618586,-0.012499999
53.5726491623866,-0.01
53.57269716315461,-0.01
53.57274516392262,-0.0075
53.57279316469063,-0.01
53.57284116545864,-0.01
53.57288916622666,-0.01
53.57293716699467,-0.012499999
53.57298516776268,-0.012499999
53.57303316853069,-0.012499999
53.5730811692987,-0.01
53.573129170066714,-0.01
53.57317717083473,-0.01
53.57322517160274,-0.01
53.573273172370754,-0.01
53.573321173138766,-0.0075
53.57336917390678,-0.01
53.573417174674795,-0.01
53.573465175442806,-0.01
53.57351317621082,-0.01
53.57356117697883,-0.012499999
53.57360917774684,-0.012499999
53.57365717851485,-0.01
53.57370517928287,-0.01
53.57375318005088,-0.012499999
53.57380118081889,-0.012499999
53.5738491815869,-0.01
53.57389718235491,-0.01
53.57394518312292,-0.01
53.57399318389094,-0.01
53.57404118465895,-0.01
53.57408918542696,-0.01
53.574137186194974,-0.01
53.574185186962985,-0.012499999
53.574233187731004,-0.01
53.574281188499015,-0.0075
53.574329189267026,-0.01
53.57437719003504,-0.01
53.57442519080305,-0.01
53.57447319157106,-0.01
53.57452119233908,-0.012499999
53.57456919310709,-0.012499999
53.5746171938751,-0.012499999
53.57466519464311,-0.01
53.57471319541112,-0.0075
53.57476119617913,-0.01
53.57480919694715,-0.0075
53.57485719771516,-0.01
53.57490519848317,-0.0075
53.57495319925118,-0.01
53.575001200019194,-0.0075
53.57504920078721,-0.01
53.575097201555224,-0.0075
53.575145202323235,-0.01
53.575193203091246,-0.0075
53.57524120385926,-0.0075
53.57528920462727,-0.01
53.575337205395286,-0.012499999
53.5753852061633,-0.01
53.57543320693131,-0.01
53.57548120769932,-0.01
53.57552920846733,-0.01
53.57557720923534,-0.01
53.57562521000336,-0.01
53.57567321077137,-0.01
53.57572121153938,-0.01
53.57576921230739,-0.01
53.5758172130754,-0.01
53.57586521384342,-0.01
53.57591321461143,-0.0075
53.575961215379444,-0.01
53.576009216147455,-0.01
53.576057216915466,-0.01
53.57610521768348,-0.012499999
53.576153218451495,-0.01
53.576201219219506,-0.01
53.57624921998752,-0.01
53.57629722075553,-0.01
53.57634522152354,-0.012499999
53.57639322229155,-0.01
53.57644122305957,-0.012499999
53.57648922382758,-0.01
53.57653722459559,-0.012499999
53.5765852253636,-0.01
53.57663322613161,-0.01
53.57668122689963,-0.012499999
53.57672922766764,-0.01
53.57677722843565,-0.012499999
53.57682522920366,-0.01
53.576873229971675,-0.012499999
53.576921230739686,-0.012499999
53.576969231507704,-0.012499999
53.577017232275715,-0.01
53.577065233043726,-0.012499999
53.57711323381174,-0.01
53.57716123457975,-0.01
53.57720923534776,-0.01
53.57725723611578,-0.01
53.57730523688379,-0.01
53.5773532376518,-0.01
53.57740123841981,-0.012499999
53.57744923918782,-0.01
53.57749723995584,-0.012499999
53.57754524072385,-0.01
53.57759324149186,-0.01
53.57764124225987,-0.01
53.57768924302788,-0.01
53.577737243795895,-0.0075
53.57778524456391,-0.012499999
53.577833245331924,-0.01
53.577881246099935,-0.01
53.577929246867946,-0.01
53.57797724763596,-0.012499999
53.57802524840397,-0.01
53.578073249171986,-0.01
53.57812124994,-0.01
53.57816925070801,-0.01
53.57821725147602,-0.012499999
53.57826525224403,-0.01
53.57831325301205,-0.01
53.57836125378006,-0.012499999
53.57840925454807,-0.012499999
53.57845725531608,-0.01
53.57850525608409,-0.01
53.5785532568521,-0.012499999
53.57860125762012,-0.01
53.57864925838813,-0.012499999
53.578697259156144,-0.012499999
53.578745259924155,-0.012499999
53.578793260692166,-0.01
53.57884126146018,-0.012499999
53.578889262228195,-0.0075
53.578937262996206,-0.01
53.57898526376422,-0.0075
53.57903326453223,-0.01
53.57908126530024,-0.0075
53.57912926606826,-0.01
53.57917726683627,-0.01
53.57922526760428,-0.01
53.57927326837229,-0.012499999
53.5793212691403,-0.01
53.57936926990831,-0.012499999
53.57941727067633,-0.012499999
53.57946527144434,-0.012499999
53.57951327221235,-0.01
53.579561272980364,-0.01
53.579609273748375,-0.01
53.579657274516386,-0.01
53.579705275284404,-0.01
53.579753276052415,-0.01
53.579801276820426,-0.012499999
53.57984927758844,-0.0075
53.57989727835645,-0.01
53.579945279124466,-0.01
53.57999327989248,-0.012499999
53.58004128066049,-0.01
53.5800892814285,-0.01
53.58013728219651,-0.01
53.58018528296452,-0.01
53.58023328373254,-0.0075
53.58028128450055,-0.01
53.58032928526856,-0.01
53.58037728603657,-0.01
53.580425286804584,-0.01
53.580473287572595,-0.01
53.58052128834061,-0.01
53.580569289108624,-0.01
53.580617289876635,-0.012499999
53.580665290644646,-0.012499999
53.58071329141266,-0.01
53.580761292180675,-0.01
53.580809292948686,-0.01
53.5808572937167,-0.012499999
53.58090529448471,-0.0075
53.58095329525272,-0.01
53.58100129602073,-0.012499999
53.58104929678875,-0.01
53.58109729755676,-0.01
53.58114529832477,-0.01
53.58119329909278,-0.01
53.58124129986079,-0.01
53.581289300628804,-0.01
53.58133730139682,-0.01
53.58138530216483,-0.0075
53.581433302932844,-0.01
53.581481303700855,-0.01
53.581529304468866,-0.01
53.581577305236884,-0.01
53.581625306004895,-0.01
53.581673306772906,-0.012499999
53.58172130754092,-0.01
53.58176930830893,-0.012499999
53.58181730907694,-0.01
53.58186530984496,-0.01
53.58191331061297,-0.01
53.58196131138098,-0.01
53.58200931214899,-0.012499999
53.582057312917,-0.01
53.58210531368501,-0.01
53.58215331445303,-0.01
53.58220131522104,-0.01
53.58224931598905,-0.01
53.582297316757064,-0.01
53.582345317525075,-0.01
53.58239331829309,-0.01
53.582441319061104,-0.01
53.582489319829115,-0.01
53.582537320597126,-0.01
53.58258532136514,-0.01
53.58263332213315,-0.01
53.582681322901166,-0.01
53.58272932366918,-0.01
53.58277732443719,-0.012499999
53.5828253252052,-0.01
53.58287332597321,-0.01
53.58292132674122,-0.01
53.58296932750924,-0.012499999
53.58301732827725,-0.01
53.58306532904526,-0.01
53.58311332981327,-0.012499999
53.583161330581284,-0.01
53.583209331349295,-0.012499999
53.58325733211731,-0.012499999
53.583305332885324,-0.012499999
53.583353333653335,-0.0075
53.583401334421346,-0.01
53.58344933518936,-0.0075
53.583497335957375,-0.01
53.583545336725386,-0.01
53.5835933374934,-0.01
53.58364133826141,-0.0075
53.58368933902942,-0.01
53.58373733979743,-0.005
53.58378534056545,-0.01
53.58383334133346,-0.005
53.58388134210147,-0.012499999
53.58392934286948,-0.0075
53.58397734363749,-0.01
53.584025344405504,-0.0075
53.58407334517352,-0.012499999
53.58412134594153,-0.01
53.584169346709544,-0.01
53.584217347477555,-0.005
53.584265348245566,-0.01
53.584313349013584,-0.0075
53.584361349781595,-0.01
53.584409350549606,-0.0075
53.58445735131762,-0.01
53.58450535208563,-0.01
53.58455335285364,-0.01
53.58460135362166,-0.0075
53.58464935438967,-0.01
53.58469735515768,-0.01
53.58474535592569,-0.012499999
53.5847933566937,-0.0075
53.58484135746171,-0.012499999
53.58488935822973,-0.012499999
53.58493735899774,-0.012499999
53.58498535976575,-0.01
53.585033360533764,-0.012499999
53.585081361301775,-0.012499999
53.58512936206979,-0.012499999
53.585177362837804,-0.012499999
53.585225363605815,-0.01
53.585273364373826,-0.01
53.58532136514184,-0.012499999
53.58536936590985,-0.0075
53.585417366677866,-0.012499999
53.58546536744588,-0.01
53.58551336821389,-0.01
53.5855613689819,-0.012499999
53.58560936974991,-0.01
53.58565737051792,-0.012499999
53.58570537128594,-0.01
53.58575337205395,-0.01
53.58580137282196,-0.01
53.58584937358997,-0.012499999
53.585897374357984,-0.012499999
53.585945375126,-0.012499999
53.58599337589401,-0.012499999
53.586041376662024,-0.01
53.586089377430035,-0.01
53.586137378198046,-0.0075
53.58618537896606,-0.01
53.586233379734075,-0.012499999
53.586281380502086,-0.01
53.5863293812701,-0.01
53.58637738203811,-0.012499999
53.58642538280612,-0.01
53.58647338357413,-0.01
53.58652138434215,-0.01
53.58656938511016,-0.012499999
53.58661738587817,-0.01
53.58666538664618,-0.01
53.58671338741419,-0.01
53.58676138818221,-0.01
53.58680938895022,-0.01
53.58685738971823,-0.01
53.586905390486244,-0.0075
53.586953391254255,-0.01
53.587001392022266,-0.01
53.587049392790284,-0.0075
53.587097393558295,-0.01
53.587145394326306,-0.01
53.58719339509432,-0.01
53.58724139586233,-0.01
53.58728939663034,-0.01
53.58733739739836,-0.01
53.58738539816637,-0.01
53.58743339893438,-0.01
53.58748139970239,-0.01
53.5875294004704,-0.01
53.58757740123842,-0.01
53.58762540200643,-0.012499999
53.58767340277444,-0.01
53.58772140354245,-0.01
53.587769404310464,-0.012499999
53.587817405078475,-0.01
53.58786540584649,-0.01
53.587913406614504,-0.01
53.587961407382515,-0.01
53.588009408150526,-0.01
53.58805740891854,-0.01
53.58810540968655,-0.012499999
53.58815341045457,-0.01
53.58820141122258,-0.01
53.58824941199059,-0.012499999
53.5882974127586,-0.01
53.58834541352661,-0.01
53.58839341429463,-0.01
53.58844141506264,-0.01
53.58848941583065,-0.01
53.58853741659866,-0.01
53.58858541736667,-0.01
53.588633418134684,-0.01
53.5886814189027,-0.01
53.58872941967071,-0.012499999
53.588777420438724,-0.0075
53.588825421206735,-0.01
53.588873421974746,-0.01
53.58892142274276,-0.012499999
53.588969423510775,-0.01
53.58901742427879,-0.012499999
53.5890654250468,-0.01
53.58911342581481,-0.012499999
53.58916142658282,-0.01
53.58920942735084,-0.01
53.58925742811885,-0.012499999
53.58930542888686,-0.01
53.58935342965487,-0.01
53.58940143042288,-0.01
53.58944943119089,-0.012499999
53.58949743195891,-0.01
53.58954543272692,-0.01
53.58959343349493,-0.012499999
53.589641434262944,-0.01
53.589689435030955,-0.01
53.589737435798966,-0.01
53.589785436566984,-0.01
53.589833437334995,-0.01
53.589881438103006,-0.012499999
53.58992943887102,-0.0075
53.58997743963903,-0.01
53.59002544040705,-0.012499999
53.59007344117506,-0.01
53.59012144194307,-0.012499999
53.59016944271108,-0.012499999
53.59021744347909,-0.01
53.5902654442471,-0.01
53.59031344501512,-0.01
53.59036144578313,-0.01
53.59040944655114,-0.01
53.59045744731915,-0.01
53.590505448087164,-0.01
53.590553448855175,-0.012499999
53.59060144962319,-0.01
53.590649450391204,-0.012499999
53.590697451159215,-0.012499999
53.590745451927226,-0.0075
53.59079345269524,-0.012499999
53.590841453463256,-0.012499999
53.59088945423127,-0.012499999
53.59093745499928,-0.01
53.59098545576729,-0.01
53.5910334565353,-0.0075
53.59108145730331,-0.01
53.59112945807133,-0.01
53.59117745883934,-0.012499999
53.59122545960735,-0.01
53.59127346037536,-0.01
53.59132146114337,-0.012499999
53.591369461911384,-0.012499999
53.5914174626794,-0.012499999
53.59146546344741,-0.01
53.591513464215424,-0.012499999
53.591561464983435,-0.012499999
53.591609465751446,-0.012499999
53.591657466519464,-0.01
53.591705467287476,-0.012499999
53.59175346805549,-0.01
53.5918014688235,-0.012499999
53.59184946959151,-0.01
53.59189747035952,-0.012499999
53.59194547112754,-0.0075
53.59199347189555,-0.012499999
53.59204147266356,-0.01
53.59208947343157,-0.01
53.59213747419958,-0.01
53.59218547496759,-0.01
53.59223347573561,-0.0075
53.59228147650362,-0.01
53.59232947727163,-0.012499999
53.592377478039644,-0.01
53.592425478807655,-0.01
53.59247347957567,-0.01
53.592521480343684,-0.01
53.592569481111695,-0.01
53.59261748187971,-0.012499999
53.59266548264772,-0.01
53.59271348341573,-0.01
53.59276148418375,-0.01
53.59280948495176,-0.01
53.59285748571977,-0.0075
53.59290548648778,-0.0075
53.59295348725579,-0.01
53.5930014880238,-0.01
53.59304948879182,-0.01
53.59309748955983,-0.01
53.59314549032784,-0.01
53.59319349109585,-0.01
53.593241491863864,-0.01
53.59328949263188,-0.01
53.59333749339989,-0.01
53.593385494167904,-0.01
53.593433494935915,-0.01
53.59348149570393,-0.01
53.59352949647194,-0.01
53.593577497239956,-0.01
53.59362549800797,-0.01
53.59367349877598,-0.01
53.59372149954399,-0.01
53.593769500312,-0.012499999
53.59381750108001,-0.01
53.59386550184803,-0.01
53.59391350261604,-0.01
53.59396150338405,-0.012499999
53.59400950415206,-0.01
53.59405750492007,-0.012499999
53.594105505688084,-0.01
53.5941535064561,-0.012499999
53.59420150722411,-0.012499999
53.594249507992124,-0.012499999
53.594297508760135,-0.012499999
53.59434550952815,-0.01
53.594393510296165,-0.012499999
53.594441511064176,-0.012499999
53.59448951183219,-0.01
53.5945375126002,-0.012499999
53.59458551336821,-0.01
53.59463351413622,-0.012499999
53.59468151490424,-0.01
53.59472951567225,-0.01
53.59477751644026,-0.012499999
53.59482551720827,-0.01
53.59487351797628,-0.012499999
53.59492151874429,-0.01
53.59496951951231,-0.012499999
53.59501752028032,-0.0075
53.59506552104833,-0.01
53.595113521816344,-0.01
53.595161522584355,-0.01
53.59520952335237,-0.01
53.595257524120385,-0.01
53.595305524888396,-0.01
53.59535352565641,-0.01
53.59540152642442,-0.01
53.59544952719243,-0.01
53.59549752796045,-0.012499999
53.59554552872846,-0.01
53.59559352949647,-0.012499999
53.59564153026448,-0.01
53.59568953103249,-0.012499999
53.5957375318005,-0.012499999
53.59578553256852,-0.012499999
53.59583353333653,-0.0075
53.59588153410454,-0.012499999
53.59592953487255,-0.0075
53.595977535640564,-0.012499999
53.59602553640858,-0.01
53.59607353717659,-0.012499999
53.596121537944605,-0.01
53.596169538712616,-0.0075
53.59621753948063,-0.01
53.59626554024864,-0.012499999
53.596313541016656,-0.01
53.59636154178467,-0.01
53.59640954255268,-0.012499999
53.59645754332069,-0.01
53.5965055440887,-0.01
53.59655354485671,-0.01
53.59660154562473,-0.012499999
53.59664954639274,-0.01
53.59669754716075,-0.01
53.59674554792876,-0.012499999
53.59679354869677,-0.01
53.59684154946479,-0.01
53.5968895502328,-0.01
53.59693755100081,-0.01
53.596985551768825,-0.0075
53.597033552536836,-0.01
53.59708155330485,-0.0075
53.597129554072865,-0.01
53.597177554840876,-0.0075
53.59722555560889,-0.01
53.5972735563769,-0.01
53.59732155714491,-0.01
53.59736955791292,-0.01
53.59741755868094,-0.01
53.59746555944895,-0.01
53.59751356021696,-0.01
53.59756156098497,-0.012499999
53.59760956175298,-0.012499999
53.597657562521,-0.01
53.59770556328901,-0.01
53.59775356405702,-0.01
53.59780156482503,-0.01
53.597849565593044,-0.012499999
53.597897566361056,-0.012499999
53.597945567129074,-0.012499999
53.597993567897085,-0.01
53.598041568665096,-0.01
53.59808956943311,-0.01
53.59813757020112,-0.01
53.59818557096913,-0.01
53.59823357173715,-0.012499999
53.59828157250516,-0.01
53.59832957327317,-0.01
53.59837757404118,-0.01
53.59842557480919,-0.012499999
53.59847357557721,-0.01
53.59852157634522,-0.012499999
53.59856957711323,-0.012499999
53.59861757788124,-0.012499999
53.59866557864925,-0.012499999
53.598713579417264,-0.012499999
53.59876158018528,-0.01
53.598809580953294,-0.012499999
53.598857581721305,-0.01
53.598905582489316,-0.012499999
53.59895358325733,-0.0075
53.59900158402534,-0.0075
53.599049584793356,-0.0075
53.59909758556137,-0.01
53.59914558632938,-0.01
53.59919358709739,-0.01
53.5992415878654,-0.0075
53.59928958863342,-0.01
53.59933758940143,-0.012499999
53.59938559016944,-0.01
53.59943359093745,-0.01
53.59948159170546,-0.012499999
53.59952959247347,-0.01
53.59957759324149,-0.01
53.5996255940095,-0.01
53.599673594777514,-0.01
53.599721595545525,-0.01
53.599769596313536,-0.01
53.59981759708155,-0.01
53.599865597849565,-0.01
53.599913598617576,-0.01
53.59996159938559,-0.01
53.6000096001536,-0.01
53.60005760092161,-0.01
53.60010560168963,-0.01
53.60015360245764,-0.01
53.60020160322565,-0.012499999
53.60024960399366,-0.01
53.60029760476167,-0.01
53.60034560552968,-0.01
53.6003936062977,-0.01
53.60044160706571,-0.01
53.60048960783372,-0.01
53.60053760860173,-0.01
53.600585609369745,-0.012499999
53.600633610137756,-0.01
53.600681610905774,-0.01
53.600729611673785,-0.01
53.600777612441796,-0.01
53.60082561320981,-0.0075
53.60087361397782,-0.012499999
53.600921614745836,-0.0075
53.60096961551385,-0.01
53.60101761628186,-0.01
53.60106561704987,-0.01
53.60111361781788,-0.0075
53.60116161858589,-0.01
53.60120961935391,-0.01
53.60125762012192,-0.012499999
53.60130562088993,-0.0075
53.60135362165794,-0.01
53.60140162242595,-0.01
53.601449623193965,-0.01
53.60149762396198,-0.012499999
53.601545624729994,-0.01
53.601593625498005,-0.012499999
53.601641626266016,-0.01
53.60168962703403,-0.012499999
53.601737627802045,-0.01
53.601785628570056,-0.012499999
53.60183362933807,-0.01
53.60188163010608,-0.012499999
53.60192963087409,-0.01
53.6019776316421,-0.01
53.60202563241012,-0.01
53.60207363317813,-0.01
53.60212163394614,-0.012499999
53.60216963471415,-0.01
53.60221763548216,-0.01
53.60226563625017,-0.01
53.60231363701819,-0.01
53.6023616377862,-0.0075
53.602409638554214,-0.01
53.602457639322225,-0.012499999
53.602505640090236,-0.01
53.602553640858254,-0.01
53.602601641626265,-0.01
53.602649642394276,-0.012499999
53.60269764316229,-0.012499999
53.6027456439303,-0.01
53.60279364469831,-0.01
53.60284164546633,-0.0075
53.60288964623434,-0.01
53.60293764700235,-0.012499999
53.60298564777036,-0.01
53.60303364853837,-0.01
53.60308164930638,-0.01
53.6031296500744,-0.01
53.60317765084241,-0.01
53.60322565161042,-0.012499999
53.603273652378434,-0.01
53.603321653146445,-0.012499999
53.60336965391446,-0.01
53.603417654682474,-0.012499999
53.603465655450485,-0.01
53.603513656218496,-0.012499999
53.60356165698651,-0.0075
53.60360965775452,-0.012499999
53.603657658522536,-0.01
53.60370565929055,-0.01
53.60375366005856,-0.005
53.60380166082657,-0.01
53.60384966159458,-0.0075
53.60389766236259,-0.01
53.60394566313061,-0.012499999
53.60399366389862,-0.012499999
53.60404166466663,-0.01
53.60408966543464,-0.01
53.604137666202654,-0.0075
53.60418566697067,-0.01
53.60423366773868,-0.012499999
53.604281668506694,-0.01
53.604329669274705,-0.012499999
53.604377670042716,-0.01
53.60442567081073,-0.012499999
53.604473671578745,-0.01
53.604521672346756,-0.012499999
53.60456967311477,-0.01
53.60461767388278,-0.01
53.60466567465079,-0.01
53.6047136754188,-0.012499999
53.60476167618682,-0.012499999
53.60480967695483,-0.012499999
53.60485767772284,-0.012499999
53.60490567849085,-0.01
53.60495367925886,-0.01
53.605001680026874,-0.01
53.60504968079489,-0.01
53.6050976815629,-0.01
53.605145682330914,-0.012499999
53.605193683098925,-0.0075
53.605241683866936,-0.01
53.605289684634954,-0.01
53.605337685402965,-0.01
53.605385686170976,-0.01
53.60543368693899,-0.012499999
53.605481687707,-0.01
53.60552968847501,-0.01
53.60557768924303,-0.01
53.60562569001104,-0.01
53.60567369077905,-0.01
53.60572169154706,-0.01
53.60576969231507,-0.01
53.60581769308308,-0.01
53.6058656938511,-0.01
53.60591369461911,-0.01
53.60596169538712,-0.012499999
53.606009696155134,-0.01
53.606057696923145,-0.01
53.60610569769116,-0.01
53.606153698459174,-0.01
53.606201699227185,-0.01
53.606249699995196,-0.01
53.60629770076321,-0.012499999
53.60634570153122,-0.012499999
53.606393702299236,-0.01
53.60644170306725,-0.01
53.60648970383526,-0.0075
53.60653770460327,-0.01
53.60658570537128,-0.012499999
53.60663370613929,-0.01
53.60668170690731,-0.012499999
53.60672970767532,-0.012499999
53.60677770844333,-0.01
53.60682570921134,-0.01
53.606873709979354,-0.01
53.60692171074737,-0.012499999
53.60696971151538,-0.0075
53.607017712283394,-0.012499999
53.607065713051405,-0.01
53.607113713819416,-0.01
53.60716171458743,-0.01
53.607209715355445,-0.012499999
53.607257716123456,-0.01
53.60730571689147,-0.012499999
53.60735371765948,-0.01
53.60740171842749,-0.012499999
53.6074497191955,-0.01
53.60749771996352,-0.012499999
53.60754572073153,-0.01
53.60759372149954,-0.01
53.60764172226755,-0.01
53.60768972303556,-0.01
53.60773772380358,-0.01
53.60778572457159,-0.01
53.6078337253396,-0.01
53.607881726107614,-0.01
53.607929726875625,-0.01
53.607977727643636,-0.01
53.608025728411654,-0.01
53.608073729179665,-0.01
53.608121729947676,-0.012499999
53.60816973071569,-0.012499999
53.6082177314837,-0.01
53.60826573225171,-0.01
53.60831373301973,-0.01
53.60836173378774,-0.01
53.60840973455575,-0.01
53.60845773532376,-0.01
53.60850573609177,-0.01
53.60855373685979,-0.01
53.6086017376278,-0.01
53.60864973839581,-0.01
53.60869773916382,-0.01
53.608745739931834,-0.01
53.608793740699845,-0.01
53.60884174146786,-0.01
53.608889742235874,-0.01
53.608937743003885,-0.012499999
53.608985743771896,-0.005
53.60903374453991,-0.01
53.60908174530792,-0.012499999
53.609129746075936,-0.0075
53.60917774684395,-0.01
53.60922574761196,-0.01
53.60927374837997,-0.012499999
53.60932174914798,-0.0075
53.609369749916,-0.01
53.60941775068401,-0.0075
53.60946575145202,-0.01
53.60951375222003,-0.0075
53.60956175298804,-0.01
53.609609753756054,-0.0075
53.60965775452407,-0.01
53.60970575529208,-0.0075
53.609753756060094,-0.01
53.609801756828105,-0.0075
53.609849757596116,-0.01
53.60989775836413,-0.005
53.609945759132145,-0.01
53.609993759900156,-0.005
53.61004176066817,-0.01
53.61008976143618,-0.01
53.61013776220419,-0.0075
53.61018576297221,-0.012499999
53.61023376374022,-0.012499999
53.61028176450823,-0.01
53.61032976527624,-0.01
53.61037776604425,-0.01
53.61042576681226,-0.01
53.61047376758028,-0.01
53.61052176834829,-0.01
53.6105697691163,-0.01
53.610617769884314,-0.01
53.610665770652325,-0.012499999
53.610713771420336,-0.01
53.610761772188354,-0.01
53.610809772956365,-0.01
53.610857773724376,-0.01
53.61090577449239,-0.012499999
53.6109537752604,-0.01
53.61100177602842,-0.01
53.61104977679643,-0.01
53.61109777756444,-0.012499999
53.61114577833245,-0.01
53.61119377910046,-0.012499999
53.61124177986847,-0.01
53.61128978063649,-0.01
53.6113377814045,-0.0075
53.61138578217251,-0.01
53.61143378294052,-0.01
53.611481783708534,-0.012499999
53.611529784476545,-0.01
53.61157778524456,-0.01
53.611625786012574,-0.01
53.611673786780585,-0.01
53.611721787548596,-0.01
53.61176978831661,-0.012499999
53.611817789084625,-0.012499999
53.61186578985264,-0.012499999
53.61191379062065,-0.01
53.61196179138866,-0.012499999
53.61200979215667,-0.01
53.61205779292468,-0.01
53.6121057936927,-0.01
53.61215379446071,-0.01
53.61220179522872,-0.0075
53.61224979599673,-0.01
53.61229779676474,-0.012499999
53.612345797532754,-0.01
53.61239379830077,-0.012499999
53.61244179906878,-0.01
53.612489799836794,-0.01
53.612537800604805,-0.01
53.612585801372816,-0.01
53.612633802140834,-0.01
53.612681802908845,-0.012499999
53.61272980367686,-0.012499999
53.61277780444487,-0.01
53.61282580521288,-0.012499999
53.61287380598089,-0.01
53.61292180674891,-0.012499999
53.61296980751692,-0.01
53.61301780828493,-0.01
53.61306580905294,-0.01
53.61311380982095,-0.012499999
53.61316181058896,-0.01
53.61320981135698,-0.01
53.61325781212499,-0.012499999
53.613305812893,-0.012499999
53.613353813661014,-0.0075
53.613401814429025,-0.01
53.61344981519704,-0.01
53.613497815965054,-0.01
53.613545816733065,-0.01
53.613593817501076,-0.01
53.61364181826909,-0.01
53.6136898190371,-0.01
53.61373781980512,-0.01
53.61378582057313,-0.01
53.61383382134114,-0.01
53.61388182210915,-0.01
53.61392982287716,-0.01
53.61397782364517,-0.01
53.61402582441319,-0.0075
53.6140738251812,-0.01
53.61412182594921,-0.01
53.61416982671722,-0.01
53.614217827485234,-0.012499999
53.61426582825325,-0.01
53.61431382902126,-0.012499999
53.614361829789274,-0.01
53.614409830557285,-0.012499999
53.614457831325296,-0.01
53.61450583209331,-0.012499999
53.614553832861326,-0.01
53.61460183362934,-0.012499999
53.61464983439735,-0.0075
53.61469783516536,-0.01
53.61474583593337,-0.01
53.61479383670138,-0.01
53.6148418374694,-0.01
53.61488983823741,-0.01
53.61493783900542,-0.01
53.61498583977343,-0.01
53.61503384054144,-0.012499999
53.61508184130946,-0.01
53.61512984207747,-0.01
53.61517784284548,-0.01
53.615225843613494,-0.012499999
53.615273844381505,-0.01
53.615321845149516,-0.01
53.615369845917535,-0.012499999
53.615417846685546,-0.0075
53.61546584745356,-0.012499999
53.61551384822157,-0.0075
53.61556184898958,-0.012499999
53.61560984975759,-0.012499999
53.61565785052561,-0.01
53.61570585129362,-0.012499999
53.61575385206163,-0.01
53.61580185282964,-0.012499999
53.61584985359765,-0.01
53.61589785436566,-0.012499999
53.61594585513368,-0.012499999
53.61599385590169,-0.01
53.6160418566697,-0.01
53.616089857437714,-0.01
53.616137858205725,-0.01
53.61618585897374,-0.01
53.616233859741754,-0.01
53.616281860509766,-0.01
53.61632986127778,-0.01
53.61637786204579,-0.0075
53.6164258628138,-0.01
53.61647386358182,-0.01
53.61652186434983,-0.01
53.61656986511784,-0.01
53.61661786588585,-0.01
53.61666586665386,-0.01
53.61671386742187,-0.01
53.61676186818989,-0.01
53.6168098689579,-0.01
53.61685786972591,-0.01
53.61690587049392,-0.01
53.616953871261934,-0.01
53.61700187202995,-0.01
53.61704987279796,-0.01
53.617097873565974,-0.01
53.617145874333985,-0.01
53.617193875102,-0.012499999
53.61724187587001,-0.012499999
53.617289876638026,-0.01
53.61733787740604,-0.01
53.61738587817405,-0.01
53.61743387894206,-0.01
53.61748187971007,-0.012499999
53.61752988047808,-0.01
53.6175778812461,-0.012499999
53.61762588201411,-0.01
53.61767388278212,-0.0075
53.61772188355013,-0.01
53.61776988431814,-0.012499999
53.61781788508616,-0.015
53.61786588585417,-0.01
53.61791388662218,-0.012499999
53.617961887390194,-0.01
53.618009888158205,-0.012499999
53.61805788892622,-0.012499999
53.618105889694235,-0.012499999
53.618153890462246,-0.005
53.61820189123026,-0.012499999
53.61824989199827,-0.01
53.61829789276628,-0.01
53.61834589353429,-0.0075
53.61839389430231,-0.012499999
53.61844189507032,-0.01
53.61848989583833,-0.01
53.61853789660634,-0.0075
53.61858589737435,-0.01
53.61863389814237,-0.0075
53.61868189891038,-0.01
53.61872989967839,-0.01
53.6187779004464,-0.01
53.618825901214414,-0.0075
53.618873901982425,-0.0075
53.618921902750444,-0.0075
53.618969903518455,-0.0075
53.619017904286466,-0.0075
53.61906590505448,-0.012499999
53.61911390582249,-0.0075
53.6191619065905,-0.01
53.61920990735852,-0.005
53.61925790812653,-0.01
53.61930590889454,-0.0075
53.61935390966255,-0.01
53.61940191043056,-0.012499999
53.61944991119858,-0.01
53.61949791196659,-0.0075
53.6195459127346,-0.0075
53.61959391350261,-0.012499999
53.61964191427062,-0.012499999
53.619689915038634,-0.01
53.61973791580665,-0.01
53.61978591657466,-0.0075
53.619833917342675,-0.012499999
53.619881918110686,-0.01
53.6199299188787,-0.01
53.61997791964671,-0.01
53.620025920414726,-0.012499999
53.62007392118274,-0.01
53.62012192195075,-0.012499999
53.62016992271876,-0.0075
53.62021792348677,-0.012499999
53.62026592425479,-0.01
53.6203139250228,-0.012499999
53.62036192579081,-0.01
53.62040992655882,-0.01
53.62045792732683,-0.01
53.62050592809484,-0.012499999
53.62055392886286,-0.012499999
53.62060192963087,-0.01
53.62064993039888,-0.012499999
53.620697931166895,-0.01
53.620745931934906,-0.01
53.62079393270292,-0.01
53.620841933470935,-0.01
53.620889934238946,-0.01
53.62093793500696,-0.01
53.62098593577497,-0.0075
53.62103393654298,-0.01
53.621081937311,-0.01
53.62112993807901,-0.012499999
53.62117793884702,-0.012499999
53.62122593961503,-0.01
53.62127394038304,-0.0075
53.62132194115105,-0.01
53.62136994191907,-0.012499999
53.62141794268708,-0.01
53.62146594345509,-0.01
53.6215139442231,-0.01
53.621561944991115,-0.01
53.621609945759126,-0.01
53.621657946527144,-0.01
53.621705947295155,-0.01
53.621753948063166,-0.01
53.62180194883118,-0.012499999
53.62184994959919,-0.012499999
53.621897950367206,-0.01
53.62194595113522,-0.01
53.62199395190323,-0.01
53.62204195267124,-0.012499999
53.62208995343925,-0.01
53.62213795420726,-0.01
53.62218595497528,-0.01
53.62223395574329,-0.012499999
53.6222819565113,-0.01
53.62232995727931,-0.01
53.62237795804732,-0.01
53.622425958815334,-0.012499999
53.62247395958335,-0.012499999
53.622521960351364,-0.012499999
53.622569961119375,-0.012499999
53.622617961887386,-0.012499999
53.6226659626554,-0.012499999
53.622713963423415,-0.01
53.622761964191426,-0.0075
53.62280996495944,-0.012499999
53.62285796572745,-0.01
53.62290596649546,-0.01
53.62295396726347,-0.01
53.62300196803149,-0.01
53.6230499687995,-0.012499999
53.62309796956751,-0.01
53.62314597033552,-0.0075
53.62319397110353,-0.01
53.62324197187154,-0.01
53.62328997263956,-0.01
53.62333797340757,-0.01
53.623385974175584,-0.012499999
53.623433974943595,-0.01
53.623481975711606,-0.01
53.623529976479624,-0.01
53.623577977247635,-0.01
53.623625978015646,-0.01
53.62367397878366,-0.01
53.62372197955167,-0.01
53.62376998031968,-0.01
53.6238179810877,-0.012499999
53.62386598185571,-0.01
53.62391398262372,-0.01
53.62396198339173,-0.01
53.62400998415974,-0.0075
53.62405798492775,-0.012499999
53.62410598569577,-0.01
53.62415398646378,-0.01
53.62420198723179,-0.01
53.624249987999804,-0.01
53.624297988767815,-0.0075
53.62434598953583,-0.01
53.624393990303844,-0.01
53.624441991071855,-0.012499999
53.624489991839866,-0.01
53.62453799260788,-0.01
53.62458599337589,-0.01
53.624633994143906,-0.012499999
53.62468199491192,-0.012499999
53.62472999567993,-0.01
53.62477799644794,-0.012499999
53.62482599721595,-0.01
53.62487399798396,-0.012499999
53.62492199875198,-0.012499999
53.62496999951999,-0.01
53.625018000288,-0.012499999
53.62506600105601,-0.012499999
53.62511400182402,-0.01
53.62516200259204,-0.012499999
53.62521000336005,-0.01
53.625258004128064,-0.01
53.625306004896075,-0.012499999
53.625354005664086,-0.01
53.6254020064321,-0.0075
53.625450007200115,-0.01
53.625498007968126,-0.0075
53.62554600873614,-0.0075
53.62559400950415,-0.01
53.62564201027216,-0.0075
53.62569001104017,-0.0075
53.62573801180819,-0.012499999
53.6257860125762,-0.01
53.62583401334421,-0.01
53.62588201411222,-0.012499999
53.62593001488023,-0.01
53.62597801564825,-0.012499999
53.62602601641626,-0.012499999
53.62607401718427,-0.012499999
53.626122017952284,-0.01
53.626170018720295,-0.012499999
53.626218019488306,-0.012499999
53.626266020256324,-0.012499999
53.626314021024335,-0.012499999
53.626362021792346,-0.012499999
53.62641002256036,-0.01
53.62645802332837,-0.01
53.62650602409638,-0.012499999
53.6265540248644,-0.012499999
53.62660202563241,-0.01
53.62665002640042,-0.01
53.62669802716843,-0.012499999
53.62674602793644,-0.01
53.62679402870445,-0.012499999
53.62684202947247,-0.01
53.62689003024048,-0.01
53.62693803100849,-0.01
53.626986031776504,-0.01
53.627034032544515,-0.0075
53.62708203331253,-0.01
53.627130034080544,-0.01
53.627178034848555,-0.01
53.627226035616566,-0.0075
53.62727403638458,-0.01
53.62732203715259,-0.01
53.627370037920606,-0.01
53.62741803868862,-0.01
53.62746603945663,-0.012499999
53.62751404022464,-0.01
53.62756204099265,-0.01
53.62761004176066,-0.012499999
53.62765804252868,-0.01
53.62770604329669,-0.01
53.6277540440647,-0.01
53.62780204483271,-0.012499999
53.627850045600724,-0.01
53.62789804636874,-0.01
53.62794604713675,-0.01
53.627994047904764,-0.0075
53.628042048672775,-0.01
53.628090049440786,-0.012499999
53.6281380502088,-0.01
53.628186050976815,-0.01
53.628234051744826,-0.01
53.62828205251284,-0.01
53.62833005328085,-0.012499999
53.62837805404886,-0.01
53.62842605481687,-0.012499999
53.62847405558489,-0.01
53.6285220563529,-0.01
53.62857005712091,-0.01
53.62861805788892,-0.012499999
53.62866605865693,-0.01
53.62871405942495,-0.0075
53.62876206019296,-0.01
53.62881006096097,-0.012499999
53.628858061728984,-0.01
53.628906062496995,-0.01
53.628954063265006,-0.01
53.629002064033024,-0.012499999
53.629050064801035,-0.012499999
53.629098065569046,-0.01
53.62914606633706,-0.01
53.62919406710507,-0.01
53.62924206787308,-0.01
53.6292900686411,-0.01
53.62933806940911,-0.01
53.62938607017712,-0.01
53.62943407094513,-0.01
53.62948207171314,-0.01
53.62953007248116,-0.01
53.62957807324917,-0.01
53.62962607401718,-0.01
53.62967407478519,-0.012499999
53.629722075553204,-0.0075
53.629770076321215,-0.01
53.62981807708923,-0.01
53.629866077857244,-0.01
53.629914078625255,-0.0075
53.629962079393266,-0.01
53.63001008016128,-0.01
53.63005808092929,-0.01
53.630106081697306,-0.01
53.63015408246532,-0.012499999
53.63020208323333,-0.01
53.63025008400134,-0.012499999
53.63029808476935,-0.01
53.63034608553737,-0.012499999
53.63039408630538,-0.01
53.63044208707339,-0.012499999
53.6304900878414,-0.01
53.63053808860941,-0.01
53.630586089377424,-0.01
53.63063409014544,-0.01
53.63068209091345,-0.015
53.630730091681464,-0.012499999
53.630778092449475,-0.01
53.630826093217486,-0.0075
53.6308740939855,-0.0075
53.630922094753515,-0.012499999
53.630970095521526,-0.01
53.63101809628954,-0.012499999
53.63106609705755,-0.012499999
53.63111409782556,-0.012499999
53.63116209859358,-0.01
53.63121009936159,-0.01
53.6312581001296,-0.01
53.63130610089761,-0.01
53.63135410166562,-0.01
53.63140210243363,-0.01
53.63145010320165,-0.01
53.63149810396966,-0.01
53.63154610473767,-0.012499999
53.631594105505684,-0.01
53.631642106273695,-0.01
53.631690107041706,-0.01
53.631738107809724,-0.012499999
53.631786108577735,-0.01
53.631834109345746,-0.012499999
53.63188211011376,-0.01
53.63193011088177,-0.01
53.63197811164979,-0.012499999
53.6320261124178,-0.01
53.63207411318581,-0.01
53.63212211395382,-0.012499999
53.63217011472183,-0.01
53.63221811548984,-0.01
53.63226611625786,-0.01
53.63231411702587,-0.012499999
53.63236211779388,-0.01
53.63241011856189,-0.012499999
53.632458119329904,-0.01
53.632506120097915,-0.01
53.63255412086593,-0.012499999
53.632602121633944,-0.012499999
53.632650122401955,-0.012499999
53.632698123169966,-0.01
53.63274612393798,-0.01
53.632794124705995,-0.01
53.632842125474006,-0.01
53.63289012624202,-0.012499999
53.63293812701003,-0.01
53.63298612777804,-0.01
53.63303412854605,-0.0075
53.63308212931407,-0.01
53.63313013008208,-0.01
53.63317813085009,-0.01
53.6332261316181,-0.01
53.63327413238611,-0.01
53.633322133154124,-0.01
53.63337013392214,-0.01
53.63341813469015,-0.01
53.633466135458164,-0.01
53.633514136226175,-0.01
53.633562136994186,-0.01
53.633610137762204,-0.01
53.633658138530215,-0.01
53.633706139298226,-0.01
53.63375414006624,-0.012499999
53.63380214083425,-0.012499999
53.63385014160226,-0.01
53.63389814237028,-0.01
53.63394614313829,-0.01
53.6339941439063,-0.01
53.63404214467431,-0.01
53.63409014544232,-0.01
53.63413814621033,-0.01
53.63418614697835,-0.01
53.63423414774636,-0.01
53.63428214851437,-0.01
53.634330149282384,-0.012499999
53.634378150050395,-0.01
53.63442615081841,-0.01
53.634474151586424,-0.01
53.634522152354435,-0.01
53.634570153122446,-0.0075
53.63461815389046,-0.01
53.63466615465847,-0.01
53.63471415542649,-0.01
53.6347621561945,-0.012499999
53.63481015696251,-0.01
53.63485815773052,-0.01
53.63490615849853,-0.01
53.63495415926654,-0.01
53.63500216003456,-0.012499999
53.63505016080257,-0.01
53.63509816157058,-0.01
53.63514616233859,-0.012499999
53.635194163106604,-0.01
53.63524216387462,-0.01
53.63529016464263,-0.01
53.635338165410644,-0.012499999
53.635386166178655,-0.0075
53.635434166946666,-0.0075
53.63548216771468,-0.01
53.635530168482696,-0.01
53.63557816925071,-0.01
53.63562617001872,-0.012499999
53.63567417078673,-0.01
53.63572217155474,-0.012499999
53.63577017232275,-0.01
53.63581817309077,-0.01
53.63586617385878,-0.01
53.63591417462679,-0.01
53.6359621753948,-0.01
53.63601017616281,-0.012499999
53.63605817693083,-0.012499999
53.63610617769884,-0.01
53.63615417846685,-0.01
53.636202179234864,-0.01
53.636250180002875,-0.01
53.636298180770886,-0.01
53.636346181538904,-0.01
53.636394182306915,-0.01
53.63644218307493,-0.01
53.63649018384294,-0.01
53.63653818461095,-0.0075
53.63658618537896,-0.012499999
53.63663418614698,-0.01
53.63668218691499,-0.012499999
53.636730187683,-0.012499999
53.63677818845101,-0.01
53.63682618921902,-0.01
53.63687418998704,-0.01
53.63692219075505,-0.012499999
53.63697019152306,-0.012499999
53.63701819229107,-0.01
53.637066193059084,-0.012499999
53.637114193827095,-0.01
53.63716219459511,-0.012499999
53.637210195363124,-0.0075
53.637258196131135,-0.01
53.63730619689915,-0.0075
53.63735419766716,-0.012499999
53.63740219843517,-0.01
53.63745019920319,-0.012499999
53.6374981999712,-0.01
53.63754620073921,-0.012499999
53.63759420150722,-0.01
53.63764220227523,-0.01
53.63769020304324,-0.0075
53.63773820381126,-0.012499999
53.63778620457927,-0.01
53.63783420534728,-0.012499999
53.63788220611529,-0.01
53.637930206883304,-0.01
53.63797820765132,-0.0075
53.63802620841933,-0.01
53.638074209187344,-0.0075
53.638122209955355,-0.0075
53.638170210723366,-0.01
53.63821821149138,-0.01
53.638266212259396,-0.012499999
53.63831421302741,-0.01
53.63836221379542,-0.012499999
53.63841021456343,-0.012499999
53.63845821533144,-0.01
53.63850621609945,-0.012499999
53.63855421686747,-0.01
53.63860221763548,-0.01
53.63865021840349,-0.01
53.6386982191715,-0.01
53.63874621993951,-0.0075
53.63879422070753,-0.01
53.63884222147554,-0.01
53.63889022224355,-0.0075
53.638938223011564,-0.0075
53.638986223779575,-0.01
53.639034224547586,-0.01
53.639082225315605,-0.01
53.639130226083616,-0.01
53.63917822685163,-0.01
53.63922622761964,-0.012499999
53.63927422838765,-0.01
53.63932222915566,-0.01
53.63937022992368,-0.012499999
53.63941823069169,-0.012499999
53.6394662314597,-0.01
53.63951423222771,-0.012499999
53.63956223299572,-0.01
53.63961023376374,-0.012499999
53.63965823453175,-0.01
53.63970623529976,-0.012499999
53.63975423606777,-0.01
53.639802236835784,-0.012499999
53.639850237603795,-0.01
53.63989823837181,-0.012499999
53.639946239139825,-0.01
53.639994239907836,-0.01
53.64004224067585,-0.012499999
53.64009024144386,-0.0075
53.64013824221187,-0.01
53.64018624297989,-0.01
53.6402342437479,-0.012499999
53.64028224451591,-0.012499999
53.64033024528392,-0.01
53.64037824605193,-0.012499999
53.64042624681995,-0.01
53.64047424758796,-0.01
53.64052224835597,-0.0075
53.64057024912398,-0.01
53.64061824989199,-0.012499999
53.640666250660004,-0.0075
53.64071425142802,-0.0075
53.64076225219603,-0.01
53.640810252964044,-0.01
53.640858253732056,-0.012499999
53.64090625450007,-0.01
53.64095425526808,-0.01
53.641002256036096,-0.01
53.64105025680411,-0.012499999
53.64109825757212,-0.0075
53.64114625834013,-0.01
53.64119425910814,-0.01
53.64124225987616,-0.01
53.64129026064417,-0.01
53.64133826141218,-0.012499999
53.64138626218019,-0.01
53.6414342629482,-0.012499999
53.64148226371621,-0.01
53.64153026448423,-0.01
53.64157826525224,-0.01
53.64162626602025,-0.01
53.641674266788264,-0.01
53.641722267556275,-0.012499999
53.64177026832429,-0.01
53.641818269092305,-0.012499999
53.641866269860316,-0.0075
53.64191427062833,-0.01
53.64196227139634,-0.01
53.64201027216435,-0.012499999
53.64205827293237,-0.01
53.64210627370038,-0.01
53.64215427446839,-0.012499999
53.6422022752364,-0.01
53.64225027600441,-0.01
53.64229827677242,-0.01
53.64234627754044,-0.01
53.64239427830845,-0.012499999
53.64244227907646,-0.01
53.64249027984447,-0.01
53.642538280612484,-0.0075
53.642586281380495,-0.01
53.642634282148514,-0.01
53.642682282916525,-0.01
53.642730283684536,-0.01
53.64277828445255,-0.01
53.64282628522056,-0.01
53.642874285988576,-0.012499999
53.64292228675659,-0.01
53.6429702875246,-0.01
53.64301828829261,-0.0075
53.64306628906062,-0.01
53.64311428982863,-0.01
53.64316229059665,-0.01
53.64321029136466,-0.0075
53.64325829213267,-0.01
53.64330629290068,-0.0075
53.64335429366869,-0.01
53.643402294436704,-0.012499999
53.64345029520472,-0.01
53.643498295972734,-0.01
53.643546296740745,-0.01
53.643594297508756,-0.012499999
53.64364229827677,-0.01
53.643690299044785,-0.01
53.643738299812796,-0.01
53.64378630058081,-0.012499999
53.64383430134882,-0.01
53.64388230211683,-0.012499999
53.64393030288484,-0.01
53.64397830365286,-0.01
53.64402630442087,-0.01
53.64407430518888,-0.0075
53.64412230595689,-0.01
53.6441703067249,-0.01
53.64421830749291,-0.01
53.64426630826093,-0.012499999
53.64431430902894,-0.01
53.64436230979695,-0.01
53.644410310564965,-0.01
53.644458311332976,-0.012499999
53.644506312100994,-0.01
53.644554312869005,-0.012499999
53.644602313637016,-0.01
53.64465031440503,-0.012499999
53.64469831517304,-0.01
53.64474631594105,-0.012499999
53.64479431670907,-0.01
53.64484231747708,-0.01
53.64489031824509,-0.0075
