Tiempo (s),Datos
272.574281188499,-0.0775
272.574329189267,-0.08
272.574377190035,-0.074999996
272.574425190803,-0.0725
272.57447319157103,-0.067499995
272.57452119233903,-0.07
272.5745691931071,-0.067499995
272.5746171938751,-0.0775
272.5746651946431,-0.0725
272.5747131954111,-0.0725
272.5747611961791,-0.0725
272.5748091969471,-0.08
272.5748571977151,-0.0775
272.5749051984832,-0.0775
272.5749531992512,-0.085
272.5750012000192,-0.082499996
272.5750492007872,-0.0925
272.5750972015552,-0.085
272.5751452023232,-0.089999996
272.57519320309126,-0.089999996
272.57524120385926,-0.099999994
272.57528920462727,-0.1025
272.5753372053953,-0.1025
272.5753852061633,-0.1025
272.5754332069313,-0.0925
272.5754812076993,-0.0975
272.57552920846734,-0.0925
272.57557720923535,-0.089999996
272.57562521000335,-0.089999996
272.57567321077136,-0.089999996
272.57572121153936,-0.0875
272.57576921230736,-0.0925
272.57581721307537,-0.0875
272.57586521384343,-0.082499996
272.57591321461143,-0.07
272.57596121537944,-0.08
272.57600921614744,-0.0775
272.57605721691544,-0.0775
272.57610521768345,-0.0725
272.57615321845145,-0.065
272.5762012192195,-0.065
272.5762492199875,-0.0625
272.5762972207555,-0.049999997
272.5763452215235,-0.044999998
272.57639322229153,-0.04
272.57644122305953,-0.0275
272.57648922382754,-0.035
272.5765372245956,-0.03
272.5765852253636,-0.022499999
272.5766332261316,-0.022499999
272.5766812268996,-0.02
272.5767292276676,-0.022499999
272.5767772284356,-0.0175
272.5768252292037,-0.0175
272.5768732299717,-0.022499999
272.5769212307397,-0.015
272.5769692315077,-0.015
272.5770172322757,-0.03
272.5770652330437,-0.02
272.5771132338117,-0.012499999
272.57716123457976,-0.024999999
272.57720923534777,-0.0325
272.57725723611577,-0.03
272.5773052368838,-0.03
272.5773532376518,-0.0325
272.5774012384198,-0.037499998
272.5774492391878,-0.0325
272.57749723995585,-0.03
272.57754524072385,-0.03
272.57759324149185,-0.0325
272.57764124225986,-0.04
272.57768924302786,-0.03
272.57773724379587,-0.035
272.57778524456387,-0.04
272.57783324533193,-0.044999998
272.57788124609993,-0.049999997
272.57792924686794,-0.0475
272.57797724763594,-0.049999997
272.57802524840395,-0.044999998
272.57807324917195,-0.049999997
272.57812124993995,-0.0475
272.578169250708,-0.0525
272.578217251476,-0.044999998
272.578265252244,-0.04
272.578313253012,-0.0325
272.57836125378003,-0.03
272.57840925454803,-0.03
272.5784572553161,-0.022499999
272.5785052560841,-0.012499999
272.5785532568521,-0.012499999
272.5786012576201,-0.0075
272.5786492583881,-0.01
272.5786972591561,-0.0025
272.5787452599241,-0.0075
272.5787932606922,-0.005
272.5788412614602,0.0075
272.5788892622282,-0.0025
272.5789372629962,0.0025
272.5789852637642,-0.005
272.5790332645322,-0.0075
272.5790812653002,-0.005
272.57912926606826,-0.0075
272.57917726683627,-0.005
272.5792252676043,-0.0025
272.5792732683723,-0.0025
272.5793212691403,-0.005
272.5793692699083,-0.012499999
272.5794172706763,-0.0175
272.57946527144435,-0.012499999
272.57951327221235,-0.015
272.57956127298036,-0.02
272.57960927374836,-0.02
272.57965727451636,-0.0275
272.57970527528437,-0.03
272.5797532760524,-0.037499998
272.57980127682043,-0.0275
272.57984927758844,-0.0325
272.57989727835644,-0.035
272.57994527912444,-0.037499998
272.57999327989245,-0.0425
272.58004128066045,-0.04
272.5800892814285,-0.0325
272.5801372821965,-0.0325
272.5801852829645,-0.0325
272.5802332837325,-0.037499998
272.58028128450053,-0.037499998
272.58032928526853,-0.037499998
272.58037728603654,-0.035
272.5804252868046,-0.04
272.5804732875726,-0.0425
272.5805212883406,-0.04
272.5805692891086,-0.037499998
272.5806172898766,-0.037499998
272.5806652906446,-0.035
272.5807132914126,-0.0325
272.5807612921807,-0.037499998
272.5808092929487,-0.024999999
272.5808572937167,-0.037499998
272.5809052944847,-0.04
272.5809532952527,-0.037499998
272.5810012960207,-0.024999999
272.5810492967887,-0.0275
272.58109729755677,-0.022499999
272.58114529832477,-0.024999999
272.5811932990928,-0.0275
272.5812412998608,-0.0275
272.5812893006288,-0.024999999
272.5813373013968,-0.024999999
272.5813853021648,-0.0275
272.58143330293285,-0.03
272.58148130370085,-0.022499999
272.58152930446886,-0.0325
272.58157730523686,-0.0275
272.58162530600487,-0.0275
272.58167330677287,-0.03
272.58172130754093,-0.022499999
272.58176930830894,-0.024999999
272.58181730907694,-0.024999999
272.58186530984494,-0.0275
272.58191331061295,-0.03
272.58196131138095,-0.022499999
272.58200931214895,-0.024999999
272.582057312917,-0.022499999
272.582105313685,-0.022499999
272.582153314453,-0.02
272.582201315221,-0.02
272.58224931598903,-0.0175
272.58229731675704,-0.015
272.58234531752504,-0.02
272.5823933182931,-0.015
272.5824413190611,-0.015
272.5824893198291,-0.024999999
272.5825373205971,-0.03
272.5825853213651,-0.022499999
272.5826333221331,-0.015
272.5826813229011,-0.0175
272.5827293236692,-0.0275
272.5827773244372,-0.02
272.5828253252052,-0.022499999
272.5828733259732,-0.024999999
272.5829213267412,-0.02
272.5829693275092,-0.0175
272.5830173282772,-0.02
272.58306532904527,-0.022499999
272.5831133298133,-0.02
272.5831613305813,-0.0275
272.5832093313493,-0.024999999
272.5832573321173,-0.02
272.5833053328853,-0.024999999
272.58335333365335,-0.024999999
272.58340133442135,-0.024999999
272.58344933518936,-0.03
272.58349733595736,-0.035
272.58354533672536,-0.037499998
272.58359333749337,-0.035
272.5836413382614,-0.037499998
272.58368933902943,-0.0325
272.58373733979744,-0.0475
272.58378534056544,-0.0425
272.58383334133345,-0.0325
272.58388134210145,-0.044999998
272.58392934286945,-0.0425
272.58397734363746,-0.0475
272.5840253444055,-0.044999998
272.5840733451735,-0.044999998
272.5841213459415,-0.0425
272.58416934670953,-0.037499998
272.58421734747753,-0.037499998
272.58426534824554,-0.035
272.58431334901354,-0.0275
272.5843613497816,-0.037499998
272.5844093505496,-0.0275
272.5844573513176,-0.0325
272.5845053520856,-0.0175
272.5845533528536,-0.02
272.5846013536216,-0.015
272.5846493543896,-0.0075
272.5846973551577,-0.005
272.5847453559257,-0.0075
272.5847933566937,-0.01
272.5848413574617,0.0025
272.5848893582297,-0.0025
272.5849373589977,0.0025
272.58498535976577,-0.0025
272.58503336053377,0.0
272.5850813613018,-0.0025
272.5851293620698,-0.005
272.5851773628378,-0.01
272.5852253636058,-0.0075
272.5852733643738,-0.012499999
272.58532136514185,-0.022499999
272.58536936590986,-0.0175
272.58541736667786,-0.015
272.58546536744586,-0.02
272.58551336821387,-0.022499999
272.58556136898187,-0.0275
272.5856093697499,-0.035
272.58565737051794,-0.037499998
272.58570537128594,-0.0325
272.58575337205394,-0.03
272.58580137282195,-0.037499998
272.58584937358995,-0.0325
272.58589737435796,-0.03
272.58594537512596,-0.0275
272.585993375894,-0.04
272.586041376662,-0.024999999
272.58608937743,-0.024999999
272.58613737819803,-0.024999999
272.58618537896604,-0.024999999
272.58623337973404,-0.022499999
272.58628138050204,-0.022499999
272.5863293812701,-0.0175
272.5863773820381,-0.015
272.5864253828061,-0.0075
272.5864733835741,-0.012499999
272.5865213843421,-0.0075
272.5865693851101,-0.0075
272.5866173858782,-0.0025
272.5866653866462,-0.0075
272.5867133874142,-0.0075
272.5867613881822,-0.005
272.5868093889502,-0.01
272.5868573897182,-0.012499999
272.5869053904862,-0.0075
272.58695339125427,-0.005
272.5870013920223,-0.0025
272.5870493927903,-0.0025
272.5870973935583,0.0
272.5871453943263,-0.01
272.5871933950943,0.0025
272.5872413958623,0.0025
272.58728939663035,-0.01
272.58733739739836,0.0
272.58738539816636,0.005
272.58743339893437,-0.005
272.58748139970237,0.005
272.5875294004704,0.0075
272.5875774012384,0.0075
272.58762540200644,0.0
272.58767340277444,-0.0025
272.58772140354245,0.0
272.58776940431045,0.0025
272.58781740507845,0.0025
272.58786540584646,0.005
272.58791340661446,-0.0025
272.5879614073825,0.0025
272.5880094081505,-0.01
272.58805740891853,-0.01
272.58810540968653,-0.0075
272.58815341045454,-0.005
272.58820141122254,-0.0075
272.5882494119906,-0.022499999
272.5882974127586,-0.02
272.5883454135266,-0.0275
272.5883934142946,-0.024999999
272.5884414150626,-0.022499999
272.5884894158306,-0.03
272.5885374165986,-0.024999999
272.5885854173667,-0.024999999
272.5886334181347,-0.0175
272.5886814189027,-0.024999999
272.5887294196707,-0.02
272.5887774204387,-0.022499999
272.5888254212067,-0.022499999
272.5888734219747,-0.02
272.58892142274277,-0.024999999
272.5889694235108,-0.0275
272.5890174242788,-0.0275
272.5890654250468,-0.024999999
272.5891134258148,-0.022499999
272.5891614265828,-0.0275
272.5892094273508,-0.012499999
272.58925742811886,-0.022499999
272.58930542888686,-0.02
272.58935342965486,-0.0075
272.58940143042287,-0.015
272.58944943119087,-0.0075
272.5894974319589,-0.0075
272.5895454327269,-0.0025
272.58959343349494,-0.005
272.58964143426294,-0.0025
272.58968943503095,0.0025
272.58973743579895,0.0025
272.58978543656696,0.015
272.58983343733496,0.015
272.589881438103,0.005
272.589929438871,0.0075
272.58997743963903,0.005
272.59002544040703,0.0025
272.59007344117504,0.0025
272.59012144194304,0.0075
272.59016944271104,-0.005
272.5902174434791,-0.0025
272.5902654442471,-0.015
272.5903134450151,-0.0175
272.5903614457831,-0.0175
272.5904094465511,-0.024999999
272.5904574473191,-0.0325
272.59050544808713,-0.0275
272.5905534488552,-0.024999999
272.5906014496232,-0.03
272.5906494503912,-0.0325
272.5906974511592,-0.04
272.5907454519272,-0.0325
272.5907934526952,-0.0475
272.5908414534632,-0.044999998
272.5908894542313,-0.044999998
272.5909374549993,-0.055
272.5909854557673,-0.037499998
272.5910334565353,-0.0475
272.5910814573033,-0.0425
272.5911294580713,-0.0475
272.5911774588393,-0.04
272.59122545960736,-0.037499998
272.59127346037536,-0.024999999
272.59132146114337,-0.035
272.59136946191137,-0.0275
272.5914174626794,-0.03
272.5914654634474,-0.022499999
272.59151346421544,-0.015
272.59156146498344,-0.0175
272.59160946575145,-0.015
272.59165746651945,-0.0175
272.59170546728745,-0.0075
272.59175346805546,-0.0175
272.59180146882346,-0.01
272.5918494695915,-0.005
272.5918974703595,-0.005
272.59194547112753,0.0025
272.59199347189553,0.0
272.59204147266354,0.0025
272.59208947343154,0.015
272.59213747419955,0.015
272.5921854749676,0.024999999
272.5922334757356,0.024999999
272.5922814765036,0.0175
272.5923294772716,0.02
272.5923774780396,0.015
272.5924254788076,0.012499999
272.59247347957563,0.005
272.5925214803437,0.005
272.5925694811117,-0.01
272.5926174818797,-0.0175
272.5926654826477,-0.015
272.5927134834157,-0.0175
272.5927614841837,-0.0175
272.5928094849517,-0.0175
272.5928574857198,-0.0325
272.5929054864878,-0.0325
272.5929534872558,-0.037499998
272.5930014880238,-0.03
272.5930494887918,-0.0325
272.5930974895598,-0.02
272.59314549032786,-0.01
272.59319349109586,-0.0025
272.59324149186386,-0.0075
272.59328949263187,-0.01
272.5933374933999,-0.01
272.5933854941679,-0.005
272.5934334949359,-0.01
272.59348149570394,-0.005
272.59352949647194,-0.005
272.59357749723995,0.0
272.59362549800795,0.005
272.59367349877596,0.0075
272.59372149954396,0.005
272.59376950031196,0.0025
272.59381750108,0.005
272.59386550184803,0.0075
272.59391350261603,0.0025
272.59396150338404,0.005
272.59400950415204,0.005
272.59405750492004,0.0025
272.59410550568805,0.0
272.5941535064561,-0.005
272.5942015072241,0.0
272.5942495079921,-0.0075
272.5942975087601,-0.0075
272.5943455095281,-0.0075
272.59439351029613,-0.015
272.59444151106413,-0.01
272.5944895118322,-0.0075
272.5945375126002,-0.015
272.5945855133682,-0.015
272.5946335141362,-0.0025
272.5946815149042,0.0025
272.5947295156722,0.0
272.5947775164403,0.005
272.5948255172083,0.0
272.5948735179763,0.005
272.5949215187443,-0.012499999
272.5949695195123,0.0025
272.5950175202803,0.0
272.5950655210483,0.0
272.59511352181636,0.0025
272.59516152258436,0.0
272.59520952335237,0.005
272.59525752412037,0.0025
272.5953055248884,0.005
272.5953535256564,0.0025
272.5954015264244,-0.0025
272.59544952719244,-0.01
272.59549752796045,-0.015
272.59554552872845,-0.0075
272.59559352949645,-0.0025
272.59564153026446,-0.0075
272.59568953103246,-0.012499999
272.59573753180047,-0.015
272.5957855325685,-0.0175
272.59583353333653,-0.012499999
272.59588153410454,-0.015
272.59592953487254,-0.012499999
272.59597753564054,-0.0175
272.59602553640855,-0.012499999
272.59607353717655,-0.0075
272.5961215379446,0.0025
272.5961695387126,0.005
272.5962175394806,0.0075
272.5962655402486,0.022499999
272.5963135410166,0.02
272.59636154178463,0.0325
272.5964095425527,0.037499998
272.5964575433207,0.057499997
272.5965055440887,0.067499995
272.5965535448567,0.074999996
272.5966015456247,0.085
272.5966495463927,0.0975
272.5966975471607,0.105
272.5967455479288,0.114999995
272.5967935486968,0.114999995
272.5968415494648,0.1175
272.5968895502328,0.105
272.5969375510008,0.107499994
272.5969855517688,0.0975
272.5970335525368,0.0875
272.59708155330486,0.082499996
272.59712955407286,0.074999996
272.59717755484087,0.07
272.5972255556089,0.065
272.5972735563769,0.0475
272.5973215571449,0.049999997
272.5973695579129,0.037499998
272.59741755868095,0.035
272.59746555944895,0.04
272.59751356021695,0.0325
272.59756156098496,0.03
272.59760956175296,0.035
272.59765756252096,0.03
272.59770556328897,0.035
272.59775356405703,0.035
272.59780156482503,0.035
272.59784956559304,0.0425
272.59789756636104,0.037499998
272.59794556712905,0.037499998
272.59799356789705,0.044999998
272.5980415686651,0.057499997
272.5980895694331,0.049999997
272.5981375702011,0.049999997
272.5981855709691,0.057499997
272.5982335717371,0.0625
272.59828157250513,0.0475
272.59832957327313,0.0525
272.5983775740412,0.06
272.5984255748092,0.057499997
272.5984735755772,0.049999997
272.5985215763452,0.04
272.5985695771132,0.0325
272.5986175778812,0.024999999
272.5986655786492,0.0325
272.5987135794173,0.0275
272.5987615801853,0.024999999
272.5988095809533,0.015
272.5988575817213,0.0275
272.5989055824893,0.022499999
272.5989535832573,0.0175
272.5990015840253,0.012499999
272.59904958479336,0.01
272.59909758556137,0.0175
272.59914558632937,0.0175
272.5991935870974,0.0075
272.5992415878654,0.015
272.5992895886334,0.015
272.5993375894014,0.0
272.59938559016945,0.0025
272.59943359093745,-0.0025
272.59948159170546,-0.0025
272.59952959247346,-0.0025
272.59957759324146,-0.01
272.59962559400947,-0.022499999
272.5996735947775,-0.0175
272.59972159554553,-0.024999999
272.59976959631354,-0.022499999
272.59981759708154,-0.0325
272.59986559784954,-0.04
272.59991359861755,-0.04
272.59996159938555,-0.044999998
272.6000096001536,-0.0475
272.6000576009216,-0.057499997
272.6001056016896,-0.07
272.6001536024576,-0.074999996
272.6002016032256,-0.082499996
272.60024960399363,-0.0875
272.60029760476164,-0.095
272.6003456055297,-0.099999994
272.6003936062977,-0.1125
272.6004416070657,-0.1175
272.6004896078337,-0.13499999
272.6005376086017,-0.1275
272.6005856093697,-0.14
272.6006336101377,-0.145
272.6006816109058,-0.1475
272.6007296116738,-0.1525
272.6007776124418,-0.1525
272.6008256132098,-0.1425
272.6008736139778,-0.1375
272.6009216147458,-0.13499999
272.6009696155138,-0.13499999
272.60101761628187,-0.1275
272.60106561704987,-0.1375
272.6011136178179,-0.13
272.6011616185859,-0.125
272.6012096193539,-0.1275
272.6012576201219,-0.12
272.60130562088995,-0.12
272.60135362165795,-0.1175
272.60140162242595,-0.1125
272.60144962319396,-0.107499994
272.60149762396196,-0.105
272.60154562472997,-0.11
272.60159362549797,-0.107499994
272.60164162626603,-0.099999994
272.60168962703403,-0.1025
272.60173762780204,-0.0975
272.60178562857004,-0.099999994
272.60183362933805,-0.095
272.60188163010605,-0.089999996
272.60192963087405,-0.085
272.6019776316421,-0.089999996
272.6020256324101,-0.0875
272.6020736331781,-0.085
272.6021216339461,-0.08
272.60216963471413,-0.08
272.60221763548213,-0.08
272.60226563625014,-0.082499996
272.6023136370182,-0.08
272.6023616377862,-0.0875
272.6024096385542,-0.08
272.6024576393222,-0.07
272.6025056400902,-0.074999996
272.6025536408582,-0.067499995
272.6026016416262,-0.065
272.6026496423943,-0.074999996
272.6026976431623,-0.07
272.6027456439303,-0.065
272.6027936446983,-0.0525
272.6028416454663,-0.0475
272.6028896462343,-0.0475
272.60293764700236,-0.06
272.60298564777037,-0.055
272.60303364853837,-0.055
272.6030816493064,-0.0525
272.6031296500744,-0.044999998
272.6031776508424,-0.057499997
272.6032256516104,-0.0475
272.60327365237845,-0.0525
272.60332165314645,-0.057499997
272.60336965391446,-0.065
272.60341765468246,-0.057499997
272.60346565545046,-0.065
272.60351365621847,-0.07
272.60356165698647,-0.065
272.60360965775453,-0.055
272.60365765852254,-0.07
272.60370565929054,-0.065
272.60375366005854,-0.067499995
272.60380166082655,-0.0625
272.60384966159455,-0.06
272.60389766236256,-0.06
272.6039456631306,-0.049999997
272.6039936638986,-0.044999998
272.6040416646666,-0.04
272.6040896654346,-0.037499998
272.60413766620263,-0.035
272.60418566697064,-0.03
272.60423366773864,-0.035
272.6042816685067,-0.037499998
272.6043296692747,-0.0325
272.6043776700427,-0.037499998
272.6044256708107,-0.04
272.6044736715787,-0.0325
272.6045216723467,-0.037499998
272.6045696731148,-0.04
272.6046176738828,-0.037499998
272.6046656746508,-0.03
272.6047136754188,-0.03
272.6047616761868,-0.0275
272.6048096769548,-0.022499999
272.6048576777228,-0.03
272.60490567849087,-0.0275
272.60495367925887,-0.022499999
272.6050016800269,-0.0275
272.6050496807949,-0.0175
272.6050976815629,-0.024999999
272.6051456823309,-0.022499999
272.6051936830989,-0.022499999
272.60524168386695,-0.0175
272.60528968463495,-0.024999999
272.60533768540296,-0.03
272.60538568617096,-0.024999999
272.60543368693897,-0.0275
272.60548168770697,-0.0275
272.605529688475,-0.0275
272.60557768924303,-0.02
272.60562569001104,-0.024999999
272.60567369077904,-0.0175
272.60572169154705,-0.03
272.60576969231505,-0.024999999
272.60581769308305,-0.035
272.60586569385106,-0.0275
272.6059136946191,-0.037499998
272.6059616953871,-0.024999999
272.6060096961551,-0.03
272.60605769692313,-0.0325
272.60610569769113,-0.03
272.60615369845914,-0.03
272.6062016992272,-0.03
272.6062496999952,-0.02
272.6062977007632,-0.0175
272.6063457015312,-0.02
272.6063937022992,-0.0275
272.6064417030672,-0.03
272.6064897038352,-0.0275
272.6065377046033,-0.035
272.6065857053713,-0.0325
272.6066337061393,-0.035
272.6066817069073,-0.035
272.6067297076753,-0.03
272.6067777084433,-0.03
272.6068257092113,-0.024999999
272.60687370997937,-0.0275
272.6069217107474,-0.022499999
272.6069697115154,-0.03
272.6070177122834,-0.024999999
272.6070657130514,-0.024999999
272.6071137138194,-0.0175
272.6071617145874,-0.022499999
272.60720971535545,-0.0275
272.60725771612346,-0.024999999
272.60730571689146,-0.0325
272.60735371765946,-0.0275
272.60740171842747,-0.022499999
272.6074497191955,-0.024999999
272.6074977199635,-0.022499999
272.60754572073154,-0.0275
272.60759372149954,-0.0275
272.60764172226754,-0.0425
272.60768972303555,-0.0425
272.60773772380355,-0.04
272.60778572457156,-0.0525
272.60783372533956,-0.055
272.6078817261076,-0.0525
272.6079297268756,-0.055
272.60797772764363,-0.055
272.60802572841163,-0.057499997
272.60807372917964,-0.0625
272.60812172994764,-0.065
272.6081697307157,-0.057499997
272.6082177314837,-0.057499997
272.6082657322517,-0.065
272.6083137330197,-0.067499995
272.6083617337877,-0.057499997
272.6084097345557,-0.057499997
272.6084577353237,-0.065
272.6085057360918,-0.055
272.6085537368598,-0.055
272.6086017376278,-0.055
272.6086497383958,-0.057499997
272.6086977391638,-0.055
272.6087457399318,-0.044999998
272.6087937406998,-0.04
272.60884174146787,-0.057499997
272.6088897422359,-0.055
272.6089377430039,-0.044999998
272.6089857437719,-0.0425
272.6090337445399,-0.049999997
272.6090817453079,-0.049999997
272.6091297460759,-0.055
272.60917774684395,-0.0425
272.60922574761196,-0.049999997
272.60927374837996,-0.0475
272.60932174914797,-0.044999998
272.60936974991597,-0.0525
272.609417750684,-0.044999998
272.609465751452,-0.049999997
272.60951375222004,-0.044999998
272.60956175298804,-0.049999997
272.60960975375605,-0.0525
272.60965775452405,-0.0475
272.60970575529205,-0.049999997
272.60975375606006,-0.057499997
272.6098017568281,-0.0525
272.6098497575961,-0.057499997
272.6098977583641,-0.0475
272.60994575913213,-0.044999998
272.60999375990014,-0.0425
272.61004176066814,-0.049999997
272.61008976143614,-0.055
272.6101377622042,-0.0525
272.6101857629722,-0.0525
272.6102337637402,-0.055
272.6102817645082,-0.049999997
272.6103297652762,-0.049999997
272.6103777660442,-0.0525
272.6104257668122,-0.055
272.6104737675803,-0.0625
272.6105217683483,-0.065
272.6105697691163,-0.06
272.6106177698843,-0.067499995
272.6106657706523,-0.0625
272.6107137714203,-0.067499995
272.6107617721883,-0.0625
272.6108097729564,-0.07
272.6108577737244,-0.06
272.6109057744924,-0.07
272.6109537752604,-0.0725
272.6110017760284,-0.067499995
272.6110497767964,-0.057499997
272.6110977775644,-0.074999996
272.61114577833246,-0.06
272.61119377910046,-0.055
272.61124177986846,-0.055
272.61128978063647,-0.0525
272.6113377814045,-0.0425
272.6113857821725,-0.0525
272.61143378294054,-0.057499997
272.61148178370854,-0.0425
272.61152978447655,-0.0475
272.61157778524455,-0.044999998
272.61162578601255,-0.0475
272.61167378678056,-0.049999997
272.61172178754856,-0.044999998
272.6117697883166,-0.0475
272.6118177890846,-0.0425
272.61186578985263,-0.0425
272.61191379062063,-0.0425
272.61196179138864,-0.044999998
272.61200979215664,-0.04
272.61205779292465,-0.044999998
272.6121057936927,-0.0325
272.6121537944607,-0.0275
272.6122017952287,-0.03
272.6122497959967,-0.0325
272.6122977967647,-0.03
272.6123457975327,-0.024999999
272.61239379830073,-0.022499999
272.6124417990688,-0.0175
272.6124897998368,-0.024999999
272.6125378006048,-0.02
272.6125858013728,-0.022499999
272.6126338021408,-0.0175
272.6126818029088,-0.0175
272.6127298036768,-0.012499999
272.6127778044449,-0.012499999
272.6128258052129,-0.012499999
272.6128738059809,-0.012499999
272.6129218067489,-0.015
272.6129698075169,-0.012499999
272.6130178082849,-0.01
272.61306580905296,-0.012499999
272.61311380982096,-0.012499999
272.61316181058896,-0.012499999
272.61320981135697,-0.012499999
272.61325781212497,-0.022499999
272.613305812893,-0.024999999
272.613353813661,-0.02
272.61340181442904,-0.012499999
272.61344981519704,-0.02
272.61349781596505,-0.024999999
272.61354581673305,-0.024999999
272.61359381750106,-0.0325
272.61364181826906,-0.0275
272.61368981903706,-0.02
272.6137378198051,-0.03
272.6137858205731,-0.035
272.61383382134113,-0.0325
272.61388182210914,-0.03
272.61392982287714,-0.037499998
272.61397782364514,-0.0325
272.61402582441315,-0.0425
272.6140738251812,-0.037499998
272.6141218259492,-0.0475
272.6141698267172,-0.0425
272.6142178274852,-0.04
272.6142658282532,-0.0475
272.6143138290212,-0.0525
272.61436182978923,-0.044999998
272.6144098305573,-0.044999998
272.6144578313253,-0.049999997
272.6145058320933,-0.049999997
272.6145538328613,-0.0475
272.6146018336293,-0.057499997
272.6146498343973,-0.057499997
272.6146978351654,-0.057499997
272.6147458359334,-0.057499997
272.6147938367014,-0.0625
272.6148418374694,-0.06
272.6148898382374,-0.055
272.6149378390054,-0.055
272.6149858397734,-0.057499997
272.61503384054146,-0.065
272.61508184130946,-0.057499997
272.61512984207747,-0.065
272.61517784284547,-0.067499995
272.6152258436135,-0.065
272.6152738443815,-0.067499995
272.6153218451495,-0.0625
272.61536984591754,-0.0625
272.61541784668555,-0.06
272.61546584745355,-0.057499997
272.61551384822155,-0.06
272.61556184898956,-0.06
272.61560984975756,-0.065
272.61565785052557,-0.0625
272.6157058512936,-0.057499997
272.61575385206163,-0.06
272.61580185282963,-0.055
272.61584985359764,-0.0525
272.61589785436564,-0.0625
272.61594585513365,-0.057499997
272.61599385590165,-0.0525
272.6160418566697,-0.049999997
272.6160898574377,-0.049999997
272.6161378582057,-0.0525
272.6161858589737,-0.0425
272.6162338597417,-0.0475
272.61628186050973,-0.057499997
272.6163298612778,-0.0625
272.6163778620458,-0.0625
272.6164258628138,-0.057499997
272.6164738635818,-0.057499997
272.6165218643498,-0.06
272.6165698651178,-0.065
272.6166178658858,-0.067499995
272.6166658666539,-0.0775
272.6167138674219,-0.0725
272.6167618681899,-0.0775
272.6168098689579,-0.0725
272.6168578697259,-0.065
272.6169058704939,-0.07
272.6169538712619,-0.07
272.61700187202996,-0.067499995
272.61704987279796,-0.074999996
272.61709787356597,-0.0775
272.61714587433397,-0.0775
272.617193875102,-0.0725
272.61724187587,-0.0775
272.617289876638,-0.082499996
272.61733787740604,-0.082499996
272.61738587817405,-0.07
272.61743387894205,-0.074999996
272.61748187971006,-0.0725
272.61752988047806,-0.074999996
272.61757788124606,-0.067499995
272.61762588201407,-0.0725
272.6176738827821,-0.07
272.61772188355013,-0.074999996
272.61776988431814,-0.07
272.61781788508614,-0.0475
272.61786588585414,-0.0525
272.61791388662215,-0.0625
272.6179618873902,-0.057499997
272.6180098881582,-0.0475
272.6180578889262,-0.055
272.6181058896942,-0.0475
272.6181538904622,-0.04
272.6182018912302,-0.049999997
272.61824989199823,-0.037499998
272.6182978927663,-0.04
272.6183458935343,-0.0425
272.6183938943023,-0.04
272.6184418950703,-0.0475
272.6184898958383,-0.0525
272.6185378966063,-0.0425
272.6185858973743,-0.0425
272.6186338981424,-0.0525
272.6186818989104,-0.049999997
272.6187298996784,-0.055
272.6187779004464,-0.0475
272.6188259012144,-0.04
272.6188739019824,-0.037499998
272.6189219027504,-0.035
272.61896990351846,-0.0275
272.61901790428647,-0.0325
272.61906590505447,-0.0325
272.6191139058225,-0.03
272.6191619065905,-0.0275
272.6192099073585,-0.024999999
272.6192579081265,-0.03
272.61930590889455,-0.024999999
272.61935390966255,-0.022499999
272.61940191043055,-0.03
272.61944991119856,-0.022499999
272.61949791196656,-0.03
272.61954591273457,-0.024999999
272.6195939135026,-0.02
272.61964191427063,-0.02
272.61968991503863,-0.0175
272.61973791580664,-0.015
272.61978591657464,-0.012499999
272.61983391734265,-0.0075
272.61988191811065,-0.012499999
272.6199299188787,-0.005
272.6199779196467,-0.01
272.6200259204147,-0.0075
272.6200739211827,-0.015
272.6201219219507,-0.0075
272.62016992271873,-0.0075
272.62021792348673,-0.015
272.6202659242548,-0.012499999
272.6203139250228,-0.012499999
272.6203619257908,-0.02
272.6204099265588,-0.0275
272.6204579273268,-0.0275
272.6205059280948,-0.0275
272.6205539288628,-0.037499998
272.6206019296309,-0.0425
272.6206499303989,-0.049999997
272.6206979311669,-0.0425
272.6207459319349,-0.049999997
272.6207939327029,-0.067499995
272.6208419334709,-0.06
272.6208899342389,-0.07
272.62093793500696,-0.0725
272.62098593577497,-0.074999996
272.621033936543,-0.07
272.621081937311,-0.085
272.621129938079,-0.074999996
272.621177938847,-0.074999996
272.62122593961504,-0.0775
272.62127394038305,-0.067499995
272.62132194115105,-0.0725
272.62136994191906,-0.0775
272.62141794268706,-0.0725
272.62146594345506,-0.065
272.62151394422307,-0.065
272.62156194499113,-0.067499995
272.62160994575913,-0.067499995
272.62165794652714,-0.057499997
272.62170594729514,-0.0525
272.62175394806314,-0.049999997
272.62180194883115,-0.06
272.62184994959915,-0.06
272.6218979503672,-0.055
272.6219459511352,-0.0525
272.6219939519032,-0.0475
272.6220419526712,-0.0425
272.62208995343923,-0.0475
272.62213795420723,-0.0475
272.62218595497524,-0.037499998
272.6222339557433,-0.04
272.6222819565113,-0.035
272.6223299572793,-0.0325
272.6223779580473,-0.0275
272.6224259588153,-0.0325
272.6224739595833,-0.024999999
272.6225219603513,-0.0325
272.6225699611194,-0.035
272.6226179618874,-0.04
272.6226659626554,-0.044999998
272.6227139634234,-0.049999997
272.6227619641914,-0.0525
272.6228099649594,-0.044999998
272.62285796572746,-0.055
272.62290596649547,-0.049999997
272.62295396726347,-0.044999998
272.6230019680315,-0.057499997
272.6230499687995,-0.057499997
272.6230979695675,-0.065
272.6231459703355,-0.0725
272.62319397110355,-0.067499995
272.62324197187155,-0.074999996
272.62328997263955,-0.0725
272.62333797340756,-0.08
272.62338597417556,-0.085
272.62343397494357,-0.089999996
272.62348197571157,-0.082499996
272.62352997647963,-0.082499996
272.62357797724763,-0.082499996
272.62362597801564,-0.085
272.62367397878364,-0.089999996
272.62372197955165,-0.0975
272.62376998031965,-0.0925
272.62381798108765,-0.089999996
272.6238659818557,-0.085
272.6239139826237,-0.0875
272.6239619833917,-0.095
272.6240099841597,-0.089999996
272.62405798492773,-0.0925
272.62410598569573,-0.0875
272.62415398646374,-0.089999996
272.6242019872318,-0.085
272.6242499879998,-0.085
272.6242979887678,-0.085
272.6243459895358,-0.08
272.6243939903038,-0.085
272.6244419910718,-0.0775
272.6244899918399,-0.082499996
272.6245379926079,-0.0875
272.6245859933759,-0.08
272.6246339941439,-0.085
272.6246819949119,-0.074999996
272.6247299956799,-0.08
272.6247779964479,-0.0875
272.62482599721596,-0.08
272.62487399798397,-0.089999996
272.624921998752,-0.085
272.62496999952,-0.0975
272.625018000288,-0.099999994
272.625066001056,-0.095
272.625114001824,-0.0925
272.62516200259205,-0.089999996
272.62521000336005,-0.095
272.62525800412806,-0.085
272.62530600489606,-0.0925
272.62535400566406,-0.0975
272.62540200643207,-0.089999996
272.6254500072001,-0.0875
272.62549800796813,-0.089999996
272.62554600873614,-0.095
272.62559400950414,-0.085
272.62564201027214,-0.08
272.62569001104015,-0.085
272.62573801180815,-0.082499996
272.62578601257616,-0.085
272.6258340133442,-0.07
272.6258820141122,-0.082499996
272.6259300148802,-0.0775
272.62597801564823,-0.0725
272.62602601641623,-0.067499995
272.62607401718424,-0.0625
272.6261220179523,-0.06
272.6261700187203,-0.057499997
272.6262180194883,-0.055
272.6262660202563,-0.055
272.6263140210243,-0.044999998
272.6263620217923,-0.044999998
272.6264100225603,-0.0475
272.6264580233284,-0.049999997
272.6265060240964,-0.044999998
272.6265540248644,-0.0425
272.6266020256324,-0.0425
272.6266500264004,-0.0475
272.6266980271684,-0.044999998
272.6267460279364,-0.0325
272.62679402870447,-0.037499998
272.62684202947247,-0.037499998
272.6268900302405,-0.037499998
272.6269380310085,-0.0325
272.6269860317765,-0.03
272.6270340325445,-0.0325
272.6270820333125,-0.037499998
272.62713003408055,-0.04
272.62717803484855,-0.0425
272.62722603561656,-0.0425
272.62727403638456,-0.0425
272.62732203715257,-0.0525
272.62737003792057,-0.0425
272.6274180386886,-0.049999997
272.62746603945664,-0.055
272.62751404022464,-0.0625
272.62756204099264,-0.055
272.62761004176065,-0.0525
272.62765804252865,-0.055
272.62770604329666,-0.057499997
272.6277540440647,-0.0475
272.6278020448327,-0.0525
272.6278500456007,-0.055
272.6278980463687,-0.0525
272.62794604713673,-0.057499997
272.62799404790474,-0.049999997
272.62804204867274,-0.049999997
272.6280900494408,-0.057499997
272.6281380502088,-0.0525
272.6281860509768,-0.065
272.6282340517448,-0.057499997
272.6282820525128,-0.067499995
272.6283300532808,-0.057499997
272.6283780540488,-0.0725
272.6284260548169,-0.057499997
272.6284740555849,-0.06
272.6285220563529,-0.0525
272.6285700571209,-0.0525
272.6286180578889,-0.0525
272.6286660586569,-0.06
272.6287140594249,-0.0525
272.62876206019297,-0.049999997
272.628810060961,-0.0525
272.628858061729,-0.049999997
272.628906062497,-0.0525
272.628954063265,-0.0475
272.629002064033,-0.044999998
272.629050064801,-0.044999998
272.62909806556905,-0.044999998
272.62914606633706,-0.04
272.62919406710506,-0.04
272.62924206787307,-0.0425
272.62929006864107,-0.0425
272.6293380694091,-0.037499998
272.62938607017713,-0.037499998
272.62943407094514,-0.044999998
272.62948207171314,-0.04
272.62953007248115,-0.04
272.62957807324915,-0.0325
272.62962607401715,-0.04
272.62967407478516,-0.04
272.6297220755532,-0.035
272.6297700763212,-0.037499998
272.6298180770892,-0.037499998
272.62986607785723,-0.0325
272.62991407862523,-0.03
272.62996207939324,-0.0275
272.63001008016124,-0.037499998
272.6300580809293,-0.035
272.6301060816973,-0.022499999
272.6301540824653,-0.024999999
272.6302020832333,-0.022499999
272.6302500840013,-0.03
272.6302980847693,-0.0325
272.6303460855373,-0.024999999
272.6303940863054,-0.03
272.6304420870734,-0.0325
272.6304900878414,-0.03
272.6305380886094,-0.0325
272.6305860893774,-0.0325
272.6306340901454,-0.0325
272.6306820909134,-0.04
272.63073009168147,-0.037499998
272.6307780924495,-0.037499998
272.6308260932175,-0.037499998
272.6308740939855,-0.037499998
272.6309220947535,-0.03
272.6309700955215,-0.0325
272.63101809628955,-0.022499999
272.63106609705756,-0.03
272.63111409782556,-0.024999999
272.63116209859356,-0.02
272.63121009936157,-0.024999999
272.63125810012957,-0.0325
272.6313061008976,-0.0325
272.63135410166564,-0.0275
272.63140210243364,-0.0325
272.63145010320164,-0.035
272.63149810396965,-0.024999999
272.63154610473765,-0.024999999
272.63159410550566,-0.0275
272.63164210627366,-0.035
272.6316901070417,-0.03
272.6317381078097,-0.035
272.6317861085777,-0.0325
272.63183410934573,-0.04
272.63188211011374,-0.0275
272.63193011088174,-0.035
272.63197811164974,-0.03
272.6320261124178,-0.0275
272.6320741131858,-0.02
272.6321221139538,-0.035
272.6321701147218,-0.0275
272.6322181154898,-0.0325
272.6322661162578,-0.0325
272.6323141170258,-0.03
272.6323621177939,-0.0275
272.6324101185619,-0.0275
272.6324581193299,-0.0275
272.6325061200979,-0.0275
272.6325541208659,-0.03
272.6326021216339,-0.022499999
272.63265012240197,-0.03
272.63269812317,-0.0275
272.632746123938,-0.03
272.632794124706,-0.035
272.632842125474,-0.04
272.632890126242,-0.04
272.63293812701,-0.0275
272.63298612777805,-0.035
272.63303412854606,-0.0275
272.63308212931406,-0.0275
272.63313013008207,-0.03
272.63317813085007,-0.03
272.6332261316181,-0.024999999
272.6332741323861,-0.022499999
272.63332213315414,-0.024999999
272.63337013392214,-0.015
272.63341813469015,-0.02
272.63346613545815,-0.01
272.63351413622615,-0.0175
272.63356213699416,-0.015
272.63361013776216,-0.012499999
272.6336581385302,-0.01
272.6337061392982,-0.0025
272.63375414006623,0.0025
272.63380214083423,0.0
272.63385014160224,0.0075
272.63389814237024,0.0025
272.63394614313825,0.005
272.6339941439063,0.005
272.6340421446743,0.01
272.6340901454423,0.005
272.6341381462103,0.015
272.6341861469783,0.0
272.6342341477463,0.0025
272.6342821485144,0.0
272.6343301492824,0.005
272.6343781500504,-0.0025
272.6344261508184,0.0
272.6344741515864,-0.01
272.6345221523544,-0.0025
272.6345701531224,0.0
272.6346181538905,0.0
272.6346661546585,-0.0075
272.6347141554265,0.0
272.6347621561945,0.0
272.6348101569625,-0.01
272.6348581577305,-0.0075
272.6349061584985,-0.012499999
272.63495415926656,-0.0175
272.63500216003456,-0.0175
272.63505016080256,-0.0175
272.63509816157057,-0.0275
272.6351461623386,-0.0275
272.6351941631066,-0.035
272.6352421638746,-0.024999999
272.63529016464264,-0.037499998
272.63533816541064,-0.037499998
272.63538616617865,-0.0475
272.63543416694665,-0.057499997
272.63548216771466,-0.0475
272.63553016848266,-0.06
272.63557816925066,-0.0525
272.6356261700187,-0.0525
272.63567417078673,-0.049999997
272.63572217155473,-0.049999997
272.63577017232274,-0.049999997
272.63581817309074,-0.055
272.63586617385874,-0.044999998
272.6359141746268,-0.0525
272.6359621753948,-0.049999997
272.6360101761628,-0.044999998
272.6360581769308,-0.0475
272.6361061776988,-0.037499998
272.6361541784668,-0.04
272.63620217923483,-0.04
272.6362501800029,-0.0325
272.6362981807709,-0.0275
272.6363461815389,-0.0325
272.6363941823069,-0.024999999
272.6364421830749,-0.024999999
272.6364901838429,-0.03
272.6365381846109,-0.022499999
272.636586185379,-0.024999999
272.636634186147,-0.0175
272.636682186915,-0.03
272.636730187683,-0.03
272.636778188451,-0.0275
272.636826189219,-0.0275
272.636874189987,-0.0275
272.63692219075506,-0.03
272.63697019152306,-0.035
272.63701819229107,-0.03
272.63706619305907,-0.0325
272.6371141938271,-0.03
272.6371621945951,-0.03
272.6372101953631,-0.0275
272.63725819613114,-0.035
272.63730619689915,-0.037499998
272.63735419766715,-0.037499998
272.63740219843515,-0.04
272.63745019920316,-0.037499998
272.63749819997116,-0.04
272.6375462007392,-0.0475
272.6375942015072,-0.0425
272.63764220227523,-0.04
272.63769020304323,-0.049999997
272.63773820381124,-0.04
272.63778620457924,-0.044999998
272.63783420534725,-0.0475
272.6378822061153,-0.0525
272.6379302068833,-0.0475
272.6379782076513,-0.049999997
272.6380262084193,-0.0525
272.6380742091873,-0.049999997
272.6381222099553,-0.0525
272.63817021072333,-0.06
272.6382182114914,-0.067499995
272.6382662122594,-0.07
272.6383142130274,-0.067499995
272.6383622137954,-0.057499997
272.6384102145634,-0.065
272.6384582153314,-0.055
272.6385062160994,-0.055
272.6385542168675,-0.0525
272.6386022176355,-0.0475
272.6386502184035,-0.0425
272.6386982191715,-0.037499998
272.6387462199395,-0.037499998
272.6387942207075,-0.0325
272.6388422214755,-0.035
272.63889022224356,-0.0325
272.63893822301156,-0.04
272.63898622377957,-0.0425
272.6390342245476,-0.035
272.6390822253156,-0.0425
272.6391302260836,-0.035
272.63917822685164,-0.024999999
272.63922622761964,-0.03
272.63927422838765,-0.035
272.63932222915565,-0.035
272.63937022992366,-0.0325
272.63941823069166,-0.0325
272.63946623145966,-0.024999999
272.6395142322277,-0.037499998
272.63956223299573,-0.0425
272.63961023376373,-0.049999997
272.63965823453174,-0.0425
272.63970623529974,-0.049999997
272.63975423606774,-0.04
272.63980223683575,-0.044999998
272.6398502376038,-0.055
272.6398982383718,-0.055
272.6399462391398,-0.06
272.6399942399078,-0.067499995
272.6400422406758,-0.0725
272.64009024144383,-0.067499995
272.64013824221183,-0.07
272.6401862429799,-0.067499995
272.6402342437479,-0.074999996
272.6402822445159,-0.07
272.6403302452839,-0.07
272.6403782460519,-0.0775
272.6404262468199,-0.08
272.6404742475879,-0.067499995
272.640522248356,-0.0725
272.640570249124,-0.067499995
272.640618249892,-0.0725
272.64066625066,-0.065
272.640714251428,-0.06
272.640762252196,-0.0625
272.64081025296406,-0.0625
272.64085825373206,-0.06
272.64090625450007,-0.057499997
272.64095425526807,-0.057499997
272.6410022560361,-0.0525
272.6410502568041,-0.07
272.6410982575721,-0.057499997
272.64114625834014,-0.06
272.64119425910815,-0.07
272.64124225987615,-0.067499995
272.64129026064415,-0.067499995
272.64133826141216,-0.0725
272.64138626218016,-0.0725
272.64143426294817,-0.065
272.6414822637162,-0.07
272.64153026448423,-0.074999996
272.64157826525224,-0.065
272.64162626602024,-0.07
272.64167426678824,-0.067499995
272.64172226755625,-0.065
272.64177026832425,-0.067499995
272.6418182690923,-0.067499995
272.6418662698603,-0.06
272.6419142706283,-0.0625
272.6419622713963,-0.0625
272.6420102721643,-0.0525
272.64205827293233,-0.057499997
272.64210627370034,-0.0425
272.6421542744684,-0.049999997
272.6422022752364,-0.044999998
272.6422502760044,-0.0425
272.6422982767724,-0.044999998
272.6423462775404,-0.049999997
272.6423942783084,-0.0525
272.6424422790765,-0.0525
272.6424902798445,-0.0475
272.6425382806125,-0.044999998
272.6425862813805,-0.055
272.6426342821485,-0.0525
272.6426822829165,-0.057499997
272.6427302836845,-0.0475
272.64277828445256,-0.049999997
272.64282628522056,-0.0525
272.64287428598857,-0.049999997
272.6429222867566,-0.06
272.6429702875246,-0.07
272.6430182882926,-0.055
272.6430662890606,-0.0625
272.64311428982865,-0.07
272.64316229059665,-0.067499995
272.64321029136465,-0.065
272.64325829213266,-0.074999996
272.64330629290066,-0.0725
272.64335429366866,-0.08
272.64340229443667,-0.07
272.64345029520473,-0.067499995
272.64349829597273,-0.0725
272.64354629674074,-0.07
272.64359429750874,-0.07
272.64364229827675,-0.065
272.64369029904475,-0.067499995
272.64373829981275,-0.07
272.6437863005808,-0.057499997
272.6438343013488,-0.07
272.6438823021168,-0.065
272.6439303028848,-0.0625
272.64397830365283,-0.06
272.64402630442083,-0.049999997
272.6440743051889,-0.055
272.6441223059569,-0.0525
272.6441703067249,-0.055
272.6442183074929,-0.049999997
272.6442663082609,-0.0525
272.6443143090289,-0.049999997
272.6443623097969,-0.044999998
272.644410310565,-0.035
272.644458311333,-0.0425
272.644506312101,-0.04
272.644554312869,-0.0525
272.644602313637,-0.035
272.644650314405,-0.0425
272.644698315173,-0.04
272.64474631594106,-0.044999998
272.64479431670907,-0.035
272.64484231747707,-0.035
272.6448903182451,-0.049999997
272.6449383190131,-0.035
272.6449863197811,-0.0325
272.6450343205491,-0.035
272.64508232131715,-0.0325
272.64513032208515,-0.022499999
272.64517832285316,-0.022499999
272.64522632362116,-0.022499999
272.64527432438916,-0.015
272.64532232515717,-0.02
272.64537032592517,-0.0175
272.64541832669323,-0.02
272.64546632746124,-0.022499999
272.64551432822924,-0.024999999
272.64556232899724,-0.0275
272.64561032976525,-0.022499999
272.64565833053325,-0.024999999
272.6457063313013,-0.0325
272.6457543320693,-0.0275
272.6458023328373,-0.037499998
272.6458503336053,-0.04
272.6458983343733,-0.0425
272.64594633514133,-0.044999998
272.64599433590934,-0.049999997
272.6460423366774,-0.0525
272.6460903374454,-0.06
272.6461383382134,-0.0625
272.6461863389814,-0.07
272.6462343397494,-0.0625
272.6462823405174,-0.065
272.6463303412854,-0.082499996
272.6463783420535,-0.085
272.6464263428215,-0.085
272.6464743435895,-0.085
272.6465223443575,-0.0875
272.6465703451255,-0.0725
272.6466183458935,-0.08
272.6466663466615,-0.082499996
272.64671434742957,-0.0875
272.64676234819757,-0.089999996
272.6468103489656,-0.085
272.6468583497336,-0.0775
272.6469063505016,-0.085
272.6469543512696,-0.085
272.6470023520376,-0.08
272.64705035280565,-0.067499995
272.64709835357365,-0.067499995
272.64714635434166,-0.067499995
272.64719435510966,-0.067499995
272.64724235587767,-0.055
272.64729035664567,-0.06
272.64733835741373,-0.057499997
272.64738635818173,-0.0525
272.64743435894974,-0.0475
272.64748235971774,-0.0525
272.64753036048575,-0.0475
272.64757836125375,-0.049999997
272.64762636202175,-0.0425
272.6476743627898,-0.0425
272.6477223635578,-0.044999998
272.6477703643258,-0.044999998
272.6478183650938,-0.04
272.64786636586183,-0.0425
272.64791436662983,-0.0525
272.64796236739784,-0.0475
272.6480103681659,-0.0475
272.6480583689339,-0.0425
272.6481063697019,-0.04
272.6481543704699,-0.0325
272.6482023712379,-0.035
272.6482503720059,-0.037499998
272.6482983727739,-0.0425
272.648346373542,-0.044999998
272.64839437431,-0.035
272.648442375078,-0.0475
272.648490375846,-0.057499997
272.648538376614,-0.057499997
272.648586377382,-0.06
272.64863437815,-0.055
272.64868237891807,-0.0625
272.64873037968607,-0.06
272.6487783804541,-0.055
272.6488263812221,-0.0625
272.6488743819901,-0.0625
272.6489223827581,-0.0625
272.64897038352615,-0.07
272.64901838429415,-0.089999996
272.64906638506216,-0.0725
272.64911438583016,-0.082499996
272.64916238659816,-0.082499996
272.64921038736617,-0.082499996
272.6492583881342,-0.089999996
272.64930638890223,-0.095
272.64935438967024,-0.095
272.64940239043824,-0.105
272.64945039120624,-0.0975
272.64949839197425,-0.1025
272.64954639274225,-0.0975
272.64959439351026,-0.1025
272.6496423942783,-0.095
272.6496903950463,-0.095
272.6497383958143,-0.1025
272.64978639658233,-0.107499994
272.64983439735033,-0.1025
272.64988239811834,-0.105
272.64993039888634,-0.0925
272.6499783996544,-0.082499996
272.6500264004224,-0.0875
272.6500744011904,-0.08
272.6501224019584,-0.067499995
272.6501704027264,-0.0775
272.6502184034944,-0.0725
272.6502664042624,-0.049999997
272.6503144050305,-0.049999997
272.6503624057985,-0.06
272.6504104065665,-0.07
272.6504584073345,-0.065
272.6505064081025,-0.0525
272.6505544088705,-0.044999998
272.6506024096385,-0.057499997
272.65065041040657,-0.067499995
272.6506984111746,-0.055
272.6507464119426,-0.074999996
272.6507944127106,-0.067499995
272.6508424134786,-0.0775
272.6508904142466,-0.082499996
272.65093841501465,-0.0775
272.65098641578265,-0.08
272.65103441655066,-0.0725
272.65108241731866,-0.082499996
272.65113041808667,-0.08
272.65117841885467,-0.0775
272.6512264196227,-0.07
272.65127442039073,-0.082499996
272.65132242115874,-0.07
272.65137042192674,-0.065
272.65141842269475,-0.065
272.65146642346275,-0.0775
272.65151442423075,-0.067499995
272.65156242499876,-0.067499995
272.6516104257668,-0.0725
272.6516584265348,-0.07
272.6517064273028,-0.0725
272.65175442807083,-0.0775
272.65180242883883,-0.07
272.65185042960684,-0.065
272.65189843037484,-0.067499995
272.6519464311429,-0.0625
272.6519944319109,-0.074999996
272.6520424326789,-0.07
272.6520904334469,-0.067499995
272.6521384342149,-0.07
272.6521864349829,-0.0625
272.6522344357509,-0.06
272.652282436519,-0.055
272.652330437287,-0.0525
272.652378438055,-0.057499997
272.652426438823,-0.044999998
272.652474439591,-0.044999998
272.652522440359,-0.037499998
272.65257044112707,-0.04
272.6526184418951,-0.035
272.6526664426631,-0.04
272.6527144434311,-0.0425
272.6527624441991,-0.037499998
272.6528104449671,-0.0325
272.6528584457351,-0.03
272.65290644650315,-0.037499998
272.65295444727116,-0.04
272.65300244803916,-0.0325
272.65305044880716,-0.024999999
272.65309844957517,-0.024999999
272.6531464503432,-0.022499999
272.6531944511112,-0.022499999
272.65324245187924,-0.015
272.65329045264724,-0.022499999
272.65333845341524,-0.015
272.65338645418325,-0.005
272.65343445495125,-0.01
272.65348245571926,-0.0075
272.65353045648726,0.0025
272.6535784572553,0.0
272.6536264580233,-0.0025
272.65367445879133,0.01
272.65372245955933,0.0075
272.65377046032734,0.005
272.65381846109534,0.01
272.65386646186334,0.0
272.6539144626314,0.005
272.6539624633994,0.0075
272.6540104641674,0.012499999
272.6540584649354,0.005
272.6541064657034,0.0075
272.6541544664714,0.01
272.6542024672395,0.0075
272.6542504680075,-0.0075
272.6542984687755,-0.01
272.6543464695435,-0.005
272.6543944703115,-0.02
272.6544424710795,-0.02
272.6544904718475,-0.022499999
272.65453847261557,-0.024999999
272.6545864733836,-0.0325
272.6546344741516,-0.0325
272.6546824749196,-0.035
272.6547304756876,-0.0425
272.6547784764556,-0.0475
272.6548264772236,-0.0475
272.65487447799165,-0.06
272.65492247875966,-0.06
272.65497047952766,-0.055
272.65501848029567,-0.0775
272.65506648106367,-0.067499995
272.6551144818317,-0.074999996
272.6551624825997,-0.08
272.65521048336774,-0.065
272.65525848413574,-0.0775
272.65530648490375,-0.0725
272.65535448567175,-0.065
272.65540248643975,-0.08
272.65545048720776,-0.0775
272.65549848797576,-0.074999996
272.6555464887438,-0.095
272.6555944895118,-0.08
272.65564249027983,-0.0875
272.65569049104784,-0.082499996
272.65573849181584,-0.0725
272.65578649258384,-0.0725
272.6558344933519,-0.0775
272.6558824941199,-0.0875
272.6559304948879,-0.082499996
272.6559784956559,-0.067499995
272.6560264964239,-0.0725
272.6560744971919,-0.0775
272.6561224979599,-0.0775
272.656170498728,-0.089999996
272.656218499496,-0.08
272.656266500264,-0.074999996
272.656314501032,-0.0725
272.6563625018,-0.07
272.656410502568,-0.0625
272.656458503336,-0.057499997
272.6565065041041,-0.0525
272.6565545048721,-0.0475
272.6566025056401,-0.0425
272.6566505064081,-0.03
272.6566985071761,-0.03
272.6567465079441,-0.04
272.6567945087121,-0.012499999
272.65684250948016,-0.0075
272.65689051024816,-0.0075
272.65693851101616,-0.012499999
272.65698651178417,-0.0075
272.6570345125522,-0.01
272.6570825133202,0.0
272.6571305140882,-0.01
272.65717851485624,-0.01
272.65722651562425,-0.0075
272.65727451639225,-0.0175
272.65732251716025,-0.0175
272.65737051792826,-0.02
272.65741851869626,-0.015
272.6574665194643,-0.02
272.6575145202323,-0.022499999
272.65756252100033,-0.035
272.65761052176833,-0.0275
272.65765852253634,-0.04
272.65770652330434,-0.03
272.65775452407235,-0.035
272.6578025248404,-0.0325
272.6578505256084,-0.03
272.6578985263764,-0.0325
272.6579465271444,-0.035
272.6579945279124,-0.035
272.6580425286804,-0.03
272.65809052944843,-0.0325
272.6581385302165,-0.037499998
272.6581865309845,-0.0425
272.6582345317525,-0.04
272.6582825325205,-0.04
272.6583305332885,-0.0425
272.6583785340565,-0.0425
272.6584265348245,-0.0475
272.6584745355926,-0.037499998
272.6585225363606,-0.0425
272.6585705371286,-0.0475
272.6586185378966,-0.06
272.6586665386646,-0.057499997
272.6587145394326,-0.065
272.6587625402006,-0.0775
272.65881054096866,-0.0775
272.65885854173666,-0.07
272.65890654250467,-0.08
272.65895454327267,-0.067499995
272.6590025440407,-0.0875
272.6590505448087,-0.0875
272.65909854557674,-0.082499996
272.65914654634474,-0.074999996
272.65919454711275,-0.089999996
272.65924254788075,-0.0925
272.65929054864876,-0.0975
272.65933854941676,-0.099999994
272.65938655018476,-0.105
272.6594345509528,-0.105
272.6594825517208,-0.095
272.65953055248883,-0.099999994
272.65957855325684,-0.099999994
272.65962655402484,-0.105
272.65967455479284,-0.099999994
272.65972255556085,-0.0975
272.6597705563289,-0.105
272.6598185570969,-0.0925
272.6598665578649,-0.0975
272.6599145586329,-0.105
272.6599625594009,-0.095
272.6600105601689,-0.0975
272.66005856093693,-0.105
272.660106561705,-0.1025
272.660154562473,-0.105
272.660202563241,-0.105
272.660250564009,-0.095
272.660298564777,-0.1025
272.660346565545,-0.095
272.660394566313,-0.0875
272.6604425670811,-0.0975
272.6604905678491,-0.0975
272.6605385686171,-0.095
272.6605865693851,-0.105
272.6606345701531,-0.095
272.6606825709211,-0.095
272.66073057168916,-0.0875
272.66077857245716,-0.082499996
272.66082657322517,-0.085
272.66087457399317,-0.0875
272.6609225747612,-0.085
272.6609705755292,-0.082499996
272.6610185762972,-0.057499997
272.66106657706524,-0.057499997
272.66111457783325,-0.055
272.66116257860125,-0.057499997
272.66121057936925,-0.049999997
272.66125858013726,-0.04
272.66130658090526,-0.037499998
272.66135458167327,-0.0475
272.6614025824413,-0.044999998
272.66145058320933,-0.03
272.66149858397733,-0.044999998
272.66154658474534,-0.044999998
272.66159458551334,-0.0525
272.66164258628135,-0.037499998
272.66169058704935,-0.055
272.6617385878174,-0.0475
272.6617865885854,-0.044999998
272.6618345893534,-0.044999998
272.6618825901214,-0.044999998
272.6619305908894,-0.049999997
272.66197859165743,-0.049999997
272.66202659242543,-0.065
272.6620745931935,-0.055
272.6621225939615,-0.067499995
272.6621705947295,-0.057499997
272.6622185954975,-0.06
272.6622665962655,-0.0625
272.6623145970335,-0.06
272.6623625978016,-0.06
272.6624105985696,-0.06
272.6624585993376,-0.055
272.6625066001056,-0.0425
272.6625546008736,-0.049999997
272.6626026016416,-0.0425
272.6626506024096,-0.0475
272.66269860317766,-0.035
272.66274660394566,-0.035
272.66279460471367,-0.0325
272.66284260548167,-0.0325
272.6628906062497,-0.0325
272.6629386070177,-0.0325
272.6629866077857,-0.03
272.66303460855374,-0.022499999
272.66308260932175,-0.012499999
272.66313061008975,-0.0175
272.66317861085776,-0.0175
272.66322661162576,-0.015
272.66327461239376,-0.022499999
272.66332261316177,-0.012499999
272.6633706139298,-0.0175
272.66341861469783,-0.02
272.66346661546584,-0.0175
272.66351461623384,-0.0325
272.66356261700184,-0.044999998
272.66361061776985,-0.0325
272.66365861853785,-0.037499998
272.6637066193059,-0.049999997
272.6637546200739,-0.044999998
272.6638026208419,-0.0425
272.6638506216099,-0.0425
272.6638986223779,-0.037499998
272.66394662314593,-0.0425
272.663994623914,-0.037499998
272.664042624682,-0.04
272.66409062545,-0.024999999
272.664138626218,-0.02
272.664186626986,-0.0175
272.664234627754,-0.0025
272.664282628522,0.01
272.6643306292901,0.02
272.6643786300581,0.024999999
272.6644266308261,0.03
272.6644746315941,0.0325
272.6645226323621,0.035
272.6645706331301,0.044999998
272.6646186338981,0.04
272.66466663466616,0.035
272.66471463543417,0.04
272.66476263620217,0.037499998
272.6648106369702,0.0325
272.6648586377382,0.02
272.6649066385062,0.03
272.6649546392742,0.024999999
272.66500264004225,0.022499999
272.66505064081025,0.02
272.66509864157825,0.0275
272.66514664234626,0.015
272.66519464311426,0.022499999
272.66524264388227,0.015
272.66529064465027,0.022499999
272.66533864541833,0.03
272.66538664618633,0.0275
272.66543464695434,0.0425
272.66548264772234,0.035
272.66553064849035,0.037499998
272.66557864925835,0.037499998
272.6656266500264,0.0425
272.6656746507944,0.044999998
272.6657226515624,0.044999998
272.6657706523304,0.0525
272.6658186530984,0.04
272.66586665386643,0.044999998
272.66591465463443,0.06
272.6659626554025,0.049999997
272.6660106561705,0.0475
272.6660586569385,0.049999997
272.6661066577065,0.057499997
272.6661546584745,0.0525
272.6662026592425,0.049999997
272.6662506600105,0.04
272.6662986607786,0.0475
272.6663466615466,0.049999997
272.6663946623146,0.049999997
272.6664426630826,0.049999997
272.6664906638506,0.049999997
272.6665386646186,0.0475
272.6665866653866,0.0525
272.66663466615466,0.044999998
272.66668266692267,0.0525
272.6667306676907,0.049999997
272.6667786684587,0.044999998
272.6668266692267,0.037499998
272.6668746699947,0.0475
272.6669226707627,0.0525
272.66697067153075,0.049999997
272.66701867229875,0.0525
272.66706667306676,0.0475
272.66711467383476,0.0475
272.66716267460276,0.049999997
272.66721067537077,0.049999997
272.66725867613883,0.055
272.66730667690683,0.0525
272.66735467767484,0.0525
272.66740267844284,0.055
272.66745067921084,0.049999997
272.66749867997885,0.0525
272.66754668074685,0.044999998
272.6675946815149,0.0475
272.6676426822829,0.049999997
272.6676906830509,0.0525
272.6677386838189,0.055
272.66778668458693,0.055
272.66783468535493,0.0525
272.66788268612294,0.0525
272.667930686891,0.049999997
272.667978687659,0.0625
272.668026688427,0.0475
272.668074689195,0.057499997
272.668122689963,0.057499997
272.668170690731,0.065
272.668218691499,0.067499995
272.6682666922671,0.057499997
272.6683146930351,0.057499997
272.6683626938031,0.065
272.6684106945711,0.0525
272.6684586953391,0.0475
272.6685066961071,0.049999997
272.6685546968751,0.0475
272.66860269764317,0.04
272.66865069841117,0.0425
272.6686986991792,0.04
272.6687466999472,0.024999999
272.6687947007152,0.0325
272.6688427014832,0.022499999
272.66889070225125,0.0175
272.66893870301925,0.0175
272.66898670378725,0.022499999
272.66903470455526,0.01
272.66908270532326,0.012499999
272.66913070609127,0.005
272.66917870685927,0.0
272.66922670762733,0.0025
272.66927470839533,0.0
272.66932270916334,0.0025
272.66937070993134,-0.0025
272.66941871069935,-0.012499999
272.66946671146735,-0.01
272.66951471223535,-0.02
272.6695627130034,-0.015
272.6696107137714,-0.015
272.6696587145394,-0.015
272.6697067153074,-0.0175
272.66975471607543,-0.0175
272.66980271684344,-0.005
272.66985071761144,-0.012499999
272.6698987183795,-0.015
272.6699467191475,-0.0025
272.6699947199155,0.0
272.6700427206835,0.0075
272.6700907214515,0.022499999
272.6701387222195,0.02
272.6701867229875,0.02
272.6702347237556,0.024999999
272.6702827245236,0.03
272.6703307252916,0.0275
272.6703787260596,0.0325
272.6704267268276,0.0325
272.6704747275956,0.035
272.67052272836366,0.035
272.67057072913167,0.035
272.6706187298997,0.0425
272.6706667306677,0.0325
272.6707147314357,0.0325
272.6707627322037,0.024999999
272.6708107329717,0.03
272.67085873373975,0.03
272.67090673450775,0.04
272.67095473527576,0.0425
272.67100273604376,0.037499998
272.67105073681176,0.057499997
272.67109873757977,0.035
272.6711467383478,0.057499997
272.67119473911583,0.0525
272.67124273988384,0.044999998
272.67129074065184,0.065
272.67133874141985,0.0725
272.67138674218785,0.065
272.67143474295585,0.0725
272.67148274372386,0.067499995
272.6715307444919,0.06
272.6715787452599,0.067499995
272.6716267460279,0.065
272.67167474679593,0.067499995
272.67172274756393,0.065
272.67177074833194,0.0725
272.67181874909994,0.07
272.671866749868,0.07
272.671914750636,0.074999996
272.671962751404,0.07
272.672010752172,0.065
272.67205875294,0.067499995
272.672106753708,0.057499997
272.6721547544761,0.057499997
272.6722027552441,0.057499997
272.6722507560121,0.0625
272.6722987567801,0.057499997
272.6723467575481,0.055
272.6723947583161,0.06
272.6724427590841,0.049999997
272.67249075985217,0.0475
272.67253876062017,0.055
272.6725867613882,0.04
272.6726347621562,0.037499998
272.6726827629242,0.0325
272.6727307636922,0.0275
272.6727787644602,0.0325
272.67282676522825,0.0325
272.67287476599626,0.03
272.67292276676426,0.03
272.67297076753226,0.03
272.67301876830027,0.024999999
272.67306676906827,0.0275
272.6731147698363,0.03
272.67316277060434,0.035
272.67321077137234,0.035
272.67325877214034,0.035
272.67330677290835,0.03
272.67335477367635,0.0325
272.67340277444436,0.0425
272.67345077521236,0.0325
272.6734987759804,0.0325
272.6735467767484,0.03
272.6735947775164,0.03
272.67364277828443,0.024999999
272.67369077905244,0.0275
272.67373877982044,0.0275
272.6737867805885,0.024999999
272.6738347813565,0.03
272.6738827821245,0.015
272.6739307828925,0.024999999
272.6739787836605,0.0175
272.6740267844285,0.0275
272.6740747851965,0.02
272.6741227859646,0.022499999
272.6741707867326,0.035
272.6742187875006,0.035
272.6742667882686,0.022499999
272.6743147890366,0.035
272.6743627898046,0.0325
272.6744107905726,0.0325
272.67445879134067,0.044999998
272.6745067921087,0.04
272.6745547928767,0.0425
272.6746027936447,0.04
272.6746507944127,0.0525
272.6746987951807,0.037499998
272.6747467959487,0.0275
272.67479479671675,0.0175
272.67484279748476,0.024999999
272.67489079825276,0.0275
272.67493879902077,0.022499999
272.67498679978877,0.02
272.6750348005568,0.0275
272.6750828013248,0.0325
272.67513080209284,0.0275
272.67517880286084,0.0325
272.67522680362885,0.03
272.67527480439685,0.02
272.67532280516485,0.0175
272.67537080593286,0.015
272.6754188067009,0.022499999
272.6754668074689,0.024999999
272.6755148082369,0.022499999
272.67556280900493,0.0275
272.67561080977293,0.03
272.67565881054094,0.0325
272.67570681130894,0.022499999
272.675754812077,0.0175
272.675802812845,0.022499999
272.675850813613,0.0275
272.675898814381,0.022499999
272.675946815149,0.024999999
272.675994815917,0.0325
272.676042816685,0.0175
272.6760908174531,0.03
272.6761388182211,0.0325
272.6761868189891,0.0325
272.6762348197571,0.03
272.6762828205251,0.037499998
272.6763308212931,0.03
272.6763788220611,0.015
272.67642682282917,0.03
272.6764748235972,0.0275
272.6765228243652,0.022499999
272.6765708251332,0.022499999
272.6766188259012,0.022499999
272.6766668266692,0.022499999
272.6767148274372,0.0275
272.67676282820526,0.02
272.67681082897326,0.022499999
272.67685882974126,0.0275
272.67690683050927,0.02
272.67695483127727,0.0175
272.6770028320453,0.005
272.67705083281334,0.015
272.67709883358134,0.01
272.67714683434934,0.005
272.67719483511735,0.005
272.67724283588535,0.015
272.67729083665336,0.012499999
272.67733883742136,0.01
272.6773868381894,0.0175
272.6774348389574,0.012499999
272.6774828397254,0.012499999
272.67753084049343,0.0175
272.67757884126144,0.0275
272.67762684202944,0.037499998
272.67767484279744,0.0325
272.6777228435655,0.035
272.6777708443335,0.044999998
272.6778188451015,0.044999998
272.6778668458695,0.0525
272.6779148466375,0.0475
272.6779628474055,0.0475
272.6780108481735,0.0475
272.6780588489416,0.035
272.6781068497096,0.04
272.6781548504776,0.04
272.6782028512456,0.0425
272.6782508520136,0.049999997
272.6782988527816,0.0425
272.6783468535496,0.0425
272.6783948543177,0.04
272.6784428550857,0.044999998
272.6784908558537,0.0425
272.6785388566217,0.0425
272.6785868573897,0.044999998
272.6786348581577,0.03
272.67868285892575,0.04
272.67873085969376,0.037499998
272.67877886046176,0.035
272.67882686122977,0.0325
272.67887486199777,0.03
272.6789228627658,0.037499998
272.6789708635338,0.044999998
272.67901886430184,0.04
272.67906686506984,0.0425
272.67911486583785,0.044999998
272.67916286660585,0.049999997
272.67921086737385,0.035
272.67925886814186,0.04
272.67930686890986,0.0475
272.6793548696779,0.04
272.6794028704459,0.044999998
272.67945087121393,0.044999998
272.67949887198193,0.044999998
272.67954687274994,0.044999998
272.67959487351794,0.04
272.67964287428595,0.04
272.679690875054,0.0475
272.679738875822,0.0475
272.67978687659,0.049999997
272.679834877358,0.0425
272.679882878126,0.037499998
272.679930878894,0.044999998
272.67997887966203,0.057499997
272.6800268804301,0.044999998
272.6800748811981,0.044999998
272.6801228819661,0.0475
272.6801708827341,0.0475
272.6802188835021,0.0475
272.6802668842701,0.049999997
272.6803148850382,0.055
272.6803628858062,0.049999997
272.6804108865742,0.049999997
272.6804588873422,0.049999997
272.6805068881102,0.044999998
272.6805548888782,0.0425
272.6806028896462,0.0475
272.68065089041426,0.04
272.68069889118226,0.04
272.68074689195026,0.0325
272.68079489271827,0.035
272.6808428934863,0.0325
272.6808908942543,0.024999999
272.6809388950223,0.015
272.68098689579034,0.0275
272.68103489655834,0.02
272.68108289732635,0.015
272.68113089809435,0.0175
272.68117889886236,0.015
272.68122689963036,0.012499999
272.68127490039836,0.0175
272.6813229011664,0.02
272.68137090193443,0.012499999
272.68141890270243,0.0175
272.68146690347044,0.015
272.68151490423844,0.005
272.68156290500644,0.015
272.68161090577445,0.024999999
272.6816589065425,0.022499999
272.6817069073105,0.024999999
272.6817549080785,0.02
272.6818029088465,0.022499999
272.6818509096145,0.035
272.68189891038253,0.03
272.6819469111506,0.037499998
272.6819949119186,0.037499998
272.6820429126866,0.0425
272.6820909134546,0.0425
272.6821389142226,0.044999998
272.6821869149906,0.057499997
272.6822349157586,0.0425
272.6822829165267,0.0525
272.6823309172947,0.0475
272.6823789180627,0.0475
272.6824269188307,0.049999997
272.6824749195987,0.049999997
272.6825229203667,0.0525
272.6825709211347,0.065
272.68261892190276,0.055
272.68266692267076,0.0525
272.68271492343877,0.057499997
272.68276292420677,0.0625
272.6828109249748,0.057499997
272.6828589257428,0.055
272.6829069265108,0.057499997
272.68295492727884,0.06
272.68300292804685,0.06
272.68305092881485,0.055
272.68309892958285,0.055
272.68314693035086,0.06
272.68319493111886,0.057499997
272.68324293188687,0.06
272.6832909326549,0.057499997
272.68333893342293,0.06
272.68338693419093,0.06
272.68343493495894,0.0525
272.68348293572694,0.0425
272.68353093649495,0.0425
272.683578937263,0.04
272.683626938031,0.035
272.683674938799,0.035
272.683722939567,0.03
272.683770940335,0.022499999
272.683818941103,0.0175
272.68386694187103,0.0025
272.6839149426391,0.005
272.6839629434071,0.0
272.6840109441751,-0.0075
272.6840589449431,-0.012499999
272.6841069457111,-0.0175
272.6841549464791,-0.015
272.6842029472471,-0.005
272.6842509480152,-0.015
272.6842989487832,-0.035
272.6843469495512,-0.035
272.6843949503192,-0.04
272.6844429510872,-0.057499997
272.6844909518552,-0.067499995
272.6845389526232,-0.0725
272.68458695339126,-0.074999996
272.68463495415926,-0.0775
272.68468295492727,-0.085
272.6847309556953,-0.085
272.6847789564633,-0.0925
272.6848269572313,-0.0875
272.6848749579993,-0.095
272.68492295876734,-0.0925
272.68497095953535,-0.0975
272.68501896030335,-0.0975
272.68506696107136,-0.0925
272.68511496183936,-0.082499996
272.68516296260736,-0.089999996
272.6852109633754,-0.0775
272.68525896414343,-0.07
272.68530696491143,-0.07
272.68535496567944,-0.067499995
272.68540296644744,-0.0625
272.68545096721544,-0.067499995
272.68549896798345,-0.06
272.6855469687515,-0.06
272.6855949695195,-0.057499997
272.6856429702875,-0.0525
272.6856909710555,-0.055
272.6857389718235,-0.044999998
272.68578697259153,-0.0475
272.68583497335953,-0.0525
272.6858829741276,-0.037499998
272.6859309748956,-0.044999998
272.6859789756636,-0.057499997
272.6860269764316,-0.0475
272.6860749771996,-0.055
272.6861229779676,-0.0525
272.6861709787356,-0.044999998
272.6862189795037,-0.055
272.6862669802717,-0.0475
272.6863149810397,-0.04
272.6863629818077,-0.035
272.6864109825757,-0.04
272.6864589833437,-0.035
272.6865069841117,-0.0325
272.68655498487976,-0.035
272.68660298564777,-0.0275
272.68665098641577,-0.0325
272.6866989871838,-0.0425
272.6867469879518,-0.0425
272.6867949887198,-0.049999997
272.68684298948784,-0.044999998
272.68689099025585,-0.049999997
272.68693899102385,-0.0475
272.68698699179185,-0.049999997
272.68703499255986,-0.06
272.68708299332786,-0.0475
272.68713099409587,-0.0525
272.6871789948639,-0.044999998
272.68722699563193,-0.0525
272.68727499639994,-0.04
272.68732299716794,-0.0325
272.68737099793594,-0.03
272.68741899870395,-0.0175
272.68746699947195,-0.015
272.68751500024,-0.015
272.687563001008,0.0
272.687611001776,-0.0025
272.687659002544,-0.0025
272.687707003312,0.0075
272.68775500408003,0.02
272.68780300484804,0.0175
272.6878510056161,0.024999999
272.6878990063841,0.035
272.6879470071521,0.037499998
272.6879950079201,0.0475
272.6880430086881,0.044999998
272.6880910094561,0.049999997
272.6881390102241,0.049999997
272.6881870109922,0.049999997
272.6882350117602,0.055
272.6882830125282,0.049999997
272.6883310132962,0.0525
272.6883790140642,0.049999997
272.6884270148322,0.0475
272.68847501560026,0.0475
272.68852301636826,0.049999997
272.68857101713627,0.044999998
272.6886190179043,0.049999997
272.6886670186723,0.0525
272.6887150194403,0.06
272.6887630202083,0.055
272.68881102097635,0.065
272.68885902174435,0.0625
272.68890702251235,0.067499995
272.68895502328036,0.0525
272.68900302404836,0.049999997
272.68905102481637,0.044999998
272.68909902558437,0.04
272.68914702635243,0.0425
272.68919502712043,0.035
272.68924302788844,0.044999998
272.68929102865644,0.035
272.68933902942445,0.037499998
272.68938703019245,0.04
272.68943503096045,0.024999999
272.6894830317285,0.04
272.6895310324965,0.0325
272.6895790332645,0.035
272.6896270340325,0.04
272.68967503480053,0.03
272.68972303556853,0.037499998
272.68977103633654,0.035
272.6898190371046,0.035
272.6898670378726,0.03
272.6899150386406,0.022499999
272.6899630394086,0.015
272.6900110401766,0.02
272.6900590409446,0.01
272.6901070417127,0.01
272.6901550424807,0.005
272.6902030432487,-0.0025
272.6902510440167,-0.0025
272.6902990447847,-0.005
272.6903470455527,-0.0175
272.6903950463207,-0.0175
272.69044304708876,-0.015
272.69049104785677,-0.0075
272.69053904862477,-0.01
272.6905870493928,-0.02
272.6906350501608,-0.022499999
272.6906830509288,-0.0175
272.6907310516968,-0.012499999
272.69077905246485,-0.01
272.69082705323285,-0.012499999
272.69087505400086,-0.012499999
272.69092305476886,-0.015
272.69097105553686,-0.0075
272.69101905630487,-0.005
272.69106705707287,-0.0075
272.69111505784093,0.0
272.69116305860894,0.0025
272.69121105937694,-0.0025
272.69125906014494,0.0075
272.69130706091295,0.02
272.69135506168095,0.0175
272.69140306244896,0.015
272.691451063217,0.015
272.691499063985,0.0175
272.691547064753,0.02
272.691595065521,0.0175
272.69164306628903,0.022499999
272.69169106705704,0.04
272.6917390678251,0.03
272.6917870685931,0.0325
272.6918350693611,0.03
272.6918830701291,0.037499998
272.6919310708971,0.035
272.6919790716651,0.037499998
272.6920270724331,0.0425
272.6920750732012,0.0475
272.6921230739692,0.044999998
272.6921710747372,0.044999998
272.6922190755052,0.0525
272.6922670762732,0.057499997
272.6923150770412,0.0625
272.6923630778092,0.06
272.69241107857727,0.06
272.69245907934527,0.057499997
272.6925070801133,0.067499995
272.6925550808813,0.065
272.6926030816493,0.055
272.6926510824173,0.0625
272.6926990831853,0.067499995
272.69274708395335,0.07
272.69279508472135,0.067499995
272.69284308548936,0.0725
272.69289108625736,0.0775
272.69293908702537,0.0875
272.69298708779337,0.089999996
272.6930350885614,0.082499996
272.69308308932943,0.089999996
272.69313109009744,0.0925
272.69317909086544,0.095
272.69322709163345,0.1125
272.69327509240145,0.114999995
272.69332309316945,0.105
272.6933710939375,0.107499994
272.6934190947055,0.107499994
272.6934670954735,0.1025
272.6935150962415,0.11
272.69356309700953,0.114999995
272.69361109777753,0.12
272.69365909854554,0.1275
272.6937070993136,0.12
272.6937551000816,0.1275
272.6938031008496,0.1125
272.6938511016176,0.1125
272.6938991023856,0.1275
272.6939471031536,0.1175
272.6939951039216,0.125
272.6940431046897,0.12
272.6940911054577,0.13
272.6941391062257,0.125
272.6941871069937,0.1175
272.6942351077617,0.13
272.6942831085297,0.125
272.6943311092977,0.125
272.69437911006577,0.12
272.6944271108338,0.122499995
272.6944751116018,0.1125
272.6945231123698,0.11
272.6945711131378,0.1125
272.6946191139058,0.105
272.6946671146738,0.114999995
272.69471511544185,0.1125
272.69476311620986,0.11
272.69481111697786,0.105
272.69485911774586,0.099999994
272.69490711851387,0.099999994
272.6949551192819,0.099999994
272.6950031200499,0.099999994
272.69505112081794,0.0975
272.69509912158594,0.0925
272.69514712235394,0.0975
272.69519512312195,0.105
272.69524312388995,0.099999994
272.69529112465796,0.0975
272.695339125426,0.099999994
272.695387126194,0.114999995
272.695435126962,0.0975
272.69548312773003,0.1025
272.69553112849803,0.107499994
272.69557912926604,0.1125
272.69562713003404,0.1125
272.6956751308021,0.1125
272.6957231315701,0.11
272.6957711323381,0.11
272.6958191331061,0.107499994
272.6958671338741,0.1025
272.6959151346421,0.1025
272.6959631354101,0.105
272.6960111361782,0.1025
272.6960591369462,0.1125
272.6961071377142,0.099999994
272.6961551384822,0.099999994
272.6962031392502,0.1025
272.6962511400182,0.1025
272.6962991407862,0.089999996
272.69634714155427,0.089999996
272.6963951423223,0.095
272.6964431430903,0.095
272.6964911438583,0.099999994
272.6965391446263,0.0925
272.6965871453943,0.095
272.6966351461623,0.0925
272.69668314693035,0.1025
272.69673114769836,0.1025
272.69677914846636,0.1125
272.69682714923437,0.105
272.69687515000237,0.095
272.6969231507704,0.095
272.69697115153843,0.0975
272.69701915230644,0.0875
272.69706715307444,0.0975
272.69711515384245,0.089999996
272.69716315461045,0.1025
272.69721115537845,0.105
272.69725915614646,0.105
272.6973071569145,0.1025
272.6973551576825,0.1025
272.6974031584505,0.105
272.69745115921853,0.1025
272.69749915998653,0.11
272.69754716075454,0.1125
272.69759516152254,0.107499994
272.6976431622906,0.114999995
272.6976911630586,0.12
272.6977391638266,0.125
272.6977871645946,0.12
272.6978351653626,0.125
272.6978831661306,0.1275
272.6979311668986,0.125
272.6979791676667,0.122499995
272.6980271684347,0.12
272.6980751692027,0.1275
272.6981231699707,0.13
272.6981711707387,0.13
272.6982191715067,0.1325
272.6982671722747,0.122499995
272.6983151730428,0.122499995
272.6983631738108,0.12
272.6984111745788,0.1175
272.6984591753468,0.114999995
272.6985071761148,0.11
272.6985551768828,0.1175
272.69860317765085,0.11
272.69865117841886,0.107499994
272.69869917918686,0.11
272.69874717995486,0.1025
272.69879518072287,0.105
272.6988431814909,0.099999994
272.6988911822589,0.099999994
272.69893918302694,0.099999994
272.69898718379494,0.0925
272.69903518456294,0.0975
272.69908318533095,0.0925
272.69913118609895,0.0975
272.69917918686696,0.085
272.69922718763496,0.1025
272.699275188403,0.095
272.699323189171,0.099999994
272.69937118993903,0.095
272.69941919070703,0.099999994
272.69946719147504,0.095
272.69951519224304,0.105
272.69956319301104,0.105
272.6996111937791,0.107499994
272.6996591945471,0.1125
272.6997071953151,0.1125
272.6997551960831,0.114999995
272.6998031968511,0.125
272.6998511976191,0.1275
272.69989919838713,0.12
272.6999471991552,0.1275
272.6999951999232,0.12
272.7000432006912,0.13
272.7000912014592,0.1375
272.7001392022272,0.145
272.7001872029952,0.145
272.70023520376327,0.14
272.7002832045313,0.1475
272.7003312052993,0.1575
272.7003792060673,0.1625
272.7004272068353,0.16499999
272.7004752076033,0.1575
272.7005232083713,0.16499999
272.70057120913935,0.1625
272.70061920990736,0.16
272.70066721067536,0.155
272.70071521144337,0.16
272.70076321221137,0.1575
272.7008112129794,0.1625
272.7008592137474,0.16
272.70090721451544,0.1625
272.70095521528344,0.14999999
272.70100321605145,0.1425
272.70105121681945,0.1425
272.70109921758745,0.1275
272.70114721835546,0.1325
272.70119521912346,0.1275
272.7012432198915,0.1175
272.7012912206595,0.1175
272.70133922142753,0.1325
272.70138722219554,0.125
272.70143522296354,0.1175
272.70148322373154,0.125
272.70153122449955,0.122499995
272.7015792252676,0.1275
272.7016272260356,0.125
272.7016752268036,0.13
272.7017232275716,0.1325
272.7017712283396,0.1375
272.7018192291076,0.1425
272.7018672298757,0.13
272.7019152306437,0.13
272.7019632314117,0.1375
272.7020112321797,0.1375
272.7020592329477,0.13
272.7021072337157,0.122499995
272.7021552344837,0.12
272.7022032352518,0.122499995
272.7022512360198,0.13
272.7022992367878,0.1275
272.7023472375558,0.125
272.7023952383238,0.122499995
272.7024432390918,0.122499995
272.7024912398598,0.1325
272.70253924062786,0.1275
272.70258724139586,0.12
272.70263524216386,0.1125
272.70268324293187,0.11
272.7027312436999,0.099999994
272.7027792444679,0.095
272.7028272452359,0.099999994
272.70287524600394,0.0975
272.70292324677195,0.0875
272.70297124753995,0.089999996
272.70301924830795,0.0875
272.70306724907596,0.085
272.70311524984396,0.0725
272.70316325061196,0.0775
272.70321125138,0.08
272.70325925214803,0.0775
272.70330725291603,0.074999996
272.70335525368404,0.067499995
272.70340325445204,0.07
272.70345125522005,0.065
272.7034992559881,0.055
272.7035472567561,0.06
272.7035952575241,0.055
272.7036432582921,0.055
272.7036912590601,0.0525
272.7037392598281,0.0425
272.70378726059613,0.0425
272.7038352613642,0.055
272.7038832621322,0.055
272.7039312629002,0.0425
272.7039792636682,0.055
272.7040272644362,0.044999998
272.7040752652042,0.037499998
272.7041232659722,0.0425
272.7041712667403,0.0425
272.7042192675083,0.04
272.7042672682763,0.0425
272.7043152690443,0.04
272.7043632698123,0.0425
272.7044112705803,0.035
272.7044592713483,0.044999998
272.70450727211636,0.04
272.70455527288436,0.0425
272.70460327365237,0.0425
272.70465127442037,0.04
272.7046992751884,0.0475
272.7047472759564,0.0525
272.7047952767244,0.049999997
272.70484327749244,0.049999997
272.70489127826045,0.044999998
272.70493927902845,0.0475
272.70498727979646,0.049999997
272.70503528056446,0.057499997
272.70508328133246,0.0525
272.7051312821005,0.049999997
272.7051792828685,0.0525
272.70522728363653,0.057499997
272.70527528440454,0.06
272.70532328517254,0.055
272.70537128594054,0.044999998
272.70541928670855,0.049999997
272.7054672874766,0.0525
272.7055152882446,0.049999997
272.7055632890126,0.04
272.7056112897806,0.04
272.7056592905486,0.0425
272.7057072913166,0.037499998
272.70575529208463,0.04
272.7058032928527,0.0325
272.7058512936207,0.03
272.7058992943887,0.037499998
272.7059472951567,0.0325
272.7059952959247,0.0425
272.7060432966927,0.037499998
272.7060912974607,0.044999998
272.7061392982288,0.049999997
272.7061872989968,0.0525
272.7062352997648,0.0525
272.7062833005328,0.055
272.7063313013008,0.0625
272.7063793020688,0.065
272.7064273028368,0.0725
272.70647530360486,0.067499995
272.70652330437287,0.074999996
272.70657130514087,0.067499995
272.7066193059089,0.07
272.7066673066769,0.074999996
272.7067153074449,0.0725
272.70676330821294,0.067499995
272.70681130898095,0.065
272.70685930974895,0.07
272.70690731051695,0.07
272.70695531128496,0.067499995
272.70700331205296,0.057499997
272.70705131282097,0.067499995
272.707099313589,0.074999996
272.70714731435703,0.065
272.70719531512503,0.067499995
272.70724331589304,0.07
272.70729131666104,0.0725
272.70733931742905,0.0775
272.70738731819705,0.07
272.7074353189651,0.074999996
272.7074833197331,0.067499995
272.7075313205011,0.082499996
272.7075793212691,0.0775
272.7076273220371,0.082499996
272.70767532280513,0.074999996
272.70772332357313,0.07
272.7077713243412,0.067499995
272.7078193251092,0.065
272.7078673258772,0.067499995
272.7079153266452,0.067499995
272.7079633274132,0.0625
272.7080113281812,0.0525
272.7080593289492,0.057499997
272.7081073297173,0.06
272.7081553304853,0.06
272.7082033312533,0.0525
272.7082513320213,0.055
272.7082993327893,0.0475
272.7083473335573,0.0475
272.70839533432536,0.0475
272.70844333509336,0.049999997
272.70849133586137,0.044999998
272.70853933662937,0.0525
272.7085873373974,0.049999997
272.7086353381654,0.055
272.7086833389334,0.049999997
272.70873133970144,0.049999997
272.70877934046945,0.044999998
272.70882734123745,0.049999997
272.70887534200546,0.049999997
272.70892334277346,0.0475
272.70897134354146,0.055
272.70901934430947,0.04
272.70906734507753,0.04
272.70911534584553,0.0425
272.70916334661354,0.0475
272.70921134738154,0.055
272.70925934814954,0.06
272.70930734891755,0.06
272.70935534968555,0.057499997
272.7094033504536,0.0625
272.7094513512216,0.065
272.7094993519896,0.06
272.7095473527576,0.065
272.70959535352563,0.06
272.70964335429363,0.055
272.70969135506164,0.06
272.7097393558297,0.067499995
272.7097873565977,0.065
272.7098353573657,0.067499995
272.7098833581337,0.06
272.7099313589017,0.074999996
272.7099793596697,0.074999996
272.7100273604378,0.0775
272.7100753612058,0.0725
272.7101233619738,0.0725
272.7101713627418,0.074999996
272.7102193635098,0.074999996
272.7102673642778,0.0775
272.7103153650458,0.067499995
272.71036336581386,0.0625
272.71041136658187,0.074999996
272.71045936734987,0.055
272.7105073681179,0.057499997
272.7105553688859,0.055
272.7106033696539,0.055
272.7106513704219,0.0525
272.71069937118995,0.06
272.71074737195795,0.0425
272.71079537272595,0.049999997
272.71084337349396,0.055
272.71089137426196,0.0525
272.71093937502997,0.0525
272.71098737579797,0.0525
272.71103537656603,0.057499997
272.71108337733403,0.0625
272.71113137810204,0.06
272.71117937887004,0.06
272.71122737963805,0.07
272.71127538040605,0.0775
272.71132338117405,0.074999996
272.7113713819421,0.085
272.7114193827101,0.089999996
272.7114673834781,0.1025
272.7115153842461,0.099999994
272.71156338501413,0.099999994
272.71161138578213,0.11
272.7116593865502,0.1025
272.7117073873182,0.1175
272.7117553880862,0.11
272.7118033888542,0.11
272.7118513896222,0.107499994
272.7118993903902,0.105
272.7119473911582,0.0975
272.7119953919263,0.0925
272.7120433926943,0.0775
272.7120913934623,0.0775
272.7121393942303,0.07
272.7121873949983,0.0625
272.7122353957663,0.044999998
272.7122833965343,0.04
272.71233139730236,0.0275
272.71237939807037,0.03
272.7124273988384,0.015
272.7124753996064,0.02
272.7125234003744,0.012499999
272.7125714011424,0.0
272.7126194019104,-0.0025
272.71266740267845,-0.005
272.71271540344645,-0.012499999
272.71276340421446,-0.0075
272.71281140498246,0.0
272.71285940575046,-0.0025
272.71290740651847,-0.0025
272.7129554072865,0.0
272.71300340805453,0.0075
272.71305140882254,0.0175
272.71309940959054,0.0175
272.71314741035854,0.022499999
272.71319541112655,0.022499999
272.71324341189455,0.03
272.7132914126626,0.04
272.7133394134306,0.037499998
272.7133874141986,0.04
272.7134354149666,0.049999997
272.71348341573463,0.0525
272.71353141650263,0.057499997
272.71357941727064,0.049999997
272.7136274180387,0.06
272.7136754188067,0.067499995
272.7137234195747,0.057499997
272.7137714203427,0.055
272.7138194211107,0.055
272.7138674218787,0.067499995
272.7139154226467,0.06
272.7139634234148,0.07
272.7140114241828,0.0625
272.7140594249508,0.0625
272.7141074257188,0.0625
272.7141554264868,0.065
272.7142034272548,0.057499997
272.7142514280228,0.0525
272.71429942879087,0.049999997
272.71434742955887,0.0625
272.7143954303269,0.057499997
272.7144434310949,0.057499997
272.7144914318629,0.049999997
272.7145394326309,0.0525
272.7145874333989,0.0525
272.71463543416695,0.044999998
272.71468343493495,0.044999998
272.71473143570296,0.044999998
272.71477943647096,0.0325
272.71482743723897,0.044999998
272.71487543800697,0.044999998
272.71492343877503,0.044999998
272.71497143954304,0.044999998
272.71501944031104,0.04
272.71506744107904,0.044999998
272.71511544184705,0.0475
272.71516344261505,0.055
272.71521144338305,0.044999998
272.7152594441511,0.044999998
272.7153074449191,0.044999998
272.7153554456871,0.06
272.7154034464551,0.055
272.71545144722313,0.049999997
272.71549944799114,0.0475
272.71554744875914,0.055
272.7155954495272,0.0625
272.7156434502952,0.0525
272.7156914510632,0.057499997
272.7157394518312,0.057499997
272.7157874525992,0.06
272.7158354533672,0.057499997
272.7158834541352,0.06
272.7159314549033,0.06
272.7159794556713,0.0625
272.7160274564393,0.07
272.7160754572073,0.0725
272.7161234579753,0.06
272.7161714587433,0.057499997
272.7162194595113,0.06
272.71626746027937,0.057499997
272.7163154610474,0.057499997
272.7163634618154,0.06
272.7164114625834,0.049999997
272.7164594633514,0.0625
272.7165074641194,0.0625
272.71655546488745,0.065
272.71660346565545,0.07
272.71665146642346,0.057499997
272.71669946719146,0.06
272.71674746795946,0.0625
272.71679546872747,0.057499997
272.7168434694955,0.055
272.71689147026353,0.065
272.71693947103154,0.055
272.71698747179954,0.06
272.71703547256755,0.057499997
272.71708347333555,0.0525
272.71713147410355,0.0525
272.71717947487156,0.055
272.7172274756396,0.044999998
272.7172754764076,0.049999997
272.7173234771756,0.0425
272.71737147794363,0.049999997
272.71741947871163,0.049999997
272.71746747947964,0.0475
272.71751548024764,0.044999998
272.7175634810157,0.04
272.7176114817837,0.0425
272.7176594825517,0.04
272.7177074833197,0.03
272.7177554840877,0.0275
272.7178034848557,0.0325
272.7178514856237,0.0275
272.7178994863918,0.03
272.7179474871598,0.035
272.7179954879278,0.0325
272.7180434886958,0.022499999
272.7180914894638,0.035
272.7181394902318,0.022499999
272.71818749099987,0.02
272.71823549176787,0.022499999
272.7182834925359,0.024999999
272.7183314933039,0.0325
272.7183794940719,0.03
272.7184274948399,0.03
272.7184754956079,0.0325
272.71852349637595,0.0275
272.71857149714396,0.0325
272.71861949791196,0.0325
272.71866749867996,0.035
272.71871549944797,0.024999999
272.71876350021597,0.022499999
272.718811500984,0.0325
272.71885950175204,0.037499998
272.71890750252004,0.037499998
272.71895550328804,0.0425
272.71900350405605,0.0475
272.71905150482405,0.0275
272.71909950559206,0.037499998
272.71914750636006,0.049999997
272.7191955071281,0.0425
272.7192435078961,0.049999997
272.7192915086641,0.0475
272.71933950943213,0.049999997
272.71938751020014,0.0325
272.71943551096814,0.044999998
272.71948351173614,0.049999997
272.7195315125042,0.049999997
272.7195795132722,0.0475
272.7196275140402,0.0525
272.7196755148082,0.0525
272.7197235155762,0.055
272.7197715163442,0.0525
272.7198195171123,0.06
272.7198675178803,0.0525
272.7199155186483,0.057499997
272.7199635194163,0.0525
272.7200115201843,0.049999997
272.7200595209523,0.0475
272.7201075217203,0.055
272.72015552248837,0.0475
272.7202035232564,0.044999998
272.7202515240244,0.044999998
272.7202995247924,0.0425
272.7203475255604,0.0425
272.7203955263284,0.04
272.7204435270964,0.044999998
272.72049152786445,0.0525
272.72053952863246,0.0475
272.72058752940046,0.0475
272.72063553016847,0.049999997
272.72068353093647,0.0425
272.7207315317045,0.0525
272.7207795324725,0.04
272.72082753324054,0.055
272.72087553400854,0.0475
272.72092353477655,0.049999997
272.72097153554455,0.044999998
272.72101953631255,0.049999997
272.72106753708056,0.044999998
272.72111553784856,0.044999998
272.7211635386166,0.0525
272.7212115393846,0.057499997
272.72125954015263,0.055
272.72130754092063,0.049999997
272.72135554168864,0.049999997
272.72140354245664,0.0525
272.7214515432247,0.049999997
272.7214995439927,0.04
272.7215475447607,0.04
272.7215955455287,0.04
272.7216435462967,0.044999998
272.7216915470647,0.044999998
272.7217395478327,0.049999997
272.7217875486008,0.0425
272.7218355493688,0.037499998
272.7218835501368,0.044999998
272.7219315509048,0.044999998
272.7219795516728,0.044999998
272.7220275524408,0.0525
272.7220755532088,0.0425
272.72212355397687,0.044999998
272.7221715547449,0.044999998
272.7222195555129,0.044999998
272.7222675562809,0.04
272.7223155570489,0.0475
272.7223635578169,0.049999997
272.7224115585849,0.049999997
272.72245955935296,0.049999997
272.72250756012096,0.0475
272.72255556088896,0.0475
272.72260356165697,0.0475
272.72265156242497,0.0525
272.722699563193,0.055
272.722747563961,0.06
272.72279556472904,0.06
272.72284356549704,0.065
272.72289156626505,0.06
272.72293956703305,0.055
272.72298756780106,0.0525
272.72303556856906,0.065
272.7230835693371,0.065
272.7231315701051,0.07
272.7231795708731,0.0725
272.72322757164113,0.0625
272.72327557240914,0.0625
272.72332357317714,0.0475
272.72337157394514,0.055
272.7234195747132,0.057499997
272.7234675754812,0.049999997
272.7235155762492,0.0475
272.7235635770172,0.04
272.7236115777852,0.03
272.7236595785532,0.022499999
272.72370757932123,0.03
272.7237555800893,0.02
272.7238035808573,0.0075
272.7238515816253,0.012499999
272.7238995823933,0.012499999
272.7239475831613,-0.0025
272.7239955839293,0.0
272.7240435846973,0.0
272.7240915854654,0.005
272.7241395862334,0.0
272.7241875870014,0.0
272.7242355877694,0.0025
272.7242835885374,0.0
272.7243315893054,0.005
272.7243795900734,-0.01
272.72442759084146,0.0
272.72447559160946,0.0025
272.72452359237747,0.005
272.72457159314547,-0.005
272.7246195939135,0.0025
272.7246675946815,0.005
272.72471559544954,0.0025
272.72476359621754,-0.005
272.72481159698555,0.0
272.72485959775355,0.0025
272.72490759852155,-0.005
272.72495559928956,-0.01
272.72500360005756,-0.012499999
272.7250516008256,-0.005
272.7250996015936,-0.012499999
272.72514760236163,-0.015
272.72519560312963,0.0025
272.72524360389764,-0.012499999
272.72529160466564,-0.01
272.72533960543365,-0.012499999
272.7253876062017,-0.015
272.7254356069697,-0.005
272.7254836077377,-0.01
272.7255316085057,-0.01
272.7255796092737,-0.0075
272.7256276100417,-0.012499999
272.72567561080973,-0.0075
272.7257236115778,-0.0075
272.7257716123458,-0.0025
272.7258196131138,0.0
272.7258676138818,-0.0025
272.7259156146498,0.0
272.7259636154178,-0.0025
272.7260116161858,0.0
272.7260596169539,0.01
272.7261076177219,0.0025
272.7261556184899,0.015
272.7262036192579,0.012499999
272.7262516200259,0.02
272.7262996207939,0.02
272.72634762156196,0.015
272.72639562232996,0.022499999
272.72644362309796,0.0275
272.72649162386597,0.024999999
272.726539624634,0.022499999
272.726587625402,0.024999999
272.72663562617,0.0275
272.72668362693804,0.0275
272.72673162770604,0.022499999
272.72677962847405,0.024999999
272.72682762924205,0.024999999
272.72687563001006,0.03
272.72692363077806,0.022499999
272.72697163154606,0.022499999
272.7270196323141,0.02
272.72706763308213,0.0175
272.72711563385013,0.0175
272.72716363461814,0.02
272.72721163538614,0.012499999
272.72725963615414,0.0075
272.72730763692215,0.0075
272.7273556376902,0.005
272.7274036384582,0.012499999
272.7274516392262,0.0025
272.7274996399942,0.012499999
272.7275476407622,0.0025
272.72759564153023,0.0
272.72764364229823,0.005
272.7276916430663,0.01
272.7277396438343,0.01
272.7277876446023,0.01
272.7278356453703,0.005
272.7278836461383,0.0025
272.7279316469063,0.0175
272.7279796476744,0.01
272.7280276484424,0.01
272.7280756492104,0.01
272.7281236499784,0.0175
272.7281716507464,0.015
272.7282196515144,0.015
272.7282676522824,0.015
272.72831565305046,0.012499999
272.72836365381846,0.022499999
272.72841165458647,0.02
272.72845965535447,0.0275
272.7285076561225,0.0325
272.7285556568905,0.022499999
272.7286036576585,0.015
272.72865165842654,0.022499999
272.72869965919455,0.0325
272.72874765996255,0.0325
272.72879566073055,0.0275
272.72884366149856,0.0275
272.72889166226656,0.022499999
272.72893966303457,0.03
272.7289876638026,0.03
272.72903566457063,0.0325
272.72908366533864,0.03
272.72913166610664,0.03
272.72917966687464,0.035
272.72922766764265,0.022499999
272.72927566841065,0.03
272.7293236691787,0.03
272.7293716699467,0.03
272.7294196707147,0.0275
272.7294676714827,0.0275
272.7295156722507,0.03
272.72956367301873,0.012499999
272.7296116737868,0.02
272.7296596745548,0.01
272.7297076753228,0.012499999
272.7297556760908,0.0075
272.7298036768588,0.0025
272.7298516776268,0.005
272.7298996783948,0.0
272.7299476791629,0.005
272.7299956799309,-0.0025
272.7300436806989,-0.005
272.7300916814669,-0.005
272.7301396822349,-0.0075
272.7301876830029,-0.0025
272.7302356837709,0.0
272.73028368453896,-0.0025
272.73033168530696,0.0025
272.73037968607497,-0.005
272.730427686843,0.0
272.730475687611,-0.01
272.730523688379,-0.01
272.730571689147,-0.01
272.73061968991505,-0.005
272.73066769068305,-0.0025
272.73071569145105,-0.005
272.73076369221906,-0.005
272.73081169298706,-0.0175
272.73085969375506,-0.005
272.73090769452307,-0.012499999
272.73095569529113,-0.005
272.73100369605913,-0.01
272.73105169682714,-0.0075
272.73109969759514,-0.012499999
272.73114769836315,-0.0075
272.73119569913115,-0.022499999
272.7312436998992,-0.01
272.7312917006672,-0.024999999
272.7313397014352,-0.0275
272.7313877022032,-0.02
272.7314357029712,-0.02
272.73148370373923,-0.0275
272.73153170450723,-0.0325
272.7315797052753,-0.0325
272.7316277060433,-0.035
272.7316757068113,-0.035
272.7317237075793,-0.0275
272.7317717083473,-0.022499999
272.7318197091153,-0.022499999
272.7318677098833,-0.03
272.7319157106514,-0.03
272.7319637114194,-0.024999999
272.7320117121874,-0.024999999
272.7320597129554,-0.022499999
272.7321077137234,-0.0275
272.7321557144914,-0.024999999
272.7322037152594,-0.012499999
272.73225171602746,-0.022499999
272.73229971679547,-0.0175
272.73234771756347,-0.02
272.7323957183315,-0.024999999
272.7324437190995,-0.024999999
272.7324917198675,-0.02
272.7325397206355,-0.024999999
272.73258772140355,-0.012499999
272.73263572217155,-0.0075
272.73268372293956,-0.015
272.73273172370756,-0.02
272.73277972447556,-0.01
272.73282772524357,-0.012499999
272.7328757260116,-0.0075
272.73292372677963,-0.0075
272.73297172754764,-0.015
272.73301972831564,-0.005
272.73306772908364,-0.0075
272.73311572985165,-0.0075
272.73316373061965,-0.0075
272.7332117313877,-0.005
272.7332597321557,0.005
272.7333077329237,0.01
272.7333557336917,0.0075
272.7334037344597,0.01
272.73345173522773,0.005
272.73349973599574,0.0075
272.7335477367638,0.01
272.7335957375318,-0.0025
272.7336437382998,0.0025
272.7336917390678,0.0075
272.7337397398358,0.005
272.7337877406038,-0.0025
272.7338357413718,0.0075
272.7338837421399,0.01
272.7339317429079,0.005
272.7339797436759,0.005
272.7340277444439,0.0175
272.7340757452119,0.0175
272.7341237459799,0.02
272.7341717467479,0.01
272.73421974751597,0.012499999
272.73426774828397,0.0075
272.734315749052,0.01
272.73436374982,0.005
272.734411750588,0.01
272.734459751356,0.0025
272.73450775212405,0.005
272.73455575289205,0.0075
272.73460375366005,0.0025
272.73465175442806,0.005
272.73469975519606,0.005
272.73474775596407,0.0025
272.73479575673207,0.0
272.73484375750013,0.0025
272.73489175826813,0.0075
272.73493975903614,0.0075
272.73498775980414,0.0025
272.73503576057215,0.0075
272.73508376134015,-0.0075
272.73513176210815,-0.0025
272.7351797628762,-0.0075
272.7352277636442,-0.005
272.7352757644122,-0.01
272.7353237651802,-0.01
272.73537176594823,-0.01
272.73541976671623,-0.012499999
272.73546776748424,-0.0175
272.7355157682523,-0.015
272.7355637690203,-0.015
272.7356117697883,-0.012499999
272.7356597705563,-0.0075
272.7357077713243,-0.012499999
272.7357557720923,-0.0075
272.7358037728603,-0.0075
272.7358517736284,-0.005
272.7358997743964,-0.01
272.7359477751644,-0.0075
272.7359957759324,-0.0075
272.7360437767004,-0.01
272.7360917774684,0.0
272.73613977823646,0.0075
272.73618777900447,0.005
272.73623577977247,0.0025
272.7362837805405,0.0
272.7363317813085,0.0075
272.7363797820765,0.0025
272.7364277828445,0.005
272.73647578361255,0.0
272.73652378438055,0.0025
272.73657178514856,0.005
272.73661978591656,0.0175
272.73666778668456,0.0075
272.73671578745257,0.01
272.73676378822057,0.01
272.73681178898863,0.01
272.73685978975664,0.0075
272.73690779052464,0.0075
272.73695579129264,0.0075
272.73700379206065,0.0025
272.73705179282865,0.005
272.73709979359666,0.0025
272.7371477943647,0.0075
272.7371957951327,-0.0075
272.7372437959007,0.0025
272.7372917966687,-0.0075
272.73733979743673,-0.0175
272.73738779820474,-0.0275
272.73743579897274,-0.024999999
272.7374837997408,-0.02
272.7375318005088,-0.035
272.7375798012768,-0.0325
272.7376278020448,-0.03
272.7376758028128,-0.035
272.7377238035808,-0.0325
272.7377718043488,-0.037499998
272.7378198051169,-0.044999998
272.7378678058849,-0.0425
272.7379158066529,-0.037499998
272.7379638074209,-0.0425
272.7380118081889,-0.0425
272.7380598089569,-0.037499998
272.73810780972497,-0.03
272.73815581049297,-0.035
272.738203811261,-0.022499999
272.738251812029,-0.03
272.738299812797,-0.015
272.738347813565,-0.024999999
272.738395814333,-0.0175
272.73844381510105,-0.0175
272.73849181586905,-0.015
272.73853981663706,-0.0075
272.73858781740506,-0.0025
272.73863581817307,-0.0025
272.73868381894107,0.0025
272.7387318197091,-0.0025
272.73877982047713,-0.0075
272.73882782124514,0.0025
272.73887582201314,-0.0075
272.73892382278115,-0.005
272.73897182354915,-0.005
272.73901982431715,-0.012499999
272.73906782508516,-0.0175
272.7391158258532,-0.0175
272.7391638266212,-0.012499999
272.7392118273892,-0.012499999
272.73925982815723,-0.022499999
272.73930782892523,-0.0175
272.73935582969324,-0.0175
272.73940383046124,-0.015
272.7394518312293,-0.01
272.7394998319973,0.0025
272.7395478327653,-0.0075
272.7395958335333,0.0025
272.7396438343013,0.0
272.7396918350693,0.0
272.7397398358374,0.0025
272.7397878366054,0.005
272.7398358373734,-0.0025
272.7398838381414,0.005
272.7399318389094,-0.0025
272.7399798396774,-0.0075
272.7400278404454,-0.0025
272.74007584121347,-0.0075
272.7401238419815,-0.005
272.7401718427495,-0.0025
272.7402198435175,-0.005
272.7402678442855,-0.005
272.7403158450535,-0.0025
272.7403638458215,-0.0025
272.74041184658955,-0.0025
272.74045984735756,-0.0025
272.74050784812556,0.0075
272.74055584889356,0.0025
272.74060384966157,0.005
272.7406518504296,0.0
272.7406998511976,0.005
272.74074785196564,0.0075
272.74079585273364,0.0075
272.74084385350164,0.0025
272.74089185426965,0.0025
272.74093985503765,0.0025
272.74098785580566,0.0075
272.74103585657366,0.005
272.7410838573417,0.012499999
272.7411318581097,0.005
272.74117985887773,0.0075
272.74122785964573,0.005
272.74127586041374,0.005
272.74132386118174,0.0075
272.7413718619498,0.0075
272.7414198627178,0.005
272.7414678634858,0.005
272.7415158642538,-0.005
272.7415638650218,-0.012499999
272.7416118657898,-0.01
272.7416598665578,-0.0075
272.7417078673259,-0.0175
272.7417558680939,-0.01
272.7418038688619,-0.015
272.7418518696299,-0.02
272.7418998703979,-0.0175
272.7419478711659,-0.0175
272.7419958719339,-0.024999999
272.74204387270197,-0.0275
272.74209187347,-0.024999999
272.742139874238,-0.02
272.742187875006,-0.02
272.742235875774,-0.015
272.742283876542,-0.02
272.74233187731,-0.012499999
272.74237987807805,0.0
272.74242787884606,-0.0025
272.74247587961406,0.0025
272.74252388038207,0.005
272.74257188115007,0.015
272.7426198819181,0.012499999
272.7426678826861,0.0175
272.74271588345414,0.02
272.74276388422214,0.015
272.74281188499015,0.024999999
272.74285988575815,0.0275
272.74290788652615,0.012499999
272.74295588729416,0.0175
272.7430038880622,0.015
272.7430518888302,0.02
272.7430998895982,0.012499999
272.74314789036623,0.012499999
272.74319589113423,0.012499999
272.74324389190224,0.01
272.74329189267024,0.0075
272.7433398934383,0.0075
272.7433878942063,0.0075
272.7434358949743,0.01
272.7434838957423,0.0025
272.7435318965103,-0.005
272.7435798972783,0.005
272.7436278980463,-0.0025
272.7436758988144,-0.005
272.7437238995824,-0.0025
272.7437719003504,-0.0075
272.7438199011184,-0.012499999
272.7438679018864,-0.005
272.7439159026544,-0.015
272.7439639034224,-0.01
272.7440119041905,-0.01
272.7440599049585,-0.0025
272.7441079057265,-0.005
272.7441559064945,-0.01
272.7442039072625,0.0
272.7442519080305,0.005
272.7442999087985,-0.0075
272.74434790956656,-0.0075
272.74439591033456,-0.0025
272.74444391110256,-0.012499999
272.74449191187057,-0.0175
272.7445399126386,-0.012499999
272.7445879134066,-0.012499999
272.74463591417464,-0.012499999
272.74468391494264,-0.022499999
272.74473191571064,-0.024999999
272.74477991647865,-0.024999999
272.74482791724665,-0.0275
272.74487591801466,-0.0275
272.74492391878266,-0.035
272.7449719195507,-0.0325
272.7450199203187,-0.0475
272.74506792108673,-0.0525
272.74511592185473,-0.0425
272.74516392262274,-0.044999998
272.74521192339074,-0.0475
272.74525992415874,-0.044999998
272.7453079249268,-0.055
272.7453559256948,-0.0525
272.7454039264628,-0.049999997
272.7454519272308,-0.06
272.7454999279988,-0.065
272.7455479287668,-0.065
272.74559592953483,-0.0725
272.7456439303029,-0.0625
272.7456919310709,-0.074999996
272.7457399318389,-0.065
272.7457879326069,-0.0775
272.7458359333749,-0.065
272.7458839341429,-0.065
272.7459319349109,-0.067499995
272.745979935679,-0.067499995
272.746027936447,-0.055
272.746075937215,-0.065
272.746123937983,-0.074999996
272.746171938751,-0.07
272.746219939519,-0.067499995
272.74626794028705,-0.07
272.74631594105506,-0.055
272.74636394182306,-0.0625
272.74641194259107,-0.0625
272.74645994335907,-0.067499995
272.7465079441271,-0.07
272.7465559448951,-0.055
272.74660394566314,-0.057499997
272.74665194643114,-0.067499995
272.74669994719915,-0.067499995
272.74674794796715,-0.067499995
272.74679594873515,-0.067499995
272.74684394950316,-0.065
272.74689195027116,-0.065
272.7469399510392,-0.065
272.7469879518072,-0.057499997
272.74703595257523,-0.055
272.74708395334324,-0.06
272.74713195411124,-0.055
272.74717995487924,-0.055
272.74722795564725,-0.0525
272.7472759564153,-0.057499997
272.7473239571833,-0.0475
272.7473719579513,-0.0475
272.7474199587193,-0.0475
272.7474679594873,-0.0525
272.7475159602553,-0.044999998
272.74756396102333,-0.049999997
272.7476119617914,-0.055
272.7476599625594,-0.057499997
272.7477079633274,-0.06
272.7477559640954,-0.057499997
272.7478039648634,-0.055
272.7478519656314,-0.0625
272.7478999663995,-0.065
272.7479479671675,-0.065
272.7479959679355,-0.065
272.7480439687035,-0.067499995
272.7480919694715,-0.07
272.7481399702395,-0.07
272.7481879710075,-0.07
272.74823597177556,-0.067499995
272.74828397254356,-0.067499995
272.74833197331156,-0.065
272.74837997407957,-0.0625
272.7484279748476,-0.067499995
272.7484759756156,-0.0625
272.7485239763836,-0.0625
272.74857197715164,-0.065
272.74861997791965,-0.06
272.74866797868765,-0.065
272.74871597945565,-0.06
272.74876398022366,-0.049999997
272.74881198099166,-0.055
272.74885998175967,-0.0525
272.7489079825277,-0.057499997
272.74895598329573,-0.0625
272.74900398406373,-0.044999998
272.74905198483174,-0.0525
272.74909998559974,-0.0525
272.74914798636775,-0.055
272.74919598713575,-0.055
272.7492439879038,-0.0475
272.7492919886718,-0.0425
272.7493399894398,-0.049999997
272.7493879902078,-0.06
272.7494359909758,-0.057499997
272.74948399174383,-0.06
272.7495319925119,-0.065
272.7495799932799,-0.0625
272.7496279940479,-0.07
272.7496759948159,-0.065
272.7497239955839,-0.06
272.7497719963519,-0.074999996
272.7498199971199,-0.067499995
272.749867997888,-0.065
272.749915998656,-0.074999996
272.749963999424,-0.07
272.750012000192,-0.065
272.75006000096,-0.06
272.750108001728,-0.06
272.750156002496,-0.057499997
272.75020400326406,-0.0625
272.75025200403206,-0.057499997
272.75030000480007,-0.049999997
272.75034800556807,-0.0475
272.7503960063361,-0.049999997
272.7504440071041,-0.04
272.7504920078721,-0.037499998
272.75054000864014,-0.035
272.75058800940815,-0.0325
272.75063601017615,-0.0425
272.75068401094416,-0.037499998
272.75073201171216,-0.035
272.75078001248016,-0.044999998
272.75082801324817,-0.0425
272.7508760140162,-0.0475
272.75092401478423,-0.044999998
272.75097201555224,-0.044999998
272.75102001632024,-0.0475
272.75106801708824,-0.049999997
272.75111601785625,-0.055
272.7511640186243,-0.0525
272.7512120193923,-0.067499995
272.7512600201603,-0.057499997
272.7513080209283,-0.057499997
272.7513560216963,-0.055
272.7514040224643,-0.057499997
272.75145202323233,-0.057499997
272.7515000240004,-0.065
272.7515480247684,-0.06
272.7515960255364,-0.0625
272.7516440263044,-0.057499997
272.7516920270724,-0.0625
272.7517400278404,-0.0625
272.7517880286084,-0.057499997
272.7518360293765,-0.0525
272.7518840301445,-0.055
272.7519320309125,-0.0525
272.7519800316805,-0.0475
272.7520280324485,-0.049999997
272.7520760332165,-0.0475
272.7521240339845,-0.0425
272.75217203475256,-0.044999998
272.75222003552057,-0.037499998
272.75226803628857,-0.04
272.7523160370566,-0.0325
272.7523640378246,-0.04
272.7524120385926,-0.037499998
272.7524600393606,-0.03
272.75250804012865,-0.024999999
272.75255604089665,-0.0325
272.75260404166465,-0.0325
272.75265204243266,-0.03
272.75270004320066,-0.0275
272.75274804396867,-0.024999999
272.7527960447367,-0.022499999
272.75284404550473,-0.02
272.75289204627273,-0.02
272.75294004704074,-0.015
272.75298804780874,-0.012499999
272.75303604857675,-0.0075
272.75308404934475,-0.0075
272.7531320501128,-0.0025
272.7531800508808,-0.01
272.7532280516488,0.0
272.7532760524168,0.005
272.7533240531848,0.0075
272.75337205395283,0.0075
272.75342005472083,-0.005
272.7534680554889,0.0025
272.7535160562569,-0.0025
272.7535640570249,0.0
272.7536120577929,0.0025
272.7536600585609,-0.0025
272.7537080593289,-0.0075
272.7537560600969,-0.012499999
272.753804060865,-0.0075
272.753852061633,-0.012499999
272.753900062401,-0.01
272.753948063169,-0.0175
272.753996063937,-0.01
272.754044064705,-0.012499999
272.754092065473,-0.0075
272.75414006624106,-0.01
272.75418806700907,-0.022499999
272.7542360677771,-0.015
272.7542840685451,-0.01
272.7543320693131,-0.015
272.7543800700811,-0.012499999
272.75442807084914,-0.022499999
272.75447607161715,-0.012499999
272.75452407238515,-0.02
272.75457207315316,-0.02
272.75462007392116,-0.0275
272.75466807468916,-0.022499999
272.75471607545717,-0.024999999
272.75476407622523,-0.037499998
272.75481207699323,-0.0325
272.75486007776124,-0.03
272.75490807852924,-0.0275
272.75495607929724,-0.0275
272.75500408006525,-0.03
272.75505208083325,-0.024999999
272.7551000816013,-0.0275
272.7551480823693,-0.024999999
272.7551960831373,-0.022499999
272.7552440839053,-0.0275
272.75529208467333,-0.02
272.75534008544133,-0.0175
272.75538808620934,-0.0175
272.7554360869774,-0.015
272.7554840877454,-0.015
272.7555320885134,-0.0275
272.7555800892814,-0.0175
272.7556280900494,-0.0175
272.7556760908174,-0.02
272.7557240915854,-0.02
272.7557720923535,-0.0175
272.7558200931215,-0.022499999
272.7558680938895,-0.02
272.7559160946575,-0.01
272.7559640954255,-0.02
272.7560120961935,-0.015
272.75606009696156,-0.01
272.75610809772957,-0.01
272.75615609849757,-0.005
272.7562040992656,-0.0075
272.7562521000336,-0.0075
272.7563001008016,-0.0075
272.7563481015696,-0.005
272.75639610233765,0.0025
272.75644410310565,0.0
272.75649210387365,0.01
272.75654010464166,0.0
272.75658810540966,0.005
272.75663610617767,0.0
272.75668410694567,0.005
272.75673210771373,0.0
272.75678010848173,-0.0025
272.75682810924974,-0.005
272.75687611001774,0.0025
272.75692411078575,-0.0025
272.75697211155375,0.0
272.75702011232175,-0.005
272.7570681130898,-0.005
272.7571161138578,-0.005
272.7571641146258,0.0025
272.7572121153938,-0.012499999
272.75726011616183,0.0
272.75730811692983,-0.0025
272.75735611769784,0.005
272.7574041184659,0.0
272.7574521192339,-0.0025
272.7575001200019,0.005
272.7575481207699,-0.005
272.7575961215379,-0.005
272.7576441223059,0.0
272.757692123074,0.0
272.757740123842,0.0025
272.75778812461,0.0
272.757836125378,-0.005
272.757884126146,-0.005
272.757932126914,-0.01
272.757980127682,-0.005
272.75802812845006,-0.0075
272.75807612921807,-0.015
272.7581241299861,-0.0175
272.7581721307541,-0.02
272.7582201315221,-0.03
272.7582681322901,-0.0275
272.7583161330581,-0.024999999
272.75836413382615,-0.024999999
272.75841213459415,-0.02
272.75846013536216,-0.024999999
272.75850813613016,-0.022499999
272.75855613689816,-0.024999999
272.75860413766617,-0.024999999
272.7586521384342,-0.0175
272.75870013920223,-0.03
272.75874813997024,-0.024999999
272.75879614073824,-0.02
272.75884414150624,-0.022499999
272.75889214227425,-0.015
272.75894014304225,-0.0175
272.75898814381026,-0.02
272.7590361445783,-0.0275
272.7590841453463,-0.0275
272.7591321461143,-0.022499999
272.75918014688233,-0.0325
272.75922814765033,-0.03
272.75927614841834,-0.0275
272.7593241491864,-0.035
272.7593721499544,-0.03
272.7594201507224,-0.035
272.7594681514904,-0.04
272.7595161522584,-0.0325
272.7595641530264,-0.0325
272.7596121537944,-0.035
272.7596601545625,-0.04
272.7597081553305,-0.04
272.7597561560985,-0.037499998
272.7598041568665,-0.04
272.7598521576345,-0.035
272.7599001584025,-0.03
272.7599481591705,-0.0425
272.75999615993857,-0.04
272.76004416070657,-0.04
272.7600921614746,-0.0325
272.7601401622426,-0.044999998
272.7601881630106,-0.0325
272.7602361637786,-0.0425
272.7602841645466,-0.037499998
272.76033216531465,-0.0425
272.76038016608265,-0.035
272.76042816685066,-0.035
272.76047616761866,-0.0325
272.76052416838667,-0.035
272.76057216915467,-0.04
272.7606201699227,-0.0425
272.76066817069074,-0.04
272.76071617145874,-0.0425
272.76076417222674,-0.044999998
272.76081217299475,-0.049999997
272.76086017376275,-0.0475
272.76090817453075,-0.049999997
272.7609561752988,-0.044999998
272.7610041760668,-0.035
272.7610521768348,-0.035
272.7611001776028,-0.0325
272.76114817837083,-0.04
272.76119617913884,-0.04
272.76124417990684,-0.0325
272.7612921806749,-0.037499998
272.7613401814429,-0.03
272.7613881822109,-0.0275
272.7614361829789,-0.035
272.7614841837469,-0.0425
272.7615321845149,-0.0325
272.7615801852829,-0.037499998
272.761628186051,-0.049999997
272.761676186819,-0.0425
272.761724187587,-0.0625
272.761772188355,-0.06
272.761820189123,-0.06
272.761868189891,-0.06
272.761916190659,-0.074999996
272.76196419142707,-0.074999996
272.7620121921951,-0.08
272.7620601929631,-0.085
272.7621081937311,-0.085
272.7621561944991,-0.095
272.7622041952671,-0.0925
272.7622521960351,-0.1025
272.76230019680315,-0.099999994
272.76234819757116,-0.1025
272.76239619833916,-0.099999994
272.76244419910716,-0.105
272.76249219987517,-0.105
272.7625402006432,-0.099999994
272.76258820141123,-0.099999994
272.76263620217924,-0.089999996
272.76268420294724,-0.0925
272.76273220371525,-0.0875
272.76278020448325,-0.099999994
272.76282820525125,-0.089999996
272.76287620601926,-0.0775
272.7629242067873,-0.082499996
272.7629722075553,-0.085
272.7630202083233,-0.0725
272.76306820909133,-0.065
272.76311620985933,-0.067499995
272.76316421062734,-0.057499997
272.76321221139534,-0.0625
272.7632602121634,-0.057499997
272.7633082129314,-0.0525
272.7633562136994,-0.0475
272.7634042144674,-0.0425
272.7634522152354,-0.0475
272.7635002160034,-0.0325
272.7635482167714,-0.037499998
272.7635962175395,-0.035
272.7636442183075,-0.035
272.7636922190755,-0.037499998
272.7637402198435,-0.03
272.7637882206115,-0.035
272.7638362213795,-0.035
272.7638842221475,-0.0325
272.76393222291557,-0.0275
272.7639802236836,-0.03
272.7640282244516,-0.0325
272.7640762252196,-0.035
272.7641242259876,-0.0325
272.7641722267556,-0.037499998
272.76422022752365,-0.049999997
272.76426822829166,-0.044999998
272.76431622905966,-0.0475
272.76436422982766,-0.0525
272.76441223059567,-0.0475
272.76446023136367,-0.055
272.7645082321317,-0.0475
272.76455623289974,-0.06
272.76460423366774,-0.065
272.76465223443574,-0.065
272.76470023520375,-0.0625
272.76474823597175,-0.057499997
272.76479623673976,-0.06
272.76484423750776,-0.0625
272.7648922382758,-0.049999997
272.7649402390438,-0.057499997
272.7649882398118,-0.0525
272.76503624057983,-0.0475
272.76508424134784,-0.0525
272.76513224211584,-0.0525
272.76518024288384,-0.0525
272.7652282436519,-0.0475
272.7652762444199,-0.055
272.7653242451879,-0.049999997
272.7653722459559,-0.0525
272.7654202467239,-0.0425
272.7654682474919,-0.044999998
272.7655162482599,-0.0475
272.765564249028,-0.0425
272.765612249796,-0.04
272.765660250564,-0.035
272.765708251332,-0.0425
272.7657562521,-0.035
272.765804252868,-0.0425
272.76585225363607,-0.0325
272.7659002544041,-0.037499998
272.7659482551721,-0.037499998
272.7659962559401,-0.03
272.7660442567081,-0.03
272.7660922574761,-0.022499999
272.7661402582441,-0.015
272.76618825901215,-0.022499999
272.76623625978016,-0.024999999
272.76628426054816,-0.02
272.76633226131617,-0.015
272.76638026208417,-0.012499999
272.7664282628522,-0.012499999
272.7664762636202,-0.005
272.76652426438824,0.0025
272.76657226515624,0.005
272.76662026592425,-0.005
272.76666826669225,-0.005
272.76671626746025,-0.0075
272.76676426822826,-0.005
272.76681226899626,0.0
272.7668602697643,-0.005
272.7669082705323,0.0
272.76695627130033,0.01
272.76700427206833,0.005
272.76705227283634,-0.005
272.76710027360434,0.005
272.76714827437235,-0.0025
272.7671962751404,-0.005
272.7672442759084,-0.01
272.7672922766764,-0.0025
272.7673402774444,-0.01
272.7673882782124,-0.0025
272.7674362789804,-0.015
272.7674842797485,-0.01
272.7675322805165,-0.0025
272.7675802812845,-0.015
272.7676282820525,-0.015
272.7676762828205,-0.015
272.7677242835885,-0.024999999
272.7677722843565,-0.0175
272.76782028512457,-0.03
272.7678682858926,-0.022499999
272.7679162866606,-0.022499999
272.7679642874286,-0.024999999
272.7680122881966,-0.024999999
272.7680602889646,-0.024999999
272.7681082897326,-0.0275
272.76815629050066,-0.0275
272.76820429126866,-0.02
272.76825229203666,-0.0175
272.76830029280467,-0.024999999
272.76834829357267,-0.022499999
272.7683962943407,-0.0275
272.7684442951087,-0.0275
272.76849229587674,-0.022499999
272.76854029664474,-0.022499999
272.76858829741275,-0.0275
272.76863629818075,-0.02
272.76868429894876,-0.024999999
272.76873229971676,-0.02
272.76878030048476,-0.02
272.7688283012528,-0.02
272.76887630202083,-0.012499999
272.76892430278883,-0.012499999
272.76897230355684,-0.0075
272.76902030432484,-0.02
272.76906830509284,-0.0175
272.7691163058609,-0.015
272.7691643066289,-0.012499999
272.7692123073969,-0.01
272.7692603081649,-0.015
272.7693083089329,-0.022499999
272.7693563097009,-0.024999999
272.76940431046893,-0.03
272.769452311237,-0.03
272.769500312005,-0.024999999
272.769548312773,-0.024999999
272.769596313541,-0.0275
272.769644314309,-0.022499999
272.769692315077,-0.0275
272.769740315845,-0.03
272.7697883166131,-0.01
272.7698363173811,-0.0175
272.7698843181491,-0.012499999
272.7699323189171,-0.022499999
272.7699803196851,-0.0175
272.7700283204531,-0.005
272.7700763212211,-0.012499999
272.77012432198916,-0.01
272.77017232275716,-0.012499999
272.77022032352517,-0.012499999
272.77026832429317,-0.022499999
272.7703163250612,-0.0175
272.7703643258292,-0.024999999
272.7704123265972,-0.0275
272.77046032736524,-0.0275
272.77050832813325,-0.024999999
272.77055632890125,-0.0275
272.77060432966925,-0.03
272.77065233043726,-0.0325
272.77070033120526,-0.03
272.7707483319733,-0.0275
272.7707963327413,-0.0275
272.77084433350933,-0.024999999
272.77089233427733,-0.0275
272.77094033504534,-0.03
272.77098833581334,-0.022499999
272.77103633658135,-0.0325
272.7710843373494,-0.0275
272.7711323381174,-0.024999999
272.7711803388854,-0.0325
272.7712283396534,-0.02
272.7712763404214,-0.0275
272.7713243411894,-0.0325
272.77137234195743,-0.035
272.7714203427255,-0.035
272.7714683434935,-0.03
272.7715163442615,-0.0325
272.7715643450295,-0.037499998
272.7716123457975,-0.037499998
272.7716603465655,-0.037499998
272.7717083473335,-0.037499998
272.7717563481016,-0.049999997
272.7718043488696,-0.037499998
272.7718523496376,-0.04
272.7719003504056,-0.0425
272.7719483511736,-0.0425
272.7719963519416,-0.0525
272.7720443527096,-0.0525
272.77209235347766,-0.044999998
272.77214035424566,-0.049999997
272.77218835501367,-0.055
272.7722363557817,-0.049999997
272.7722843565497,-0.0425
272.7723323573177,-0.0475
272.77238035808574,-0.044999998
272.77242835885374,-0.0525
272.77247635962175,-0.04
272.77252436038975,-0.044999998
272.77257236115776,-0.049999997
272.77262036192576,-0.055
272.77266836269376,-0.0525
272.7727163634618,-0.0525
272.77276436422983,-0.049999997
272.77281236499783,-0.04
272.77286036576584,-0.0425
272.77290836653384,-0.0525
272.77295636730184,-0.0425
272.77300436806985,-0.0475
272.7730523688379,-0.0475
272.7731003696059,-0.0475
272.7731483703739,-0.035
272.7731963711419,-0.044999998
272.7732443719099,-0.044999998
272.77329237267793,-0.0425
272.77334037344593,-0.0425
272.773388374214,-0.044999998
272.773436374982,-0.0425
272.77348437575,-0.04
272.773532376518,-0.04
272.773580377286,-0.044999998
272.773628378054,-0.04
272.773676378822,-0.0425
272.7737243795901,-0.04
272.7737723803581,-0.0425
272.7738203811261,-0.044999998
272.7738683818941,-0.044999998
272.7739163826621,-0.04
272.7739643834301,-0.04
272.77401238419816,-0.055
272.77406038496616,-0.0525
272.77410838573417,-0.0475
272.77415638650217,-0.049999997
272.7742043872702,-0.0525
272.7742523880382,-0.0475
272.7743003888062,-0.0475
272.77434838957424,-0.0475
272.77439639034225,-0.06
272.77444439111025,-0.0525
272.77449239187825,-0.055
272.77454039264626,-0.057499997
272.77458839341426,-0.0625
272.77463639418227,-0.057499997
272.7746843949503,-0.0625
272.77473239571833,-0.057499997
272.77478039648634,-0.07
272.77482839725434,-0.0625
272.77487639802234,-0.065
272.77492439879035,-0.06
272.77497239955835,-0.07
272.7750204003264,-0.067499995
272.7750684010944,-0.0625
272.7751164018624,-0.055
272.7751644026304,-0.06
272.7752124033984,-0.055
272.77526040416643,-0.0625
272.77530840493444,-0.067499995
272.7753564057025,-0.065
272.7754044064705,-0.055
272.7754524072385,-0.065
272.7755004080065,-0.0625
272.7755484087745,-0.057499997
272.7755964095425,-0.057499997
272.7756444103106,-0.067499995
272.7756924110786,-0.065
272.7757404118466,-0.0625
272.7757884126146,-0.065
272.7758364133826,-0.065
272.7758844141506,-0.065
272.7759324149186,-0.0725
272.77598041568666,-0.08
272.77602841645466,-0.089999996
272.77607641722267,-0.085
272.7761244179907,-0.0875
272.7761724187587,-0.0875
272.7762204195267,-0.085
272.7762684202947,-0.0875
272.77631642106275,-0.085
272.77636442183075,-0.0775
272.77641242259875,-0.082499996
272.77646042336676,-0.0775
272.77650842413476,-0.0775
272.77655642490276,-0.074999996
272.77660442567077,-0.0775
272.77665242643883,-0.082499996
272.77670042720683,-0.0775
272.77674842797484,-0.07
272.77679642874284,-0.0725
272.77684442951085,-0.067499995
272.77689243027885,-0.0525
272.77694043104685,-0.06
272.7769884318149,-0.0525
272.7770364325829,-0.057499997
272.7770844333509,-0.055
272.7771324341189,-0.057499997
272.77718043488693,-0.055
272.77722843565493,-0.06
272.777276436423,-0.057499997
272.777324437191,-0.06
272.777372437959,-0.06
272.777420438727,-0.074999996
272.777468439495,-0.0775
272.777516440263,-0.0775
272.777564441031,-0.065
272.7776124417991,-0.082499996
272.7776604425671,-0.082499996
272.7777084433351,-0.085
272.7777564441031,-0.0975
272.7778044448711,-0.099999994
272.7778524456391,-0.107499994
272.7779004464071,-0.114999995
272.77794844717516,-0.1125
272.77799644794317,-0.1175
272.77804444871117,-0.12
272.7780924494792,-0.1125
272.7781404502472,-0.11
272.7781884510152,-0.105
272.7782364517832,-0.122499995
272.77828445255125,-0.12
272.77833245331925,-0.114999995
272.77838045408726,-0.105
272.77842845485526,-0.107499994
272.77847645562326,-0.0925
272.77852445639127,-0.105
272.77857245715927,-0.095
272.77862045792733,-0.089999996
272.77866845869534,-0.082499996
272.77871645946334,-0.0925
272.77876446023134,-0.0925
272.77881246099935,-0.0925
272.77886046176735,-0.085
272.7789084625354,-0.08
272.7789564633034,-0.082499996
272.7790044640714,-0.0925
272.7790524648394,-0.08
272.7791004656074,-0.08
272.77914846637543,-0.082499996
272.77919646714344,-0.074999996
272.7792444679115,-0.0725
272.7792924686795,-0.065
272.7793404694475,-0.0625
272.7793884702155,-0.055
272.7794364709835,-0.06
272.7794844717515,-0.06
272.7795324725195,-0.0525
272.7795804732876,-0.0475
272.7796284740556,-0.06
272.7796764748236,-0.06
272.7797244755916,-0.0525
272.7797724763596,-0.06
272.7798204771276,-0.065
272.7798684778956,-0.055
272.77991647866367,-0.065
272.77996447943167,-0.0625
272.7800124801997,-0.0725
272.7800604809677,-0.074999996
272.7801084817357,-0.074999996
272.7801564825037,-0.0725
272.7802044832717,-0.067499995
272.78025248403975,-0.067499995
272.78030048480775,-0.067499995
272.78034848557576,-0.0625
272.78039648634376,-0.07
272.78044448711177,-0.0725
272.78049248787977,-0.0775
272.78054048864783,-0.07
272.78058848941583,-0.07
272.78063649018384,-0.067499995
272.78068449095184,-0.0775
272.78073249171985,-0.07
272.78078049248785,-0.0775
272.78082849325585,-0.0775
272.7808764940239,-0.08
272.7809244947919,-0.0925
272.7809724955599,-0.0875
272.7810204963279,-0.095
272.78106849709593,-0.095
272.78111649786393,-0.1025
272.78116449863194,-0.107499994
272.7812124994,-0.114999995
272.781260500168,-0.125
272.781308500936,-0.125
272.781356501704,-0.13
272.781404502472,-0.13499999
272.78145250324,-0.13499999
272.781500504008,-0.14
272.7815485047761,-0.14
272.7815965055441,-0.13499999
272.7816445063121,-0.1425
272.7816925070801,-0.14
272.7817405078481,-0.14
272.7817885086161,-0.14
272.7818365093841,-0.14
272.78188451015217,-0.1325
272.78193251092017,-0.1275
272.7819805116882,-0.1325
272.7820285124562,-0.12
272.7820765132242,-0.1175
272.7821245139922,-0.11
272.7821725147602,-0.1175
272.78222051552825,-0.114999995
272.78226851629626,-0.1175
272.78231651706426,-0.105
272.78236451783226,-0.1125
272.78241251860027,-0.11
272.78246051936827,-0.114999995
272.78250852013633,-0.1125
272.78255652090434,-0.107499994
272.78260452167234,-0.1175
272.78265252244034,-0.1175
272.78270052320835,-0.105
272.78274852397635,-0.1125
272.78279652474436,-0.107499994
272.7828445255124,-0.105
272.7828925262804,-0.095
272.7829405270484,-0.0975
272.7829885278164,-0.1025
272.78303652858443,-0.095
272.78308452935244,-0.085
272.78313253012044,-0.089999996
272.7831805308885,-0.085
272.7832285316565,-0.085
272.7832765324245,-0.0775
272.7833245331925,-0.08
272.7833725339605,-0.0875
272.7834205347285,-0.0975
272.7834685354965,-0.0925
272.7835165362646,-0.0975
272.7835645370326,-0.089999996
272.7836125378006,-0.08
272.7836605385686,-0.0875
272.7837085393366,-0.0725
272.7837565401046,-0.08
272.7838045408726,-0.0775
272.78385254164067,-0.0725
272.7839005424087,-0.065
272.7839485431767,-0.07
272.7839965439447,-0.065
272.7840445447127,-0.057499997
272.7840925454807,-0.06
272.78414054624875,-0.049999997
272.78418854701675,-0.055
272.78423654778476,-0.0525
272.78428454855276,-0.055
272.78433254932077,-0.0525
272.78438055008877,-0.0475
272.7844285508568,-0.055
272.78447655162483,-0.055
272.78452455239284,-0.06
272.78457255316084,-0.049999997
272.78462055392885,-0.0425
272.78466855469685,-0.0475
272.78471655546485,-0.06
272.78476455623286,-0.0525
272.7848125570009,-0.055
272.7848605577689,-0.06
272.7849085585369,-0.065
272.78495655930493,-0.057499997
272.78500456007293,-0.0625
272.78505256084094,-0.065
272.78510056160894,-0.057499997
272.785148562377,-0.06
272.785196563145,-0.06
272.785244563913,-0.067499995
272.785292564681,-0.065
272.785340565449,-0.0725
272.785388566217,-0.067499995
272.785436566985,-0.074999996
272.7854845677531,-0.0725
272.7855325685211,-0.0875
272.7855805692891,-0.095
272.7856285700571,-0.085
272.7856765708251,-0.105
272.7857245715931,-0.1025
272.78577257236117,-0.1025
272.7858205731292,-0.1025
272.7858685738972,-0.095
272.7859165746652,-0.105
272.7859645754332,-0.0975
272.7860125762012,-0.1025
272.7860605769692,-0.105
272.78610857773725,-0.1025
272.78615657850526,-0.105
272.78620457927326,-0.095
272.78625258004126,-0.0925
272.78630058080927,-0.095
272.7863485815773,-0.0875
272.7863965823453,-0.0975
272.78644458311334,-0.0925
272.78649258388134,-0.089999996
272.78654058464934,-0.074999996
272.78658858541735,-0.08
272.78663658618535,-0.0725
272.78668458695336,-0.065
272.78673258772136,-0.0725
272.7867805884894,-0.067499995
272.7868285892574,-0.07
272.78687659002543,-0.08
272.78692459079343,-0.07
272.78697259156144,-0.0725
272.78702059232944,-0.065
272.78706859309744,-0.0725
272.7871165938655,-0.0725
272.7871645946335,-0.065
272.7872125954015,-0.065
272.7872605961695,-0.07
272.7873085969375,-0.0725
272.7873565977055,-0.08
272.7874045984736,-0.0775
272.7874525992416,-0.0725
272.7875006000096,-0.0775
272.7875486007776,-0.08
272.7875966015456,-0.082499996
272.7876446023136,-0.089999996
272.7876926030816,-0.074999996
272.78774060384967,-0.0875
272.7877886046177,-0.099999994
272.7878366053857,-0.099999994
272.7878846061537,-0.0925
272.7879326069217,-0.095
272.7879806076897,-0.095
272.7880286084577,-0.095
272.78807660922575,-0.099999994
272.78812460999376,-0.107499994
272.78817261076176,-0.11
272.78822061152977,-0.12
272.78826861229777,-0.122499995
272.7883166130658,-0.122499995
272.7883646138338,-0.12
272.78841261460184,-0.13499999
272.78846061536984,-0.122499995
272.78850861613785,-0.1275
272.78855661690585,-0.1375
272.78860461767385,-0.145
272.78865261844186,-0.1425
272.78870061920986,-0.1525
272.7887486199779,-0.155
272.7887966207459,-0.16
272.78884462151393,-0.1575
272.78889262228194,-0.1525
272.78894062304994,-0.16
272.78898862381794,-0.155
272.789036624586,-0.1525
272.789084625354,-0.1525
272.789132626122,-0.155
272.78918062689,-0.1525
272.789228627658,-0.1475
272.789276628426,-0.1475
272.789324629194,-0.1375
272.7893726299621,-0.145
272.7894206307301,-0.145
272.7894686314981,-0.1375
272.7895166322661,-0.1425
272.7895646330341,-0.1375
272.7896126338021,-0.14
272.7896606345701,-0.13
272.7897086353382,-0.125
272.7897566361062,-0.125
272.7898046368742,-0.13
272.7898526376422,-0.125
272.7899006384102,-0.1275
272.7899486391782,-0.122499995
272.7899966399462,-0.1175
272.79004464071426,-0.122499995
272.79009264148226,-0.122499995
272.79014064225026,-0.125
272.79018864301827,-0.122499995
272.7902366437863,-0.13
272.7902846445543,-0.1325
272.7903326453223,-0.13
272.79038064609034,-0.125
272.79042864685835,-0.122499995
272.79047664762635,-0.122499995
272.79052464839435,-0.122499995
272.79057264916236,-0.1175
272.79062064993036,-0.11
272.7906686506984,-0.1125
272.7907166514664,-0.107499994
272.79076465223443,-0.1025
272.79081265300243,-0.105
272.79086065377044,-0.1025
272.79090865453844,-0.107499994
272.79095665530645,-0.099999994
272.7910046560745,-0.099999994
272.7910526568425,-0.095
272.7911006576105,-0.0925
272.7911486583785,-0.089999996
272.7911966591465,-0.089999996
272.7912446599145,-0.0875
272.79129266068253,-0.08
272.7913406614506,-0.0775
272.7913886622186,-0.0625
272.7914366629866,-0.074999996
272.7914846637546,-0.0775
272.7915326645226,-0.08
272.7915806652906,-0.074999996
272.7916286660586,-0.082499996
272.7916766668267,-0.08
272.7917246675947,-0.089999996
272.7917726683627,-0.0875
272.7918206691307,-0.0875
272.7918686698987,-0.0975
272.7919166706667,-0.095
272.7919646714347,-0.0925
272.79201267220276,-0.095
272.79206067297076,-0.095
272.79210867373877,-0.107499994
272.79215667450677,-0.105
272.7922046752748,-0.107499994
272.7922526760428,-0.1025
272.79230067681084,-0.105
272.79234867757884,-0.11
272.79239667834685,-0.105
272.79244467911485,-0.114999995
272.79249267988286,-0.11
272.79254068065086,-0.105
272.79258868141886,-0.107499994
272.7926366821869,-0.107499994
272.7926846829549,-0.1025
272.79273268372293,-0.107499994
272.79278068449094,-0.114999995
272.79282868525894,-0.107499994
272.79287668602694,-0.0975
272.79292468679495,-0.11
272.792972687563,-0.1125
272.793020688331,-0.105
272.793068689099,-0.0975
272.793116689867,-0.105
272.793164690635,-0.105
272.793212691403,-0.1025
272.79326069217103,-0.095
272.7933086929391,-0.099999994
272.7933566937071,-0.105
272.7934046944751,-0.099999994
272.7934526952431,-0.0925
272.7935006960111,-0.095
272.7935486967791,-0.1025
272.7935966975471,-0.0975
272.7936446983152,-0.089999996
272.7936926990832,-0.0875
272.7937406998512,-0.0875
272.7937887006192,-0.0925
272.7938367013872,-0.1025
272.7938847021552,-0.095
272.79393270292326,-0.099999994
272.79398070369126,-0.089999996
272.79402870445927,-0.0925
272.79407670522727,-0.089999996
272.7941247059953,-0.0875
272.7941727067633,-0.0875
272.7942207075313,-0.085
272.79426870829934,-0.082499996
272.79431670906735,-0.082499996
272.79436470983535,-0.08
272.79441271060335,-0.085
272.79446071137136,-0.0875
272.79450871213936,-0.08
272.79455671290737,-0.085
272.7946047136754,-0.085
272.79465271444343,-0.082499996
272.79470071521143,-0.085
272.79474871597944,-0.08
272.79479671674744,-0.082499996
272.79484471751545,-0.085
272.79489271828345,-0.095
272.7949407190515,-0.082499996
272.7949887198195,-0.085
272.7950367205875,-0.085
272.7950847213555,-0.095
272.7951327221235,-0.0875
272.79518072289153,-0.089999996
272.79522872365953,-0.085
272.7952767244276,-0.082499996
272.7953247251956,-0.07
272.7953727259636,-0.08
272.7954207267316,-0.082499996
272.7954687274996,-0.074999996
272.7955167282676,-0.0775
272.7955647290357,-0.074999996
272.7956127298037,-0.08
272.7956607305717,-0.08
272.7957087313397,-0.08
272.7957567321077,-0.0725
272.7958047328757,-0.085
272.7958527336437,-0.08
272.79590073441176,-0.085
272.79594873517976,-0.082499996
272.79599673594777,-0.0875
272.79604473671577,-0.095
272.7960927374838,-0.0875
272.7961407382518,-0.0875
272.7961887390198,-0.0875
272.79623673978784,-0.085
272.79628474055585,-0.0925
272.79633274132385,-0.0875
272.79638074209186,-0.095
272.79642874285986,-0.089999996
272.79647674362786,-0.095
272.79652474439587,-0.089999996
272.7965727451639,-0.085
272.79662074593193,-0.082499996
272.79666874669994,-0.0925
272.79671674746794,-0.0925
272.79676474823594,-0.0925
272.79681274900395,-0.1025
272.79686074977195,-0.1025
272.79690875054,-0.095
272.796956751308,-0.0975
272.797004752076,-0.0975
272.797052752844,-0.095
272.797100753612,-0.095
272.79714875438003,-0.1025
272.7971967551481,-0.099999994
272.7972447559161,-0.0975
272.7972927566841,-0.1025
272.7973407574521,-0.1025
272.7973887582201,-0.0975
272.7974367589881,-0.1025
272.7974847597561,-0.095
272.7975327605242,-0.099999994
272.7975807612922,-0.0975
272.7976287620602,-0.0925
272.7976767628282,-0.0925
272.7977247635962,-0.089999996
272.7977727643642,-0.089999996
272.7978207651322,-0.0925
272.79786876590026,-0.089999996
272.79791676666827,-0.095
272.79796476743627,-0.0975
272.7980127682043,-0.089999996
272.7980607689723,-0.085
272.7981087697403,-0.074999996
272.7981567705083,-0.074999996
272.79820477127635,-0.074999996
272.79825277204435,-0.0725
272.79830077281235,-0.08
272.79834877358036,-0.074999996
272.79839677434836,-0.074999996
272.79844477511637,-0.0725
272.79849277588437,-0.082499996
272.79854077665243,-0.085
272.79858877742043,-0.085
272.79863677818844,-0.0875
272.79868477895644,-0.0875
272.79873277972445,-0.089999996
272.79878078049245,-0.0925
272.7988287812605,-0.0875
272.7988767820285,-0.082499996
272.7989247827965,-0.074999996
272.7989727835645,-0.0775
272.7990207843325,-0.082499996
272.79906878510053,-0.082499996
272.79911678586853,-0.08
272.7991647866366,-0.0775
272.7992127874046,-0.08
272.7992607881726,-0.07
272.7993087889406,-0.07
272.7993567897086,-0.065
272.7994047904766,-0.067499995
272.7994527912446,-0.065
272.7995007920127,-0.067499995
272.7995487927807,-0.06
272.7995967935487,-0.0625
272.7996447943167,-0.057499997
272.7996927950847,-0.057499997
272.7997407958527,-0.06
272.7997887966207,-0.055
272.79983679738876,-0.0525
272.79988479815677,-0.0525
272.7999327989248,-0.057499997
272.7999807996928,-0.057499997
272.8000288004608,-0.06
272.8000768012288,-0.0775
272.8001248019968,-0.067499995
272.80017280276485,-0.0625
272.80022080353285,-0.057499997
272.80026880430086,-0.06
272.80031680506886,-0.0525
272.80036480583686,-0.057499997
272.80041280660487,-0.057499997
272.80046080737293,-0.0625
272.80050880814093,-0.074999996
272.80055680890894,-0.074999996
272.80060480967694,-0.0775
272.80065281044494,-0.0775
272.80070081121295,-0.089999996
272.80074881198095,-0.085
272.800796812749,-0.0925
272.800844813517,-0.085
272.800892814285,-0.089999996
272.800940815053,-0.0875
272.80098881582103,-0.089999996
272.80103681658903,-0.0875
272.80108481735704,-0.0875
272.8011328181251,-0.0875
272.8011808188931,-0.0875
272.8012288196611,-0.0875
272.8012768204291,-0.085
272.8013248211971,-0.0775
272.8013728219651,-0.085
272.8014208227331,-0.0875
272.8014688235012,-0.085
272.8015168242692,-0.0875
272.8015648250372,-0.0975
272.8016128258052,-0.089999996
272.8016608265732,-0.095
272.8017088273412,-0.095
272.8017568281092,-0.099999994
272.80180482887727,-0.1125
272.80185282964527,-0.1025
272.8019008304133,-0.105
272.8019488311813,-0.107499994
272.8019968319493,-0.1025
272.8020448327173,-0.0975
272.80209283348535,-0.099999994
272.80214083425335,-0.0975
272.80218883502135,-0.099999994
272.80223683578936,-0.0975
272.80228483655736,-0.0875
272.80233283732537,-0.0925
272.80238083809337,-0.0875
272.80242883886143,-0.0925
272.80247683962943,-0.082499996
272.80252484039744,-0.085
272.80257284116544,-0.085
272.80262084193345,-0.0875
272.80266884270145,-0.089999996
272.80271684346945,-0.085
272.8027648442375,-0.0775
272.8028128450055,-0.082499996
272.8028608457735,-0.0775
272.8029088465415,-0.08
272.80295684730953,-0.085
272.80300484807753,-0.074999996
272.80305284884554,-0.08
272.8031008496136,-0.08
272.8031488503816,-0.0775
272.8031968511496,-0.0775
272.8032448519176,-0.067499995
272.8032928526856,-0.08
272.8033408534536,-0.0725
272.8033888542216,-0.074999996
272.8034368549897,-0.082499996
272.8034848557577,-0.082499996
272.8035328565257,-0.0925
272.8035808572937,-0.082499996
272.8036288580617,-0.0775
272.8036768588297,-0.0875
272.80372485959776,-0.0875
272.80377286036577,-0.085
272.8038208611338,-0.089999996
272.8038688619018,-0.08
272.8039168626698,-0.082499996
272.8039648634378,-0.08
272.8040128642058,-0.08
272.80406086497385,-0.0775
272.80410886574185,-0.0725
272.80415686650986,-0.08
272.80420486727786,-0.067499995
272.80425286804586,-0.067499995
272.80430086881387,-0.067499995
272.8043488695819,-0.065
272.80439687034993,-0.067499995
272.80444487111794,-0.067499995
272.80449287188594,-0.06
272.80454087265394,-0.065
272.80458887342195,-0.067499995
272.80463687418995,-0.065
272.80468487495796,-0.065
272.804732875726,-0.065
272.804780876494,-0.0725
272.804828877262,-0.0725
272.80487687803003,-0.085
272.80492487879803,-0.08
272.80497287956604,-0.08
272.80502088033404,-0.074999996
272.8050688811021,-0.0725
272.8051168818701,-0.08
272.8051648826381,-0.082499996
272.8052128834061,-0.08
272.8052608841741,-0.082499996
272.8053088849421,-0.0875
272.8053568857102,-0.089999996
272.8054048864782,-0.082499996
272.8054528872462,-0.074999996
272.8055008880142,-0.08
272.8055488887822,-0.089999996
272.8055968895502,-0.0925
272.8056448903182,-0.0875
272.80569289108627,-0.089999996
272.80574089185427,-0.0875
272.8057888926223,-0.089999996
272.8058368933903,-0.082499996
272.8058848941583,-0.08
272.8059328949263,-0.08
272.8059808956943,-0.0775
272.80602889646235,-0.08
272.80607689723035,-0.082499996
272.80612489799836,-0.08
272.80617289876636,-0.074999996
272.80622089953437,-0.074999996
272.80626890030237,-0.0775
272.8063169010704,-0.0775
272.80636490183844,-0.07
272.80641290260644,-0.08
272.80646090337444,-0.0775
272.80650890414245,-0.085
272.80655690491045,-0.082499996
272.80660490567845,-0.0875
272.80665290644646,-0.0875
272.8067009072145,-0.082499996
272.8067489079825,-0.082499996
272.8067969087505,-0.082499996
272.80684490951853,-0.0875
272.80689291028654,-0.082499996
272.80694091105454,-0.067499995
272.8069889118226,-0.065
272.8070369125906,-0.065
272.8070849133586,-0.065
272.8071329141266,-0.07
272.8071809148946,-0.065
272.8072289156626,-0.065
272.8072769164306,-0.055
272.8073249171987,-0.0525
272.8073729179667,-0.06
272.8074209187347,-0.067499995
272.8074689195027,-0.06
272.8075169202707,-0.065
272.8075649210387,-0.065
272.8076129218067,-0.06
272.80766092257477,-0.0725
272.8077089233428,-0.067499995
272.8077569241108,-0.065
272.8078049248788,-0.0625
272.8078529256468,-0.065
272.8079009264148,-0.0625
272.8079489271828,-0.057499997
272.80799692795085,-0.065
272.80804492871886,-0.06
272.80809292948686,-0.065
272.80814093025486,-0.0625
272.80818893102287,-0.0725
272.8082369317909,-0.065
272.8082849325589,-0.067499995
272.80833293332694,-0.06
272.80838093409494,-0.0725
272.80842893486295,-0.0625
272.80847693563095,-0.06
272.80852493639895,-0.06
272.80857293716696,-0.067499995
272.808620937935,-0.049999997
272.808668938703,-0.049999997
272.808716939471,-0.057499997
272.80876494023903,-0.049999997
272.80881294100703,-0.049999997
272.80886094177504,-0.0625
272.80890894254304,-0.049999997
272.8089569433111,-0.057499997
272.8090049440791,-0.0525
272.8090529448471,-0.044999998
272.8091009456151,-0.049999997
272.8091489463831,-0.0475
272.8091969471511,-0.057499997
272.8092449479191,-0.049999997
272.8092929486872,-0.049999997
272.8093409494552,-0.0475
272.8093889502232,-0.0475
272.8094369509912,-0.0425
272.8094849517592,-0.0425
272.8095329525272,-0.037499998
272.8095809532952,-0.0325
272.80962895406327,-0.037499998
272.8096769548313,-0.04
272.8097249555993,-0.044999998
272.8097729563673,-0.037499998
272.8098209571353,-0.04
272.8098689579033,-0.035
272.8099169586713,-0.037499998
272.80996495943936,-0.03
272.81001296020736,-0.035
272.81006096097536,-0.0425
272.81010896174337,-0.0325
272.81015696251137,-0.0275
272.8102049632794,-0.0425
272.81025296404744,-0.044999998
272.81030096481544,-0.0325
272.81034896558344,-0.0325
272.81039696635145,-0.024999999
272.81044496711945,-0.03
272.81049296788746,-0.037499998
272.81054096865546,-0.0425
272.8105889694235,-0.035
272.8106369701915,-0.035
272.8106849709595,-0.0325
272.81073297172753,-0.0325
272.81078097249554,-0.03
272.81082897326354,-0.0275
272.81087697403154,-0.015
272.8109249747996,-0.015
272.8109729755676,-0.01
272.8110209763356,-0.012499999
272.8110689771036,-0.005
272.8111169778716,-0.0025
272.8111649786396,0.0
272.8112129794076,-0.0025
272.8112609801757,-0.01
272.8113089809437,0.0
272.8113569817117,-0.0075
272.8114049824797,-0.0075
272.8114529832477,-0.005
272.8115009840157,-0.0075
272.8115489847837,-0.012499999
272.8115969855518,-0.01
272.8116449863198,-0.0175
272.8116929870878,-0.015
272.8117409878558,-0.015
272.8117889886238,-0.015
272.8118369893918,-0.015
272.81188499015985,-0.012499999
272.81193299092786,-0.02
272.81198099169586,-0.0175
272.81202899246387,-0.0275
272.81207699323187,-0.024999999
272.8121249939999,-0.024999999
272.8121729947679,-0.03
272.81222099553594,-0.0325
272.81226899630394,-0.04
272.81231699707195,-0.035
272.81236499783995,-0.04
272.81241299860795,-0.0275
272.81246099937596,-0.0325
272.81250900014396,-0.035
272.812557000912,-0.0275
272.81260500168,-0.037499998
272.81265300244803,-0.0425
272.81270100321603,-0.037499998
272.81274900398404,-0.037499998
272.81279700475204,-0.035
272.81284500552005,-0.037499998
272.8128930062881,-0.04
272.8129410070561,-0.049999997
272.8129890078241,-0.0525
272.8130370085921,-0.049999997
272.8130850093601,-0.055
272.8131330101281,-0.0625
272.81318101089613,-0.065
272.8132290116642,-0.0725
272.8132770124322,-0.08
272.8133250132002,-0.089999996
272.8133730139682,-0.08
272.8134210147362,-0.0875
272.8134690155042,-0.095
272.81351701627227,-0.1025
272.8135650170403,-0.107499994
272.8136130178083,-0.1175
272.8136610185763,-0.114999995
272.8137090193443,-0.12
272.8137570201123,-0.1175
272.8138050208803,-0.1275
272.81385302164836,-0.1325
272.81390102241636,-0.1375
272.81394902318436,-0.1425
272.81399702395237,-0.1425
272.8140450247204,-0.1475
272.8140930254884,-0.1375
272.8141410262564,-0.1375
272.81418902702444,-0.145
272.81423702779244,-0.1475
272.81428502856045,-0.1325
272.81433302932845,-0.1375
272.81438103009646,-0.1375
272.81442903086446,-0.1375
272.81447703163246,-0.13499999
272.8145250324005,-0.13
272.81457303316853,-0.1275
272.81462103393653,-0.1325
272.81466903470454,-0.14
272.81471703547254,-0.14
272.81476503624054,-0.1375
272.81481303700855,-0.1325
272.8148610377766,-0.13
272.8149090385446,-0.13
272.8149570393126,-0.1275
272.8150050400806,-0.13
272.8150530408486,-0.125
272.81510104161663,-0.11
272.8151490423847,-0.105
272.8151970431527,-0.099999994
272.8152450439207,-0.0975
272.8152930446887,-0.089999996
272.8153410454567,-0.08
272.8153890462247,-0.0725
272.8154370469927,-0.067499995
272.8154850477608,-0.07
272.8155330485288,-0.0725
272.8155810492968,-0.067499995
272.8156290500648,-0.07
272.8156770508328,-0.067499995
272.8157250516008,-0.0625
272.8157730523688,-0.067499995
272.81582105313686,-0.0625
272.81586905390486,-0.065
272.81591705467287,-0.057499997
272.81596505544087,-0.055
272.8160130562089,-0.0525
272.8160610569769,-0.0525
272.8161090577449,-0.057499997
272.81615705851294,-0.0425
272.81620505928095,-0.049999997
272.81625306004895,-0.055
272.81630106081695,-0.0475
272.81634906158496,-0.0475
272.81639706235296,-0.0525
272.81644506312097,-0.0475
272.816493063889,-0.044999998
272.81654106465703,-0.049999997
272.81658906542503,-0.04
272.81663706619304,-0.0525
272.81668506696104,-0.0475
272.81673306772905,-0.049999997
272.8167810684971,-0.057499997
272.8168290692651,-0.055
272.8168770700331,-0.0625
272.8169250708011,-0.065
272.8169730715691,-0.067499995
272.8170210723371,-0.057499997
272.81706907310513,-0.057499997
272.8171170738732,-0.065
272.8171650746412,-0.06
272.8172130754092,-0.06
272.8172610761772,-0.065
272.8173090769452,-0.0625
272.8173570777132,-0.07
272.8174050784812,-0.07
272.8174530792493,-0.067499995
272.8175010800173,-0.067499995
272.8175490807853,-0.06
272.8175970815533,-0.0725
272.8176450823213,-0.0625
272.8176930830893,-0.065
272.8177410838573,-0.06
272.81778908462536,-0.0625
272.81783708539336,-0.07
272.81788508616137,-0.07
272.8179330869294,-0.055
272.8179810876974,-0.055
272.8180290884654,-0.055
272.8180770892334,-0.0475
272.81812509000144,-0.0525
272.81817309076945,-0.044999998
272.81822109153745,-0.0475
272.81826909230546,-0.049999997
272.81831709307346,-0.0475
272.81836509384146,-0.0425
272.8184130946095,-0.04
272.81846109537753,-0.04
272.81850909614553,-0.04
272.81855709691354,-0.0325
272.81860509768154,-0.03
272.81865309844954,-0.0325
272.81870109921755,-0.04
272.8187490999856,-0.037499998
272.8187971007536,-0.0275
272.8188451015216,-0.0275
272.8188931022896,-0.015
272.8189411030576,-0.024999999
272.81898910382563,-0.022499999
272.81903710459363,-0.0175
272.8190851053617,-0.02
272.8191331061297,-0.0175
272.8191811068977,-0.024999999
272.8192291076657,-0.024999999
272.8192771084337,-0.024999999
272.8193251092017,-0.024999999
272.8193731099697,-0.022499999
272.8194211107378,-0.022499999
272.8194691115058,-0.02
272.8195171122738,-0.022499999
272.8195651130418,-0.022499999
272.8196131138098,-0.015
272.8196611145778,-0.02
272.8197091153458,-0.03
272.81975711611386,-0.022499999
272.81980511688187,-0.0175
272.81985311764987,-0.02
272.8199011184179,-0.015
272.8199491191859,-0.015
272.8199971199539,-0.024999999
272.82004512072194,-0.02
272.82009312148995,-0.022499999
272.82014112225795,-0.035
272.82018912302595,-0.04
272.82023712379396,-0.04
272.82028512456196,-0.04
272.82033312532997,-0.0475
272.820381126098,-0.0475
272.82042912686603,-0.049999997
272.82047712763404,-0.0475
272.82052512840204,-0.055
272.82057312917004,-0.055
272.82062112993805,-0.057499997
272.82066913070605,-0.06
272.8207171314741,-0.0625
272.8207651322421,-0.07
272.8208131330101,-0.06
272.8208611337781,-0.057499997
272.8209091345461,-0.06
272.82095713531413,-0.057499997
272.82100513608214,-0.07
272.8210531368502,-0.0775
272.8211011376182,-0.0775
272.8211491383862,-0.074999996
272.8211971391542,-0.0725
272.8212451399222,-0.0775
272.8212931406902,-0.0775
272.8213411414582,-0.0875
272.8213891422263,-0.0925
272.8214371429943,-0.089999996
272.8214851437623,-0.0875
272.8215331445303,-0.089999996
272.8215811452983,-0.0875
272.8216291460663,-0.0925
272.82167714683436,-0.095
272.82172514760236,-0.0925
272.82177314837037,-0.089999996
272.8218211491384,-0.095
272.8218691499064,-0.0875
272.8219171506744,-0.095
272.8219651514424,-0.089999996
272.82201315221045,-0.0875
272.82206115297845,-0.0875
272.82210915374645,-0.0925
272.82215715451446,-0.082499996
272.82220515528246,-0.085
272.82225315605046,-0.089999996
272.82230115681847,-0.0925
272.82234915758653,-0.089999996
272.82239715835453,-0.0875
272.82244515912254,-0.085
272.82249315989054,-0.0875
272.82254116065855,-0.0875
272.82258916142655,-0.0875
272.82263716219455,-0.089999996
272.8226851629626,-0.0875
272.8227331637306,-0.082499996
272.8227811644986,-0.082499996
272.8228291652666,-0.0775
272.82287716603463,-0.074999996
272.82292516680263,-0.074999996
272.82297316757064,-0.07
272.8230211683387,-0.0725
272.8230691691067,-0.0725
272.8231171698747,-0.067499995
272.8231651706427,-0.07
272.8232131714107,-0.067499995
272.8232611721787,-0.065
272.8233091729468,-0.06
272.8233571737148,-0.06
272.8234051744828,-0.06
272.8234531752508,-0.055
272.8235011760188,-0.057499997
272.8235491767868,-0.0525
272.8235971775548,-0.049999997
272.82364517832286,-0.06
272.82369317909087,-0.06
272.82374117985887,-0.057499997
272.8237891806269,-0.055
272.8238371813949,-0.057499997
272.8238851821629,-0.0625
272.8239331829309,-0.057499997
272.82398118369895,-0.055
272.82402918446695,-0.067499995
272.82407718523496,-0.067499995
272.82412518600296,-0.0725
272.82417318677096,-0.0775
272.82422118753897,-0.07
272.82426918830697,-0.0725
272.82431718907503,-0.0625
272.82436518984304,-0.0775
272.82441319061104,-0.08
272.82446119137904,-0.085
272.82450919214705,-0.082499996
272.82455719291505,-0.085
272.82460519368306,-0.085
272.8246531944511,-0.085
272.8247011952191,-0.082499996
272.8247491959871,-0.08
272.8247971967551,-0.082499996
272.82484519752313,-0.074999996
272.82489319829114,-0.089999996
272.82494119905914,-0.085
272.8249891998272,-0.074999996
272.8250372005952,-0.07
272.8250852013632,-0.0725
272.8251332021312,-0.0725
272.8251812028992,-0.08
272.8252292036672,-0.0775
272.8252772044353,-0.0725
272.8253252052033,-0.0775
272.8253732059713,-0.0875
272.8254212067393,-0.085
272.8254692075073,-0.0775
272.8255172082753,-0.089999996
272.8255652090433,-0.0875
272.82561320981137,-0.0875
272.82566121057937,-0.0775
272.8257092113474,-0.089999996
272.8257572121154,-0.082499996
272.8258052128834,-0.089999996
272.8258532136514,-0.0875
272.8259012144194,-0.082499996
272.82594921518745,-0.089999996
272.82599721595545,-0.082499996
272.82604521672346,-0.0875
272.82609321749146,-0.0875
272.82614121825947,-0.085
272.82618921902747,-0.089999996
272.8262372197955,-0.0925
272.82628522056353,-0.095
272.82633322133154,-0.095
272.82638122209954,-0.1025
272.82642922286755,-0.105
272.82647722363555,-0.105
272.82652522440355,-0.095
272.82657322517156,-0.114999995
272.8266212259396,-0.099999994
272.8266692267076,-0.099999994
272.8267172274756,-0.095
272.82676522824363,-0.1175
272.82681322901163,-0.1125
272.82686122977964,-0.107499994
272.8269092305477,-0.1125
272.8269572313157,-0.12
272.8270052320837,-0.1125
272.8270532328517,-0.11
272.8271012336197,-0.1125
272.8271492343877,-0.1175
272.8271972351557,-0.1175
272.8272452359238,-0.1125
272.8272932366918,-0.11
272.8273412374598,-0.1175
272.8273892382278,-0.122499995
272.8274372389958,-0.114999995
272.8274852397638,-0.12
272.8275332405318,-0.122499995
272.82758124129987,-0.114999995
272.82762924206787,-0.12
272.8276772428359,-0.125
272.8277252436039,-0.13
272.8277732443719,-0.1175
272.8278212451399,-0.114999995
272.8278692459079,-0.1125
272.82791724667595,-0.1175
272.82796524744396,-0.1025
272.82801324821196,-0.095
272.82806124897996,-0.099999994
272.82810924974797,-0.107499994
272.82815725051597,-0.099999994
272.828205251284,-0.1025
272.82825325205204,-0.11
272.82830125282004,-0.107499994
272.82834925358804,-0.107499994
272.82839725435605,-0.107499994
272.82844525512405,-0.0975
272.82849325589206,-0.105
272.8285412566601,-0.099999994
272.8285892574281,-0.099999994
272.8286372581961,-0.0975
272.82868525896413,-0.0975
272.82873325973213,-0.1025
272.82878126050014,-0.1025
272.82882926126814,-0.095
272.8288772620362,-0.0975
272.8289252628042,-0.0975
272.8289732635722,-0.0975
272.8290212643402,-0.0925
272.8290692651082,-0.1025
272.8291172658762,-0.0975
272.8291652666442,-0.0975
272.8292132674123,-0.095
272.8292612681803,-0.095
272.8293092689483,-0.107499994
272.8293572697163,-0.1025
272.8294052704843,-0.0875
272.8294532712523,-0.082499996
272.8295012720203,-0.0925
272.82954927278837,-0.0875
272.8295972735564,-0.089999996
272.8296452743244,-0.0775
272.8296932750924,-0.082499996
272.8297412758604,-0.085
272.8297892766284,-0.0775
272.8298372773964,-0.0775
272.82988527816445,-0.0725
272.82993327893246,-0.07
272.82998127970046,-0.07
272.83002928046847,-0.0775
272.83007728123647,-0.0775
272.8301252820045,-0.065
272.83017328277253,-0.065
272.83022128354054,-0.06
272.83026928430854,-0.067499995
272.83031728507655,-0.065
272.83036528584455,-0.07
272.83041328661255,-0.074999996
272.83046128738056,-0.0725
272.8305092881486,-0.082499996
272.8305572889166,-0.0925
272.8306052896846,-0.0875
272.83065329045263,-0.089999996
272.83070129122063,-0.0975
272.83074929198864,-0.095
272.83079729275664,-0.11
272.8308452935247,-0.114999995
272.8308932942927,-0.12
272.8309412950607,-0.122499995
272.8309892958287,-0.125
272.8310372965967,-0.1325
272.8310852973647,-0.14
272.8311332981327,-0.13499999
272.8311812989008,-0.145
272.8312292996688,-0.14
272.8312773004368,-0.1325
272.8313253012048,-0.13499999
272.8313733019728,-0.1375
272.8314213027408,-0.1375
272.8314693035088,-0.1275
272.8315173042769,-0.122499995
272.8315653050449,-0.125
272.8316133058129,-0.125
272.8316613065809,-0.1125
272.8317093073489,-0.1125
272.8317573081169,-0.1025
272.83180530888495,-0.11
272.83185330965296,-0.105
272.83190131042096,-0.095
272.83194931118896,-0.099999994
272.83199731195697,-0.1025
272.832045312725,-0.095
272.832093313493,-0.095
272.83214131426104,-0.095
272.83218931502904,-0.095
272.83223731579704,-0.107499994
272.83228531656505,-0.095
272.83233331733305,-0.08
272.83238131810106,-0.08
272.83242931886906,-0.0925
272.8324773196371,-0.1025
272.8325253204051,-0.0925
272.83257332117313,-0.0975
272.83262132194113,-0.0975
272.83266932270914,-0.1025
272.83271732347714,-0.1025
272.83276532424514,-0.099999994
272.8328133250132,-0.089999996
272.8328613257812,-0.095
272.8329093265492,-0.0975
272.8329573273172,-0.095
272.8330053280852,-0.0975
272.8330533288532,-0.1025
272.83310132962123,-0.095
272.8331493303893,-0.0925
272.8331973311573,-0.0925
272.8332453319253,-0.0975
272.8332933326933,-0.0975
272.8333413334613,-0.0925
272.8333893342293,-0.0925
272.83343733499737,-0.0925
272.8334853357654,-0.0975
272.8335333365334,-0.1125
272.8335813373014,-0.107499994
272.8336293380694,-0.0975
272.8336773388374,-0.1025
272.8337253396054,-0.105
272.83377334037345,-0.105
272.83382134114146,-0.1025
272.83386934190946,-0.1025
272.83391734267747,-0.099999994
272.83396534344547,-0.0975
272.8340133442135,-0.099999994
272.8340613449815,-0.095
272.83410934574954,-0.0925
272.83415734651754,-0.085
272.83420534728555,-0.0875
272.83425334805355,-0.0875
272.83430134882155,-0.085
272.83434934958956,-0.082499996
272.83439735035756,-0.0925
272.8344453511256,-0.085
272.8344933518936,-0.0875
272.83454135266163,-0.08
272.83458935342964,-0.0725
272.83463735419764,-0.065
272.83468535496564,-0.07
272.83473335573365,-0.0725
272.8347813565017,-0.07
272.8348293572697,-0.0625
272.8348773580377,-0.07
272.8349253588057,-0.0625
272.8349733595737,-0.06
272.8350213603417,-0.057499997
272.8350693611098,-0.07
272.8351173618778,-0.065
272.8351653626458,-0.057499997
272.8352133634138,-0.065
272.8352613641818,-0.067499995
272.8353093649498,-0.06
272.8353573657178,-0.06
272.8354053664859,-0.055
272.8354533672539,-0.0525
272.8355013680219,-0.06
272.8355493687899,-0.0525
272.8355973695579,-0.06
272.8356453703259,-0.057499997
272.8356933710939,-0.0525
272.83574137186196,-0.065
272.83578937262996,-0.07
272.83583737339796,-0.0625
272.83588537416597,-0.057499997
272.835933374934,-0.067499995
272.835981375702,-0.057499997
272.83602937647,-0.065
272.83607737723804,-0.0625
272.83612537800605,-0.057499997
272.83617337877405,-0.06
272.83622137954205,-0.057499997
272.83626938031006,-0.0725
272.83631738107806,-0.06
272.83636538184606,-0.057499997
272.8364133826141,-0.0625
272.83646138338213,-0.0625
272.83650938415013,-0.057499997
272.83655738491814,-0.067499995
272.83660538568614,-0.065
272.83665338645415,-0.057499997
272.8367013872222,-0.067499995
272.8367493879902,-0.0625
272.8367973887582,-0.067499995
272.8368453895262,-0.055
272.8368933902942,-0.0625
272.8369413910622,-0.055
272.83698939183023,-0.055
272.8370373925983,-0.0525
272.8370853933663,-0.0525
272.8371333941343,-0.049999997
272.8371813949023,-0.044999998
272.8372293956703,-0.0425
272.8372773964383,-0.037499998
272.8373253972063,-0.03
272.8373733979744,-0.037499998
272.8374213987424,-0.022499999
272.8374693995104,-0.03
272.8375174002784,-0.03
272.8375654010464,-0.0275
272.8376134018144,-0.024999999
272.8376614025824,-0.0275
272.83770940335046,-0.03
272.83775740411846,-0.037499998
272.83780540488647,-0.0275
272.83785340565447,-0.03
272.8379014064225,-0.035
272.8379494071905,-0.03
272.8379974079585,-0.0325
272.83804540872654,-0.03
272.83809340949455,-0.035
272.83814141026255,-0.0325
272.83818941103056,-0.0325
272.83823741179856,-0.044999998
272.83828541256656,-0.044999998
272.8383334133346,-0.037499998
272.8383814141026,-0.044999998
272.83842941487063,-0.04
272.83847741563864,-0.0425
272.83852541640664,-0.044999998
272.83857341717464,-0.0475
272.83862141794265,-0.0475
272.8386694187107,-0.0525
272.8387174194787,-0.049999997
272.8387654202467,-0.0475
272.8388134210147,-0.044999998
272.8388614217827,-0.0425
272.8389094225507,-0.044999998
272.83895742331873,-0.04
272.8390054240868,-0.055
272.8390534248548,-0.044999998
272.8391014256228,-0.0475
272.8391494263908,-0.0475
272.8391974271588,-0.049999997
272.8392454279268,-0.0525
272.8392934286948,-0.049999997
272.8393414294629,-0.055
272.8393894302309,-0.049999997
272.8394374309989,-0.049999997
272.8394854317669,-0.055
272.8395334325349,-0.055
272.8395814333029,-0.0525
272.8396294340709,-0.0525
272.83967743483896,-0.0525
272.83972543560697,-0.057499997
272.83977343637497,-0.057499997
272.839821437143,-0.0525
272.839869437911,-0.0475
272.839917438679,-0.06
272.83996543944704,-0.057499997
272.84001344021505,-0.055
272.84006144098305,-0.06
272.84010944175105,-0.049999997
272.84015744251906,-0.057499997
272.84020544328706,-0.0475
272.84025344405507,-0.049999997
272.8403014448231,-0.0475
272.84034944559113,-0.0525
272.84039744635913,-0.049999997
272.84044544712714,-0.0425
272.84049344789514,-0.044999998
272.84054144866315,-0.049999997
272.84058944943115,-0.0475
272.8406374501992,-0.044999998
272.8406854509672,-0.044999998
272.8407334517352,-0.049999997
272.8407814525032,-0.0475
272.8408294532712,-0.037499998
272.84087745403923,-0.049999997
272.84092545480723,-0.04
272.8409734555753,-0.044999998
272.8410214563433,-0.04
272.8410694571113,-0.0425
272.8411174578793,-0.055
272.8411654586473,-0.049999997
272.8412134594153,-0.0525
272.8412614601833,-0.0475
272.8413094609514,-0.044999998
272.8413574617194,-0.049999997
272.8414054624874,-0.044999998
272.8414534632554,-0.044999998
272.8415014640234,-0.0425
272.8415494647914,-0.04
272.84159746555946,-0.044999998
272.84164546632746,-0.044999998
272.84169346709547,-0.024999999
272.84174146786347,-0.0325
272.8417894686315,-0.0325
272.8418374693995,-0.02
272.8418854701675,-0.022499999
272.84193347093554,-0.035
272.84198147170355,-0.0325
272.84202947247155,-0.03
272.84207747323956,-0.03
272.84212547400756,-0.0325
272.84217347477556,-0.037499998
272.84222147554357,-0.037499998
272.8422694763116,-0.037499998
272.84231747707963,-0.037499998
272.84236547784764,-0.044999998
272.84241347861564,-0.0475
272.84246147938364,-0.049999997
272.84250948015165,-0.057499997
272.84255748091965,-0.049999997
272.8426054816877,-0.044999998
272.8426534824557,-0.049999997
272.8427014832237,-0.0475
272.8427494839917,-0.0525
272.8427974847597,-0.055
272.84284548552773,-0.055
272.84289348629574,-0.055
272.8429414870638,-0.065
272.8429894878318,-0.065
272.8430374885998,-0.065
272.8430854893678,-0.067499995
272.8431334901358,-0.065
272.8431814909038,-0.067499995
272.8432294916719,-0.0725
272.8432774924399,-0.082499996
272.8433254932079,-0.08
272.8433734939759,-0.085
272.8434214947439,-0.0925
272.8434694955119,-0.0925
272.8435174962799,-0.095
272.84356549704796,-0.0875
272.84361349781597,-0.0975
272.84366149858397,-0.0975
272.843709499352,-0.107499994
272.84375750012,-0.1025
272.843805500888,-0.107499994
272.843853501656,-0.1025
272.84390150242405,-0.11
272.84394950319205,-0.122499995
272.84399750396005,-0.114999995
272.84404550472806,-0.1125
272.84409350549606,-0.114999995
272.84414150626407,-0.125
272.84418950703207,-0.125
272.84423750780013,-0.1175
272.84428550856813,-0.114999995
272.84433350933614,-0.1175
272.84438151010414,-0.12
272.84442951087215,-0.1175
272.84447751164015,-0.1125
272.84452551240815,-0.1175
272.8445735131762,-0.11
272.8446215139442,-0.107499994
272.8446695147122,-0.1125
272.8447175154802,-0.11
272.84476551624823,-0.11
272.84481351701623,-0.107499994
272.8448615177843,-0.107499994
272.8449095185523,-0.11
272.8449575193203,-0.114999995
272.8450055200883,-0.11
272.8450535208563,-0.11
272.8451015216243,-0.12
272.8451495223923,-0.114999995
272.8451975231604,-0.1175
272.8452455239284,-0.125
272.8452935246964,-0.11
272.8453415254644,-0.1125
272.8453895262324,-0.114999995
272.8454375270004,-0.1125
272.8454855277684,-0.107499994
272.84553352853646,-0.107499994
272.84558152930447,-0.105
272.8456295300725,-0.11
272.8456775308405,-0.099999994
272.8457255316085,-0.107499994
272.8457735323765,-0.099999994
272.8458215331445,-0.0925
272.84586953391255,-0.082499996
272.84591753468055,-0.089999996
272.84596553544856,-0.095
272.84601353621656,-0.082499996
272.84606153698456,-0.082499996
272.84610953775257,-0.0725
272.8461575385206,-0.07
272.84620553928863,-0.0725
272.84625354005664,-0.065
272.84630154082464,-0.067499995
272.84634954159264,-0.065
272.84639754236065,-0.06
272.84644554312865,-0.057499997
272.8464935438967,-0.0525
272.8465415446647,-0.06
272.8465895454327,-0.0625
272.8466375462007,-0.0525
272.84668554696873,-0.0525
272.84673354773673,-0.0525
272.84678154850474,-0.0475
272.8468295492728,-0.044999998
272.8468775500408,-0.0425
272.8469255508088,-0.04
272.8469735515768,-0.0325
272.8470215523448,-0.0325
272.8470695531128,-0.03
272.8471175538808,-0.0275
272.8471655546489,-0.0275
272.8472135554169,-0.03
272.8472615561849,-0.03
272.8473095569529,-0.0325
272.8473575577209,-0.03
272.8474055584889,-0.0325
272.8474535592569,-0.0325
272.84750156002497,-0.024999999
272.84754956079297,-0.03
272.847597561561,-0.0325
272.847645562329,-0.03
272.847693563097,-0.024999999
272.847741563865,-0.024999999
272.847789564633,-0.024999999
272.84783756540105,-0.015
272.84788556616905,-0.022499999
272.84793356693706,-0.02
272.84798156770506,-0.0025
272.84802956847307,-0.015
272.84807756924107,-0.012499999
272.84812557000913,-0.0175
272.84817357077713,-0.0075
272.84822157154514,-0.015
272.84826957231314,-0.024999999
272.84831757308115,-0.0275
272.84836557384915,-0.024999999
272.84841357461715,-0.037499998
272.8484615753852,-0.035
272.8485095761532,-0.0325
272.8485575769212,-0.0325
272.8486055776892,-0.037499998
272.84865357845723,-0.035
272.84870157922524,-0.035
272.84874957999324,-0.037499998
272.8487975807613,-0.022499999
272.8488455815293,-0.024999999
272.8488935822973,-0.012499999
272.8489415830653,-0.0175
272.8489895838333,-0.0025
272.8490375846013,-0.0075
272.8490855853693,-0.0025
272.8491335861374,-0.0025
272.8491815869054,-0.0025
272.8492295876734,-0.01
272.8492775884414,-0.005
272.8493255892094,0.005
272.8493735899774,-0.005
272.8494215907454,0.005
272.84946959151347,0.005
272.8495175922815,0.0025
272.8495655930495,0.005
272.8496135938175,0.0
272.8496615945855,0.0
272.8497095953535,0.005
272.84975759612155,-0.0025
272.84980559688955,0.01
272.84985359765756,0.01
272.84990159842556,0.022499999
272.84994959919356,0.0175
272.84999759996157,0.01
272.8500456007296,0.01
272.85009360149763,0.02
272.85014160226564,0.0175
272.85018960303364,0.02
272.85023760380165,0.012499999
272.85028560456965,0.015
272.85033360533765,0.0175
272.85038160610566,0.01
272.8504296068737,0.01
272.8504776076417,0.005
272.8505256084097,0.012499999
272.85057360917773,0.015
272.85062160994573,0.01
272.85066961071374,0.012499999
272.85071761148174,0.01
272.8507656122498,0.012499999
272.8508136130178,0.012499999
272.8508616137858,0.0175
272.8509096145538,0.012499999
272.8509576153218,0.015
272.8510056160898,0.01
272.8510536168578,0.02
272.8511016176259,0.02
272.8511496183939,0.012499999
272.8511976191619,0.0025
272.8512456199299,0.012499999
272.8512936206979,0.005
272.8513416214659,0.0075
272.85138962223397,0.0075
272.85143762300197,-0.0075
272.85148562377,0.0
272.851533624538,-0.0025
272.851581625306,-0.01
272.851629626074,-0.0075
272.851677626842,-0.0025
272.85172562761005,-0.01
272.85177362837806,-0.012499999
272.85182162914606,-0.0075
272.85186962991406,-0.022499999
272.85191763068207,-0.015
272.85196563145007,-0.015
272.8520136322181,-0.012499999
272.85206163298614,-0.0275
272.85210963375414,-0.022499999
272.85215763452214,-0.022499999
272.85220563529015,-0.02
272.85225363605815,-0.022499999
272.85230163682616,-0.02
272.85234963759416,-0.012499999
272.8523976383622,-0.02
272.8524456391302,-0.0175
272.8524936398982,-0.015
272.85254164066623,-0.02
272.85258964143424,0.0
272.85263764220224,-0.0075
272.85268564297024,-0.0075
272.8527336437383,-0.0075
272.8527816445063,0.0025
272.8528296452743,0.0025
272.8528776460423,0.005
272.8529256468103,-0.0025
272.8529736475783,0.0075
272.8530216483464,0.005
272.8530696491144,0.01
272.8531176498824,0.0075
272.8531656506504,0.0025
272.8532136514184,0.005
272.8532616521864,0.0075
272.8533096529544,0.012499999
272.85335765372247,0.012499999
272.8534056544905,0.01
272.8534536552585,0.02
272.8535016560265,0.024999999
272.8535496567945,0.012499999
272.8535976575625,0.0175
272.8536456583305,0.012499999
272.85369365909855,0.012499999
272.85374165986656,0.02
272.85378966063456,0.02
272.85383766140257,0.015
272.85388566217057,0.02
272.8539336629386,0.02
272.8539816637066,0.02
272.85402966447464,0.0175
272.85407766524264,0.012499999
272.85412566601065,0.0075
272.85417366677865,0.0075
272.85422166754665,-0.0025
272.85426966831466,-0.0025
272.85431766908266,-0.0075
272.8543656698507,-0.012499999
272.8544136706187,-0.015
272.85446167138673,-0.015
272.85450967215473,-0.022499999
272.85455767292274,-0.0275
272.85460567369074,-0.024999999
272.8546536744588,-0.0275
272.8547016752268,-0.037499998
272.8547496759948,-0.03
272.8547976767628,-0.03
272.8548456775308,-0.03
272.8548936782988,-0.03
272.8549416790668,-0.02
272.8549896798349,-0.024999999
272.8550376806029,-0.012499999
272.8550856813709,-0.0025
272.8551336821389,-0.005
272.8551816829069,-0.01
272.8552296836749,0.0
272.8552776844429,0.0025
272.85532568521097,0.0025
272.855373685979,0.0075
272.855421686747,0.005
272.855469687515,0.01
272.855517688283,0.005
272.855565689051,0.005
272.855613689819,0.0075
272.85566169058706,0.01
272.85570969135506,0.012499999
272.85575769212306,0.012499999
272.85580569289107,0.01
272.85585369365907,0.01
272.8559016944271,0.005
272.8559496951951,0.005
272.85599769596314,0.005
272.85604569673114,0.0
272.85609369749915,-0.005
272.85614169826715,0.0075
272.85618969903516,-0.0025
272.85623769980316,-0.0075
272.8562857005712,-0.0075
272.8563337013392,-0.0075
272.8563817021072,-0.005
272.85642970287523,-0.01
272.85647770364324,-0.0075
272.85652570441124,-0.01
272.85657370517924,-0.0025
272.8566217059473,-0.0025
272.8566697067153,0.0
272.8567177074833,-0.0025
272.8567657082513,-0.0075
272.8568137090193,0.0025
272.8568617097873,0.005
272.8569097105553,-0.005
272.8569577113234,-0.0025
272.8570057120914,0.0
272.8570537128594,0.005
272.8571017136274,0.01
272.8571497143954,0.01
272.8571977151634,0.01
272.8572457159314,0.0175
272.8572937166995,0.0175
272.8573417174675,0.015
272.8573897182355,0.022499999
272.8574377190035,0.024999999
272.8574857197715,0.022499999
272.8575337205395,0.02
272.8575817213075,0.0275
272.85762972207556,0.0275
272.85767772284356,0.03
272.85772572361157,0.03
272.85777372437957,0.0325
272.8578217251476,0.037499998
272.8578697259156,0.044999998
272.85791772668364,0.0425
272.85796572745164,0.0475
272.85801372821965,0.0425
272.85806172898765,0.0425
272.85810972975565,0.037499998
272.85815773052366,0.0425
272.85820573129166,0.044999998
272.8582537320597,0.0325
272.8583017328277,0.0325
272.85834973359573,0.024999999
272.85839773436373,0.022499999
272.85844573513174,0.022499999
272.85849373589974,0.0175
272.85854173666775,0.01
272.8585897374358,0.005
272.8586377382038,0.0
272.8586857389718,0.0025
272.8587337397398,0.0075
272.8587817405078,0.005
272.8588297412758,0.0
272.85887774204383,-0.012499999
272.8589257428119,0.0
272.8589737435799,-0.0025
272.8590217443479,0.0075
272.8590697451159,0.0
272.8591177458839,-0.005
272.8591657466519,-0.0025
272.8592137474199,0.0025
272.859261748188,0.015
272.859309748956,0.0025
272.859357749724,0.0075
272.859405750492,0.012499999
272.85945375126,0.0
272.859501752028,0.005
272.85954975279606,0.0075
272.85959775356406,0.0025
272.85964575433206,0.005
272.85969375510007,0.0
272.8597417558681,0.005
272.8597897566361,0.01
272.8598377574041,0.0025
272.85988575817214,0.01
272.85993375894014,0.01
272.85998175970815,0.0075
272.86002976047615,0.005
272.86007776124416,0.0075
272.86012576201216,0.0175
272.86017376278016,0.01
272.8602217635482,0.0075
272.86026976431623,0.01
272.86031776508423,0.012499999
272.86036576585224,0.012499999
272.86041376662024,0.022499999
272.86046176738824,0.015
272.86050976815625,0.01
272.8605577689243,0.01
272.8606057696923,0.015
272.8606537704603,0.0075
272.8607017712283,0.0025
272.8607497719963,0.005
272.86079777276433,0.01
272.86084577353233,0.005
272.8608937743004,0.012499999
272.8609417750684,0.005
272.8609897758364,0.015
272.8610377766044,0.012499999
272.8610857773724,0.01
272.8611337781404,0.0175
272.8611817789085,0.012499999
272.8612297796765,0.015
272.8612777804445,0.01
272.8613257812125,0.012499999
272.8613737819805,0.01
272.8614217827485,0.01
272.8614697835165,0.022499999
272.86151778428456,0.0275
272.86156578505256,0.024999999
272.86161378582057,0.022499999
272.86166178658857,0.0175
272.8617097873566,0.022499999
272.8617577881246,0.0275
272.8618057888926,0.0275
272.86185378966064,0.0325
272.86190179042865,0.04
272.86194979119665,0.04
272.86199779196465,0.049999997
272.86204579273266,0.049999997
272.86209379350066,0.049999997
272.86214179426867,0.049999997
272.8621897950367,0.049999997
272.86223779580473,0.06
272.86228579657273,0.0525
272.86233379734074,0.06
272.86238179810874,0.055
272.86242979887675,0.065
272.86247779964475,0.057499997
272.8625258004128,0.06
272.8625738011808,0.0625
272.8626218019488,0.0625
272.8626698027168,0.055
272.8627178034848,0.06
272.86276580425283,0.0625
272.8628138050209,0.049999997
272.8628618057889,0.06
272.8629098065569,0.057499997
272.8629578073249,0.057499997
272.8630058080929,0.06
272.8630538088609,0.049999997
272.8631018096289,0.0525
272.863149810397,0.044999998
272.863197811165,0.04
272.863245811933,0.035
272.863293812701,0.0325
272.863341813469,0.037499998
272.863389814237,0.044999998
272.863437815005,0.044999998
272.86348581577306,0.037499998
272.86353381654106,0.0425
272.86358181730907,0.049999997
272.8636298180771,0.049999997
272.8636778188451,0.0425
272.8637258196131,0.044999998
272.8637738203811,0.049999997
272.86382182114914,0.0525
272.86386982191715,0.0425
272.86391782268515,0.0525
272.86396582345316,0.0525
272.86401382422116,0.057499997
272.86406182498916,0.049999997
272.86410982575717,0.049999997
272.86415782652523,0.0425
272.86420582729323,0.044999998
