Tiempo (s),Datos
67.85359765756252,0.03
67.85364565833054,0.04
67.85369365909854,0.035
67.85374165986656,0.035
67.85378966063456,0.03
67.85383766140258,0.0325
67.8538856621706,0.03
67.8539336629386,0.03
67.85398166370662,0.03
67.85402966447462,0.03
67.85407766524264,0.024999999
67.85412566601065,0.024999999
67.85417366677866,0.0275
67.85422166754668,0.024999999
67.85426966831469,0.024999999
67.8543176690827,0.022499999
67.85436566985071,0.024999999
67.85441367061873,0.0275
67.85446167138674,0.0275
67.85450967215475,0.022499999
67.85455767292277,0.024999999
67.85460567369077,0.0175
67.85465367445879,0.0175
67.8547016752268,0.024999999
67.85474967599481,0.0275
67.85479767676283,0.02
67.85484567753083,0.024999999
67.85489367829885,0.0325
67.85494167906685,0.035
67.85498967983487,0.024999999
67.85503768060289,0.03
67.8550856813709,0.022499999
67.85513368213891,0.024999999
67.85518168290692,0.0275
67.85522968367493,0.0275
67.85527768444295,0.024999999
67.85532568521096,0.024999999
67.85537368597898,0.0175
67.85542168674698,0.02
67.855469687515,0.0175
67.85551768828302,0.0175
67.85556568905102,0.0075
67.85561368981904,0.015
67.85566169058704,0.01
67.85570969135506,0.01
67.85575769212306,0.0075
67.85580569289108,0.012499999
67.8558536936591,0.012499999
67.8559016944271,0.012499999
67.85594969519512,0.01
67.85599769596313,0.01
67.85604569673114,0.01
67.85609369749916,0.022499999
67.85614169826717,0.012499999
67.85618969903518,0.005
67.85623769980319,0.01
67.8562857005712,0.0075
67.85633370133922,0.01
67.85638170210723,0.012499999
67.85642970287525,0.012499999
67.85647770364325,0.022499999
67.85652570441127,0.015
67.85657370517927,0.0175
67.85662170594729,0.015
67.85666970671531,0.024999999
67.85671770748331,0.015
67.85676570825133,0.022499999
67.85681370901933,0.022499999
67.85686170978735,0.0175
67.85690971055537,0.015
67.85695771132337,0.012499999
67.8570057120914,0.015
67.8570537128594,0.022499999
67.85710171362742,0.0275
67.85714971439543,0.0175
67.85719771516344,0.015
67.85724571593146,0.015
67.85729371669946,0.0075
67.85734171746748,0.024999999
67.85738971823548,0.0075
67.8574377190035,0.012499999
67.85748571977152,0.02
67.85753372053952,0.015
67.85758172130754,0.01
67.85762972207554,0.0075
67.85767772284356,0.0025
67.85772572361158,0.005
67.85777372437958,0.005
67.8578217251476,0.012499999
67.8578697259156,0.01
67.85791772668362,0.015
67.85796572745164,0.012499999
67.85801372821965,0.0075
67.85806172898766,0.015
67.85810972975567,0.01
67.85815773052369,0.01
67.85820573129169,0.012499999
67.85825373205971,0.01
67.85830173282773,0.012499999
67.85834973359573,0.01
67.85839773436375,0.0175
67.85844573513175,0.0075
67.85849373589977,0.012499999
67.85854173666779,0.005
67.85858973743579,0.012499999
67.85863773820381,0.022499999
67.85868573897181,0.015
67.85873373973983,0.02
67.85878174050784,0.012499999
67.85882974127585,0.0075
67.85887774204387,0.0025
67.85892574281188,0.005
67.8589737435799,0.015
67.8590217443479,0.005
67.85906974511592,0.0025
67.85911774588394,0.012499999
67.85916574665194,0.005
67.85921374741996,0.012499999
67.85926174818796,-0.0025
67.85930974895598,0.005
67.859357749724,-0.0025
67.859405750492,0.005
67.85945375126002,0.0075
67.85950175202802,0.0
67.85954975279604,0.01
67.85959775356405,0.0075
67.85964575433206,0.015
67.85969375510008,0.0175
67.85974175586809,0.015
67.8597897566361,0.0025
67.85983775740411,0.0025
67.85988575817213,0.012499999
67.85993375894014,0.0075
67.85998175970815,0.005
67.86002976047617,0.005
67.86007776124417,0.0
67.86012576201219,0.005
67.8601737627802,0.005
67.86022176354821,0.005
67.86026976431623,-0.0025
67.86031776508423,0.005
67.86036576585225,0.005
67.86041376662025,0.0
67.86046176738827,-0.0025
67.86050976815629,-0.005
67.8605577689243,-0.005
67.86060576969231,-0.005
67.86065377046032,-0.01
67.86070177122834,-0.005
67.86074977199635,-0.01
67.86079777276436,-0.0075
67.86084577353238,-0.0075
67.86089377430038,-0.005
67.8609417750684,-0.005
67.86098977583642,-0.005
67.86103777660442,-0.0025
67.86108577737244,-0.005
67.86113377814044,-0.0025
67.86118177890846,-0.0025
67.86122977967646,-0.0025
67.86127778044448,-0.0075
67.8613257812125,-0.0025
67.8613737819805,-0.012499999
67.86142178274852,-0.005
67.86146978351653,0.0
67.86151778428454,-0.0075
67.86156578505256,-0.01
67.86161378582057,-0.01
67.86166178658858,-0.01
67.86170978735659,-0.015
67.8617577881246,-0.0175
67.86180578889262,-0.02
67.86185378966063,-0.015
67.86190179042865,-0.012499999
67.86194979119665,-0.0175
67.86199779196467,-0.012499999
67.86204579273267,-0.012499999
67.86209379350069,-0.01
67.86214179426871,-0.005
67.86218979503671,-0.0075
67.86223779580473,-0.01
67.86228579657273,-0.01
67.86233379734075,-0.0175
67.86238179810877,-0.024999999
67.86242979887678,-0.01
67.8624777996448,-0.015
67.8625258004128,-0.015
67.86257380118082,-0.01
67.86262180194883,-0.012499999
67.86266980271684,-0.01
67.86271780348486,-0.0075
67.86276580425286,-0.012499999
67.86281380502088,-0.0175
67.86286180578888,-0.024999999
67.8629098065569,-0.015
67.86295780732492,-0.012499999
67.86300580809292,-0.0175
67.86305380886094,-0.01
67.86310180962894,-0.012499999
67.86314981039696,-0.012499999
67.86319781116498,-0.005
67.86324581193298,-0.0075
67.863293812701,-0.01
67.863341813469,-0.0075
67.86338981423702,0.0
67.86343781500504,-0.005
67.86348581577305,-0.01
67.86353381654106,0.005
67.86358181730907,-0.0075
67.86362981807709,-0.0025
67.86367781884509,0.005
67.86372581961311,0.005
67.86377382038113,0.0
67.86382182114913,0.0025
67.86386982191715,0.005
67.86391782268515,0.005
67.86396582345317,0.0075
67.86401382422119,0.012499999
67.8640618249892,0.015
67.86410982575721,0.0075
67.86415782652522,0.0175
67.86420582729323,0.0175
67.86425382806125,0.0175
67.86430182882926,0.015
67.86434982959727,0.022499999
67.86439783036528,0.0175
67.8644458311333,0.022499999
67.8644938319013,0.024999999
67.86454183266932,0.024999999
67.86458983343734,0.022499999
67.86463783420534,0.022499999
67.86468583497336,0.022499999
67.86473383574136,0.02
67.86478183650938,0.022499999
67.8648298372774,0.03
67.8648778380454,0.0175
67.86492583881342,0.02
67.86497383958142,0.022499999
67.86502184034944,0.0275
67.86506984111746,0.0325
67.86511784188546,0.0275
67.86516584265348,0.022499999
67.86521384342149,0.035
67.8652618441895,0.0325
67.86530984495751,0.035
67.86535784572553,0.035
67.86540584649354,0.0425
67.86545384726155,0.04
67.86550184802957,0.04
67.86554984879757,0.0425
67.86559784956559,0.0425
67.8656458503336,0.037499998
67.86569385110161,0.0425
67.86574185186963,0.0425
67.86578985263763,0.04
67.86583785340565,0.04
67.86588585417367,0.04
67.86593385494167,0.0425
67.86598185570969,0.04
67.8660298564777,0.04
67.86607785724571,0.037499998
67.86612585801372,0.037499998
67.86617385878174,0.037499998
67.86622185954975,0.0475
67.86626986031776,0.0425
67.86631786108578,0.03
67.86636586185378,0.04
67.8664138626218,0.037499998
67.86646186338982,0.04
67.86650986415782,0.044999998
67.86655786492584,0.055
67.86660586569384,0.0525
67.86665386646186,0.049999997
67.86670186722988,0.044999998
67.86674986799788,0.049999997
67.8667978687659,0.0425
67.8668458695339,0.035
67.86689387030192,0.037499998
67.86694187106993,0.037499998
67.86698987183794,0.0325
67.86703787260596,0.035
67.86708587337397,0.0325
67.86713387414198,0.037499998
67.86718187490999,0.0275
67.867229875678,0.04
67.86727787644602,0.03
67.86732587721403,0.0325
67.86737387798205,0.024999999
67.86742187875005,0.0325
67.86746987951807,0.0325
67.86751788028609,0.037499998
67.86756588105409,0.037499998
67.86761388182211,0.037499998
67.86766188259011,0.037499998
67.86770988335813,0.04
67.86775788412614,0.04
67.86780588489415,0.035
67.86785388566217,0.035
67.86790188643018,0.037499998
67.8679498871982,0.03
67.8679978879662,0.022499999
67.86804588873422,0.024999999
67.86809388950223,0.02
67.86814189027024,0.0275
67.86818989103826,0.0275
67.86823789180626,0.015
67.86828589257428,0.0275
67.8683338933423,0.02
67.8683818941103,0.02
67.86842989487832,0.0175
67.86847789564632,0.0325
67.86852589641434,0.0275
67.86857389718234,0.0175
67.86862189795036,0.02
67.86866989871838,0.015
67.86871789948638,0.022499999
67.8687659002544,0.0175
67.8688139010224,0.02
67.86886190179042,0.024999999
67.86890990255844,0.024999999
67.86895790332645,0.03
67.86900590409446,0.03
67.86905390486247,0.035
67.86910190563049,0.0275
67.8691499063985,0.0325
67.86919790716651,0.0325
67.86924590793453,0.035
67.86929390870253,0.04
67.86934190947055,0.024999999
67.86938991023855,0.035
67.86943791100657,0.035
67.86948591177459,0.037499998
67.8695339125426,0.044999998
67.86958191331061,0.044999998
67.86962991407862,0.0475
67.86967791484663,0.049999997
67.86972591561465,0.0425
67.86977391638266,0.044999998
67.86982191715067,0.0475
67.86986991791868,0.0475
67.8699179186867,0.0525
67.86996591945471,0.055
67.87001392022272,0.049999997
67.87006192099074,0.055
67.87010992175874,0.055
67.87015792252676,0.0475
67.87020592329476,0.049999997
67.87025392406278,0.049999997
67.8703019248308,0.0425
67.8703499255988,0.04
67.87039792636682,0.035
67.87044592713482,0.04
67.87049392790284,0.037499998
67.87054192867086,0.0525
67.87058992943886,0.0425
67.87063793020688,0.0475
67.87068593097489,0.0525
67.8707339317429,0.0475
67.87078193251092,0.037499998
67.87082993327893,0.0475
67.87087793404694,0.0325
67.87092593481495,0.044999998
67.87097393558297,0.0475
67.87102193635097,0.035
67.87106993711899,0.035
67.871117937887,0.04
67.87116593865501,0.035
67.87121393942303,0.04
67.87126194019103,0.04
67.87130994095905,0.04
67.87135794172707,0.037499998
67.87140594249507,0.037499998
67.87145394326309,0.037499998
67.8715019440311,0.04
67.87154994479911,0.0475
67.87159794556713,0.035
67.87164594633514,0.0475
67.87169394710315,0.0425
67.87174194787116,0.0525
67.87178994863918,0.0525
67.87183794940718,0.0475
67.8718859501752,0.0475
67.87193395094322,0.065
67.87198195171122,0.06
67.87202995247924,0.055
67.87207795324724,0.0475
67.87212595401526,0.057499997
67.87217395478328,0.0525
67.87222195555128,0.065
67.8722699563193,0.049999997
67.8723179570873,0.057499997
67.87236595785532,0.0475
67.87241395862334,0.055
67.87246195939134,0.0525
67.87250996015936,0.0475
67.87255796092737,0.0475
67.87260596169538,0.04
67.87265396246339,0.0425
67.8727019632314,0.0475
67.87274996399942,0.04
67.87279796476743,0.035
67.87284596553545,0.0425
67.87289396630345,0.0325
67.87294196707147,0.0325
67.87298996783949,0.0325
67.87303796860749,0.024999999
67.87308596937551,0.0325
67.87313397014351,0.03
67.87318197091153,0.024999999
67.87322997167955,0.02
67.87327797244755,0.0325
67.87332597321557,0.02
67.87337397398358,0.022499999
67.8734219747516,0.024999999
67.8734699755196,0.03
67.87351797628762,0.035
67.87356597705563,0.02
67.87361397782364,0.022499999
67.87366197859166,0.0325
67.87370997935966,0.035
67.87375798012768,0.035
67.8738059808957,0.0275
67.8738539816637,0.024999999
67.87390198243172,0.03
67.87394998319972,0.0325
67.87399798396774,0.035
67.87404598473576,0.024999999
67.87409398550376,0.022499999
67.87414198627178,0.035
67.87418998703978,0.03
67.8742379878078,0.022499999
67.8742859885758,0.022499999
67.87433398934382,0.0325
67.87438199011184,0.0275
67.87442999087985,0.0275
67.87447799164786,0.0325
67.87452599241587,0.022499999
67.87457399318389,0.024999999
67.8746219939519,0.0275
67.87466999471991,0.024999999
67.87471799548793,0.024999999
67.87476599625593,0.024999999
67.87481399702395,0.022499999
67.87486199779197,0.0275
67.87490999855997,0.02
67.87495799932799,0.02
67.875006000096,0.022499999
67.87505400086401,0.012499999
67.87510200163202,0.012499999
67.87515000240003,0.02
67.87519800316805,0.015
67.87524600393606,0.0175
67.87529400470407,0.015
67.87534200547208,0.015
67.8753900062401,0.0
67.87543800700811,0.005
67.87548600777612,0.005
67.87553400854414,0.005
67.87558200931214,0.0
67.87563001008016,-0.0025
67.87567801084818,-0.005
67.87572601161618,0.0
67.8757740123842,-0.015
67.8758220131522,-0.015
67.87587001392022,-0.015
67.87591801468822,-0.02
67.87596601545624,-0.022499999
67.87601401622426,-0.03
67.87606201699226,-0.0275
67.87611001776028,-0.0275
67.87615801852829,-0.035
67.8762060192963,-0.0325
67.87625402006432,-0.0275
67.87630202083233,-0.0275
67.87635002160035,-0.024999999
67.87639802236835,-0.024999999
67.87644602313637,-0.0275
67.87649402390439,-0.0325
67.87654202467239,-0.0325
67.87659002544041,-0.0275
67.87663802620841,-0.0325
67.87668602697643,-0.0325
67.87673402774443,-0.037499998
67.87678202851245,-0.0325
67.87683002928047,-0.035
67.87687803004847,-0.035
67.87692603081649,-0.035
67.8769740315845,-0.035
67.87702203235251,-0.0325
67.87707003312053,-0.03
67.87711803388854,-0.035
67.87716603465655,-0.037499998
67.87721403542456,-0.04
67.87726203619258,-0.035
67.8773100369606,-0.03
67.8773580377286,-0.037499998
67.87740603849662,-0.0325
67.87745403926462,-0.024999999
67.87750204003264,-0.022499999
67.87755004080064,-0.0325
67.87759804156866,-0.0325
67.87764604233668,-0.022499999
67.87769404310468,-0.0275
67.8777420438727,-0.0325
67.8777900446407,-0.035
67.87783804540872,-0.0275
67.87788604617674,-0.0325
67.87793404694474,-0.0325
67.87798204771276,-0.03
67.87803004848077,-0.03
67.87807804924878,-0.0275
67.8781260500168,-0.0325
67.8781740507848,-0.03
67.87822205155283,-0.0275
67.87827005232083,-0.022499999
67.87831805308885,-0.0325
67.87836605385685,-0.0175
67.87841405462487,-0.02
67.87846205539289,-0.0175
67.87851005616089,-0.02
67.87855805692891,-0.024999999
67.87860605769691,-0.012499999
67.87865405846493,-0.022499999
67.87870205923295,-0.015
67.87875006000095,-0.015
67.87879806076897,-0.02
67.87884606153698,-0.0175
67.878894062305,-0.0175
67.87894206307301,-0.022499999
67.87899006384102,-0.0175
67.87903806460903,-0.02
67.87908606537704,-0.0175
67.87913406614506,-0.0175
67.87918206691306,-0.024999999
67.87923006768108,-0.024999999
67.8792780684491,-0.0175
67.8793260692171,-0.015
67.87937406998512,-0.0175
67.87942207075312,-0.01
67.87947007152114,-0.012499999
67.87951807228916,-0.012499999
67.87956607305716,-0.0075
67.87961407382518,-0.0075
67.87966207459318,-0.005
67.8797100753612,-0.0175
67.87975807612922,-0.015
67.87980607689722,-0.0175
67.87985407766524,-0.015
67.87990207843325,-0.022499999
67.87995007920127,-0.01
67.87999807996927,-0.01
67.88004608073729,-0.022499999
67.8800940815053,-0.0175
67.88014208227331,-0.0275
67.88019008304133,-0.0175
67.88023808380933,-0.01
67.88028608457735,-0.0175
67.88033408534537,-0.03
67.88038208611337,-0.024999999
67.88043008688139,-0.0275
67.8804780876494,-0.022499999
67.88052608841741,-0.03
67.88057408918542,-0.044999998
67.88062208995343,-0.0425
67.88067009072145,-0.0425
67.88071809148946,-0.0425
67.88076609225747,-0.0425
67.88081409302548,-0.037499998
67.8808620937935,-0.04
67.88091009456151,-0.044999998
67.88095809532952,-0.049999997
67.88100609609754,-0.0475
67.88105409686554,-0.049999997
67.88110209763356,-0.0475
67.88115009840158,-0.049999997
67.88119809916958,-0.0525
67.8812460999376,-0.0525
67.8812941007056,-0.0625
67.88134210147362,-0.057499997
67.88139010224162,-0.057499997
67.88143810300964,-0.0625
67.88148610377766,-0.0625
67.88153410454566,-0.07
67.88158210531368,-0.07
67.88163010608169,-0.067499995
67.8816781068497,-0.0725
67.88172610761772,-0.07
67.88177410838573,-0.0725
67.88182210915375,-0.074999996
67.88187010992175,-0.08
67.88191811068977,-0.0875
67.88196611145779,-0.08
67.88201411222579,-0.082499996
67.88206211299381,-0.082499996
67.88211011376181,-0.067499995
67.88215811452983,-0.065
67.88220611529783,-0.065
67.88225411606585,-0.0625
67.88230211683387,-0.065
67.88235011760187,-0.067499995
67.88239811836989,-0.0625
67.8824461191379,-0.065
67.88249411990591,-0.0625
67.88254212067393,-0.0525
67.88259012144194,-0.06
67.88263812220995,-0.065
67.88268612297796,-0.0525
67.88273412374598,-0.055
67.882782124514,-0.057499997
67.882830125282,-0.06
67.88287812605002,-0.049999997
67.88292612681802,-0.0525
67.88297412758604,-0.0475
67.88302212835404,-0.057499997
67.88307012912206,-0.049999997
67.88311812989008,-0.057499997
67.88316613065808,-0.044999998
67.8832141314261,-0.049999997
67.8832621321941,-0.0425
67.88331013296212,-0.0425
67.88335813373014,-0.04
67.88340613449814,-0.0325
67.88345413526616,-0.03
67.88350213603417,-0.037499998
67.88355013680219,-0.0325
67.8835981375702,-0.0425
67.88364613833821,-0.0325
67.88369413910623,-0.0275
67.88374213987423,-0.0325
67.88379014064225,-0.04
67.88383814141025,-0.035
67.88388614217827,-0.0425
67.88393414294629,-0.055
67.88398214371429,-0.0475
67.88403014448231,-0.037499998
67.88407814525031,-0.0475
67.88412614601833,-0.035
67.88417414678635,-0.04
67.88422214755435,-0.04
67.88427014832237,-0.0425
67.88431814909038,-0.035
67.8843661498584,-0.035
67.88441415062641,-0.037499998
67.88446215139442,-0.0325
67.88451015216243,-0.04
67.88455815293044,-0.035
67.88460615369846,-0.04
67.88465415446646,-0.04
67.88470215523448,-0.037499998
67.8847501560025,-0.04
67.8847981567705,-0.0425
67.88484615753852,-0.037499998
67.88489415830652,-0.0425
67.88494215907454,-0.04
67.88499015984256,-0.0475
67.88503816061056,-0.055
67.88508616137858,-0.0525
67.88513416214658,-0.044999998
67.8851821629146,-0.057499997
67.88523016368262,-0.0475
67.88527816445063,-0.044999998
67.88532616521864,-0.04
67.88537416598665,-0.0475
67.88542216675467,-0.055
67.88547016752267,-0.0525
67.88551816829069,-0.0475
67.8855661690587,-0.049999997
67.88561416982671,-0.0475
67.88566217059473,-0.049999997
67.88571017136273,-0.049999997
67.88575817213075,-0.049999997
67.88580617289877,-0.0525
67.88585417366677,-0.044999998
67.88590217443479,-0.0525
67.8859501752028,-0.055
67.88599817597081,-0.06
67.88604617673883,-0.0625
67.88609417750683,-0.057499997
67.88614217827485,-0.0475
67.88619017904286,-0.049999997
67.88623817981087,-0.049999997
67.88628618057888,-0.057499997
67.8863341813469,-0.055
67.88638218211491,-0.0525
67.88643018288292,-0.055
67.88647818365094,-0.055
67.88652618441894,-0.06
67.88657418518696,-0.055
67.88662218595498,-0.055
67.88667018672298,-0.055
67.886718187491,-0.055
67.886766188259,-0.049999997
67.88681418902702,-0.0525
67.88686218979504,-0.049999997
67.88691019056304,-0.055
67.88695819133106,-0.0475
67.88700619209907,-0.049999997
67.88705419286708,-0.057499997
67.88710219363509,-0.067499995
67.8871501944031,-0.07
67.88719819517112,-0.0625
67.88724619593913,-0.065
67.88729419670715,-0.06
67.88734219747515,-0.055
67.88739019824317,-0.055
67.88743819901119,-0.0525
67.88748619977919,-0.06
67.88753420054721,-0.057499997
67.88758220131521,-0.0525
67.88763020208323,-0.049999997
67.88767820285125,-0.0525
67.88772620361925,-0.055
67.88777420438727,-0.0525
67.88782220515527,-0.06
67.88787020592329,-0.055
67.8879182066913,-0.0525
67.88796620745931,-0.055
67.88801420822733,-0.0525
67.88806220899534,-0.044999998
67.88811020976335,-0.057499997
67.88815821053136,-0.049999997
67.88820621129938,-0.049999997
67.8882542120674,-0.0525
67.8883022128354,-0.049999997
67.88835021360342,-0.0475
67.88839821437142,-0.037499998
67.88844621513944,-0.044999998
67.88849421590746,-0.037499998
67.88854221667546,-0.04
67.88859021744348,-0.04
67.88863821821148,-0.037499998
67.8886862189795,-0.04
67.8887342197475,-0.037499998
67.88878222051552,-0.037499998
67.88883022128354,-0.037499998
67.88887822205155,-0.035
67.88892622281956,-0.037499998
67.88897422358757,-0.044999998
67.88902222435559,-0.0325
67.8890702251236,-0.035
67.88911822589161,-0.0325
67.88916622665963,-0.0275
67.88921422742763,-0.03
67.88926222819565,-0.0325
67.88931022896367,-0.04
67.88935822973167,-0.035
67.88940623049969,-0.04
67.88945423126769,-0.0425
67.88950223203571,-0.04
67.88955023280371,-0.0475
67.88959823357173,-0.0525
67.88964623433975,-0.044999998
67.88969423510775,-0.0525
67.88974223587577,-0.0475
67.88979023664378,-0.0425
67.8898382374118,-0.044999998
67.88988623817981,-0.0425
67.88993423894782,-0.044999998
67.88998223971583,-0.04
67.89003024048384,-0.03
67.89007824125186,-0.035
67.89012624201987,-0.035
67.89017424278788,-0.035
67.8902222435559,-0.035
67.8902702443239,-0.037499998
67.89031824509192,-0.03
67.89036624585992,-0.04
67.89041424662794,-0.0425
67.89046224739596,-0.035
67.89051024816396,-0.035
67.89055824893198,-0.0325
67.89060624969999,-0.0325
67.890654250468,-0.04
67.89070225123602,-0.0475
67.89075025200403,-0.0525
67.89079825277204,-0.0425
67.89084625354005,-0.044999998
67.89089425430807,-0.0525
67.89094225507608,-0.044999998
67.89099025584409,-0.0425
67.8910382566121,-0.0425
67.89108625738011,-0.055
67.89113425814813,-0.04
67.89118225891613,-0.044999998
67.89123025968415,-0.049999997
67.89127826045217,-0.04
67.89132626122017,-0.044999998
67.89137426198819,-0.0425
67.8914222627562,-0.04
67.89147026352421,-0.0475
67.89151826429223,-0.044999998
67.89156626506023,-0.044999998
67.89161426582825,-0.0425
67.89166226659626,-0.044999998
67.89171026736427,-0.044999998
67.89175826813229,-0.0425
67.8918062689003,-0.044999998
67.89185426966831,-0.0425
67.89190227043632,-0.044999998
67.89195027120434,-0.044999998
67.89199827197234,-0.04
67.89204627274036,-0.0425
67.89209427350838,-0.0325
67.89214227427638,-0.037499998
67.8921902750444,-0.035
67.8922382758124,-0.0325
67.89228627658042,-0.022499999
67.89233427734844,-0.035
67.89238227811644,-0.0325
67.89243027888446,-0.0275
67.89247827965247,-0.0275
67.89252628042048,-0.0275
67.8925742811885,-0.0175
67.8926222819565,-0.02
67.89267028272452,-0.02
67.89271828349253,-0.01
67.89276628426055,-0.01
67.89281428502855,-0.005
67.89286228579657,0.005
67.89291028656459,0.0
67.89295828733259,0.005
67.89300628810061,0.0025
67.89305428886861,-0.0025
67.89310228963663,0.005
67.89315029040465,-0.005
67.89319829117265,0.0
67.89324629194067,0.0075
67.89329429270867,0.0025
67.89334229347669,0.012499999
67.89339029424471,0.005
67.89343829501271,0.005
67.89348629578073,0.0075
67.89353429654874,0.012499999
67.89358229731675,0.0
67.89363029808476,0.015
67.89367829885278,0.0075
67.8937262996208,0.01
67.8937743003888,0.012499999
67.89382230115682,0.0025
67.89387030192482,-0.0025
67.89391830269284,0.0025
67.89396630346086,-0.005
67.89401430422886,0.0025
67.89406230499688,-0.0075
67.89411030576488,-0.01
67.8941583065329,-0.012499999
67.89420630730092,-0.005
67.89425430806892,-0.0075
67.89430230883694,-0.015
67.89435030960495,-0.0175
67.89439831037296,-0.012499999
67.89444631114097,-0.0175
67.89449431190899,-0.022499999
67.894542312677,-0.024999999
67.89459031344501,-0.0275
67.89463831421303,-0.03
67.89468631498103,-0.03
67.89473431574905,-0.0325
67.89478231651707,-0.0325
67.89483031728507,-0.0275
67.89487831805309,-0.0275
67.89492631882109,-0.0275
67.89497431958911,-0.0325
67.89502232035713,-0.024999999
67.89507032112513,-0.024999999
67.89511832189315,-0.022499999
67.89516632266115,-0.0175
67.89521432342917,-0.0175
67.89526232419718,-0.0175
67.8953103249652,-0.02
67.89535832573321,-0.012499999
67.89540632650122,-0.005
67.89545432726923,-0.005
67.89550232803724,-0.01
67.89555032880526,-0.0075
67.89559832957328,0.0
67.89564633034128,-0.005
67.8956943311093,-0.005
67.8957423318773,0.005
67.89579033264532,0.0
67.89583833341334,0.0075
67.89588633418134,0.0
67.89593433494936,0.005
67.89598233571736,0.005
67.89603033648538,0.005
67.89607833725339,0.0025
67.8961263380214,0.0025
67.89617433878942,0.005
67.89622233955743,0.0025
67.89627034032544,0.0025
67.89631834109345,-0.0025
67.89636634186147,0.0075
67.89641434262948,0.01
67.89646234339749,0.0
67.8965103441655,0.005
67.89655834493351,0.0075
67.89660634570153,0.015
67.89665434646955,0.0
67.89670234723755,0.0075
67.89675034800557,0.01
67.89679834877357,0.0075
67.89684634954159,0.0075
67.8968943503096,0.01
67.89694235107761,0.01
67.89699035184563,0.0075
67.89703835261363,0.0075
67.89708635338165,0.0075
67.89713435414966,0.02
67.89718235491767,0.005
67.89723035568569,0.01
67.8972783564537,0.01
67.89732635722171,0.012499999
67.89737435798972,0.015
67.89742235875774,0.015
67.89747035952576,0.01
67.89751836029376,0.01
67.89756636106178,0.02
67.89761436182978,0.015
67.8976623625978,0.01
67.8977103633658,0.005
67.89775836413382,0.015
67.89780636490184,0.0075
67.89785436566984,0.015
67.89790236643786,0.022499999
67.89795036720587,0.02
67.89799836797388,0.015
67.8980463687419,0.022499999
67.8980943695099,0.015
67.89814237027792,0.0175
67.89819037104593,0.024999999
67.89823837181395,0.0275
67.89828637258196,0.02
67.89833437334997,0.015
67.89838237411799,0.0175
67.89843037488599,0.02
67.89847837565401,0.03
67.89852637642201,0.022499999
67.89857437719003,0.024999999
67.89862237795805,0.0325
67.89867037872605,0.03
67.89871837949407,0.035
67.89876638026207,0.035
67.89881438103009,0.0275
67.89886238179811,0.035
67.89891038256611,0.035
67.89895838333413,0.04
67.89900638410214,0.037499998
67.89905438487015,0.0325
67.89910238563817,0.04
67.89915038640618,0.0425
67.8991983871742,0.0425
67.8992463879422,0.0525
67.89929438871022,0.0475
67.89934238947822,0.035
67.89939039024624,0.04
67.89943839101426,0.044999998
67.89948639178226,0.0525
67.89953439255028,0.0425
67.89958239331828,0.0525
67.8996303940863,0.0475
67.89967839485432,0.0475
67.89972639562232,0.0425
67.89977439639034,0.0425
67.89982239715835,0.0475
67.89987039792636,0.044999998
67.89991839869438,0.055
67.89996639946239,0.049999997
67.9000144002304,0.0425
67.90006240099841,0.057499997
67.90011040176643,0.057499997
67.90015840253443,0.055
67.90020640330245,0.055
67.90025440407047,0.06
67.90030240483847,0.057499997
67.90035040560649,0.049999997
67.90039840637449,0.0525
67.90044640714251,0.057499997
67.90049440791053,0.0425
67.90054240867853,0.057499997
67.90059040944655,0.049999997
67.90063841021455,0.049999997
67.90068641098257,0.06
67.90073441175059,0.057499997
67.9007824125186,0.0525
67.90083041328661,0.0475
67.90087841405462,0.049999997
67.90092641482264,0.055
67.90097441559064,0.057499997
67.90102241635866,0.0525
67.90107041712668,0.06
67.90111841789468,0.0525
67.9011664186627,0.057499997
67.9012144194307,0.0475
67.90126242019872,0.049999997
67.90131042096674,0.049999997
67.90135842173474,0.055
67.90140642250276,0.0425
67.90145442327076,0.044999998
67.90150242403878,0.0525
67.9015504248068,0.0425
67.9015984255748,0.037499998
67.90164642634282,0.044999998
67.90169442711083,0.0425
67.90174242787884,0.044999998
67.90179042864685,0.04
67.90183842941487,0.0475
67.90188643018288,0.037499998
67.90193443095089,0.035
67.9019824317189,0.04
67.90203043248691,0.037499998
67.90207843325493,0.03
67.90212643402295,0.0425
67.90217443479095,0.035
67.90222243555897,0.0325
67.90227043632697,0.0325
67.90231843709499,0.03
67.902366437863,0.0325
67.90241443863101,0.024999999
67.90246243939903,0.022499999
67.90251044016703,0.012499999
67.90255844093505,0.015
67.90260644170306,0.022499999
67.90265444247107,0.022499999
67.9027024432391,0.02
67.9027504440071,0.0075
67.90279844477512,0.0025
67.90284644554312,0.0075
67.90289444631114,0.0075
67.90294244707916,0.01
67.90299044784716,0.0025
67.90303844861518,0.01
67.90308644938318,0.0075
67.9031344501512,0.005
67.9031824509192,0.0025
67.90323045168722,0.015
67.90327845245524,0.01
67.90332645322324,0.02
67.90337445399126,0.015
67.90342245475927,0.015
67.90347045552728,0.012499999
67.9035184562953,0.012499999
67.9035664570633,0.0175
67.90361445783132,0.0275
67.90366245859933,0.015
67.90371045936735,0.0175
67.90375846013536,0.015
67.90380646090337,0.0175
67.90385446167139,0.0175
67.90390246243939,0.022499999
67.90395046320741,0.024999999
67.90399846397541,0.0175
67.90404646474343,0.0175
67.90409446551145,0.022499999
67.90414246627945,0.02
67.90419046704747,0.02
67.90423846781547,0.02
67.90428646858349,0.0175
67.90433446935151,0.0325
67.90438247011951,0.022499999
67.90443047088753,0.022499999
67.90447847165554,0.022499999
67.90452647242356,0.024999999
67.90457447319157,0.0275
67.90462247395958,0.03
67.9046704747276,0.03
67.9047184754956,0.0325
67.90476647626362,0.0275
67.90481447703162,0.035
67.90486247779964,0.02
67.90491047856766,0.024999999
67.90495847933566,0.0175
67.90500648010368,0.0425
67.90505448087168,0.0325
67.9051024816397,0.0275
67.90515048240772,0.037499998
67.90519848317572,0.037499998
67.90524648394374,0.0325
67.90529448471175,0.022499999
67.90534248547976,0.035
67.90539048624778,0.0475
67.90543848701579,0.035
67.9054864877838,0.0425
67.90553448855181,0.04
67.90558248931983,0.044999998
67.90563049008783,0.0425
67.90567849085585,0.035
67.90572649162387,0.0325
67.90577449239187,0.0425
67.90582249315989,0.035
67.90587049392789,0.037499998
67.90591849469591,0.04
67.90596649546393,0.044999998
67.90601449623193,0.044999998
67.90606249699995,0.035
67.90611049776795,0.0325
67.90615849853597,0.0275
67.90620649930399,0.024999999
67.906254500072,0.035
67.90630250084001,0.0275
67.90635050160802,0.0325
67.90639850237604,0.02
67.90644650314404,0.022499999
67.90649450391206,0.01
67.90654250468008,0.0175
67.90659050544808,0.02
67.9066385062161,0.015
67.9066865069841,0.02
67.90673450775212,0.022499999
67.90678250852014,0.0325
67.90683050928814,0.03
67.90687851005616,0.022499999
67.90692651082416,0.0275
67.90697451159218,0.024999999
67.9070225123602,0.022499999
67.9070705131282,0.024999999
67.90711851389622,0.024999999
67.90716651466423,0.03
67.90721451543224,0.03
67.90726251620025,0.035
67.90731051696827,0.0325
67.90735851773628,0.0325
67.90740651850429,0.0325
67.9074545192723,0.04
67.90750252004031,0.03
67.90755052080833,0.0425
67.90759852157635,0.037499998
67.90764652234435,0.044999998
67.90769452311237,0.0475
67.90774252388037,0.044999998
67.90779052464839,0.04
67.90783852541641,0.044999998
67.90788652618441,0.049999997
67.90793452695243,0.04
67.90798252772043,0.0625
67.90803052848845,0.057499997
67.90807852925646,0.06
67.90812653002448,0.065
67.9081745307925,0.06
67.9082225315605,0.065
67.90827053232852,0.067499995
67.90831853309652,0.06
67.90836653386454,0.0625
67.90841453463256,0.065
67.90846253540056,0.057499997
67.90851053616858,0.06
67.90855853693658,0.065
67.9086065377046,0.0625
67.90865453847262,0.07
67.90870253924062,0.067499995
67.90875054000864,0.0725
67.90879854077664,0.0625
67.90884654154466,0.08
67.90889454231267,0.07
67.90894254308068,0.0725
67.9089905438487,0.0725
67.9090385446167,0.0775
67.90908654538472,0.07
67.90913454615273,0.07
67.90918254692075,0.08
67.90923054768876,0.07
67.90927854845677,0.065
67.90932654922479,0.0725
67.90937454999279,0.07
67.90942255076081,0.065
67.90947055152883,0.067499995
67.90951855229683,0.065
67.90956655306485,0.07
67.90961455383285,0.065
67.90966255460087,0.057499997
67.90971055536887,0.0725
67.9097585561369,0.067499995
67.90980655690491,0.07
67.90985455767292,0.067499995
67.90990255844093,0.065
67.90995055920894,0.0725
67.90999855997696,0.065
67.91004656074497,0.07
67.91009456151298,0.065
67.910142562281,0.067499995
67.910190563049,0.0725
67.91023856381702,0.067499995
67.91028656458504,0.0625
67.91033456535304,0.07
67.91038256612106,0.0625
67.91043056688906,0.065
67.91047856765708,0.07
67.91052656842508,0.074999996
67.9105745691931,0.065
67.91062256996112,0.07
67.91067057072912,0.074999996
67.91071857149714,0.0775
67.91076657226515,0.067499995
67.91081457303316,0.0725
67.91086257380118,0.067499995
67.91091057456919,0.067499995
67.9109585753372,0.0725
67.91100657610521,0.065
67.91105457687323,0.065
67.91110257764124,0.06
67.91115057840925,0.07
67.91119857917727,0.067499995
67.91124657994527,0.0625
67.91129458071329,0.049999997
67.91134258148129,0.0625
67.91139058224931,0.0525
67.91143858301733,0.0475
67.91148658378533,0.06
67.91153458455335,0.0525
67.91158258532136,0.04
67.91163058608937,0.044999998
67.91167858685739,0.0425
67.9117265876254,0.04
67.91177458839341,0.0525
67.91182258916142,0.037499998
67.91187058992944,0.04
67.91191859069745,0.044999998
67.91196659146546,0.049999997
67.91201459223348,0.04
67.91206259300148,0.049999997
67.9121105937695,0.049999997
67.9121585945375,0.055
67.91220659530552,0.0475
67.91225459607354,0.0425
67.91230259684154,0.0425
67.91235059760956,0.0475
67.91239859837756,0.0475
67.91244659914558,0.044999998
67.9124945999136,0.0475
67.9125426006816,0.049999997
67.91259060144962,0.044999998
67.91263860221763,0.04
67.91268660298564,0.0425
67.91273460375366,0.055
67.91278260452167,0.055
67.91283060528968,0.055
67.91287860605769,0.055
67.9129266068257,0.057499997
67.91297460759371,0.0625
67.91302260836173,0.055
67.91307060912975,0.065
67.91311860989775,0.0525
67.91316661066577,0.055
67.91321461143377,0.055
67.91326261220179,0.0625
67.91331061296981,0.055
67.91335861373781,0.0525
67.91340661450583,0.06
67.91345461527384,0.06
67.91350261604185,0.044999998
67.91355061680987,0.049999997
67.91359861757788,0.044999998
67.9136466183459,0.0425
67.9136946191139,0.055
67.91374261988192,0.055
67.91379062064992,0.055
67.91383862141794,0.0475
67.91388662218596,0.04
67.91393462295396,0.037499998
67.91398262372198,0.03
67.91403062448998,0.035
67.914078625258,0.04
67.91412662602602,0.0325
67.91417462679402,0.0325
67.91422262756204,0.0275
67.91427062833004,0.02
67.91431862909806,0.0175
67.91436662986608,0.012499999
67.91441463063408,0.01
67.9144626314021,0.022499999
67.9145106321701,0.01
67.91455863293812,0.015
67.91460663370613,0.015
67.91465463447415,0.0075
67.91470263524216,0.0025
67.91475063601017,-0.0025
67.91479863677819,-0.005
67.91484663754619,-0.0075
67.91489463831421,-0.02
67.91494263908223,-0.024999999
67.91499063985023,-0.035
67.91503864061825,-0.044999998
67.91508664138625,-0.035
67.91513464215427,-0.049999997
67.91518264292229,-0.0475
67.9152306436903,-0.0475
67.91527864445831,-0.037499998
67.91532664522632,-0.0475
67.91537464599433,-0.055
67.91542264676234,-0.0475
67.91547064753036,-0.0475
67.91551864829837,-0.0475
67.91556664906638,-0.049999997
67.9156146498344,-0.044999998
67.9156626506024,-0.049999997
67.91571065137042,-0.037499998
67.91575865213844,-0.0425
67.91580665290644,-0.0525
67.91585465367446,-0.0475
67.91590265444246,-0.0475
67.91595065521048,-0.0525
67.9159986559785,-0.06
67.9160466567465,-0.0475
67.91609465751452,-0.044999998
67.91614265828252,-0.055
67.91619065905054,-0.049999997
67.91623865981855,-0.0525
67.91628666058656,-0.044999998
67.91633466135458,-0.044999998
67.91638266212259,-0.0425
67.9164306628906,-0.0475
67.91647866365861,-0.06
67.91652666442663,-0.044999998
67.91657466519464,-0.0475
67.91662266596265,-0.0475
67.91667066673067,-0.044999998
67.91671866749867,-0.044999998
67.91676666826669,-0.0425
67.91681466903471,-0.049999997
67.91686266980271,-0.037499998
67.91691067057073,-0.0425
67.91695867133873,-0.037499998
67.91700667210675,-0.044999998
67.91705467287476,-0.037499998
67.91710267364277,-0.03
67.91715067441079,-0.04
67.9171986751788,-0.0325
67.91724667594681,-0.035
67.91729467671482,-0.0325
67.91734267748284,-0.03
67.91739067825085,-0.0275
67.91743867901886,-0.037499998
67.91748667978688,-0.035
67.91753468055488,-0.0325
67.9175826813229,-0.037499998
67.91763068209092,-0.0325
67.91767868285892,-0.02
67.91772668362694,-0.0325
67.91777468439494,-0.03
67.91782268516296,-0.03
67.91787068593096,-0.0275
67.91791868669898,-0.03
67.917966687467,-0.015
67.918014688235,-0.02
67.91806268900302,-0.024999999
67.91811068977103,-0.022499999
67.91815869053904,-0.015
67.91820669130706,-0.02
67.91825469207507,-0.02
67.91830269284308,-0.024999999
67.91835069361109,-0.0325
67.9183986943791,-0.022499999
67.91844669514713,-0.03
67.91849469591513,-0.03
67.91854269668315,-0.0275
67.91859069745115,-0.022499999
67.91863869821917,-0.024999999
67.91868669898717,-0.022499999
67.91873469975519,-0.024999999
67.91878270052321,-0.022499999
67.91883070129121,-0.022499999
67.91887870205923,-0.02
67.91892670282724,-0.015
67.91897470359525,-0.01
67.91902270436327,-0.005
67.91907070513128,0.0
67.9191187058993,-0.0025
67.9191667066673,-0.0075
67.91921470743532,0.0
67.91926270820333,0.0075
67.91931070897134,0.01
67.91935870973936,0.015
67.91940671050736,0.0175
67.91945471127538,0.02
67.91950271204338,0.0175
67.9195507128114,0.015
67.91959871357942,0.024999999
67.91964671434742,0.024999999
67.91969471511544,0.022499999
67.91974271588344,0.03
67.91979071665146,0.024999999
67.91983871741948,0.0175
67.91988671818748,0.02
67.9199347189555,0.02
67.9199827197235,0.0175
67.92003072049152,0.02
67.92007872125954,0.02
67.92012672202755,0.022499999
67.92017472279557,0.015
67.92022272356357,0.02
67.92027072433159,0.015
67.92031872509959,0.01
67.92036672586761,0.0075
67.92041472663563,0.0075
67.92046272740363,0.0075
67.92051072817165,0.005
67.92055872893965,0.005
67.92060672970767,-0.005
67.92065473047569,0.0
67.9207027312437,0.0
67.92075073201171,0.0
67.92079873277972,0.0025
67.92084673354773,-0.005
67.92089473431575,-0.0025
67.92094273508376,-0.0025
67.92099073585177,-0.0025
67.92103873661978,0.0025
67.9210867373878,0.0025
67.9211347381558,0.0
67.92118273892382,0.015
67.92123073969184,0.0075
67.92127874045984,0.0025
67.92132674122786,0.005
67.92137474199586,0.01
67.92142274276388,0.01
67.9214707435319,0.0075
67.9215187442999,0.012499999
67.92156674506792,0.022499999
67.92161474583592,0.02
67.92166274660394,0.022499999
67.92171074737196,0.0275
67.92175874813996,0.0275
67.92180674890798,0.024999999
67.92185474967599,0.0275
67.921902750444,0.03
67.92195075121201,0.022499999
67.92199875198003,0.015
67.92204675274805,0.02
67.92209475351605,0.022499999
67.92214275428407,0.024999999
67.92219075505207,0.0275
67.92223875582009,0.0275
67.92228675658811,0.0175
67.92233475735611,0.015
67.92238275812413,0.01
67.92243075889213,0.022499999
67.92247875966015,0.015
67.92252676042817,0.0175
67.92257476119617,0.012499999
67.92262276196419,0.012499999
67.9226707627322,0.01
67.92271876350021,0.0025
67.92276676426822,0.0025
67.92281476503624,0.0075
67.92286276580425,-0.0025
67.92291076657226,0.0
67.92295876734028,-0.0025
67.92300676810828,-0.0075
67.9230547688763,0.005
67.92310276964432,0.0
67.92315077041232,0.0
67.92319877118034,0.0025
67.92324677194834,-0.0025
67.92329477271636,-0.0025
67.92334277348438,-0.005
67.92339077425238,0.0075
67.9234387750204,0.015
67.9234867757884,0.0
67.92353477655642,0.0025
67.92358277732443,0.0025
67.92363077809244,0.0075
67.92367877886046,0.005
67.92372677962847,0.015
67.92377478039649,0.01
67.92382278116449,0.012499999
67.92387078193251,0.015
67.92391878270053,0.005
67.92396678346853,0.012499999
67.92401478423655,0.0075
67.92406278500455,0.01
67.92411078577257,0.015
67.92415878654057,0.015
67.92420678730859,0.015
67.92425478807661,0.0075
67.92430278884461,0.0175
67.92435078961263,0.0175
67.92439879038064,0.022499999
67.92444679114865,0.01
67.92449479191667,0.01
67.92454279268468,0.022499999
67.9245907934527,0.02
67.9246387942207,0.02
67.92468679498872,0.0175
67.92473479575673,0.02
67.92478279652474,0.02
67.92483079729276,0.0075
67.92487879806076,0.012499999
67.92492679882878,0.005
67.92497479959678,0.0025
67.9250228003648,0.012499999
67.92507080113282,0.0075
67.92511880190082,0.005
67.92516680266884,0.0075
67.92521480343684,0.0075
67.92526280420486,0.0025
67.92531080497288,0.0025
67.92535880574088,-0.0025
67.9254068065089,-0.0025
67.9254548072769,-0.0025
67.92550280804493,-0.005
67.92555080881294,0.0
67.92559880958095,-0.0075
67.92564681034897,-0.005
67.92569481111697,-0.01
67.92574281188499,-0.0025
67.92579081265299,0.005
67.92583881342101,0.0
67.92588681418903,-0.0025
67.92593481495703,-0.0025
67.92598281572505,-0.0025
67.92603081649305,0.0
67.92607881726107,0.0025
67.92612681802909,0.0
67.9261748187971,0.0
67.92622281956511,0.0025
67.92627082033312,0.0025
67.92631882110113,0.0075
67.92636682186915,0.005
67.92641482263716,0.015
67.92646282340517,0.012499999
67.92651082417318,0.01
67.9265588249412,0.005
67.9266068257092,-0.0025
67.92665482647722,0.0025
67.92670282724524,0.0025
67.92675082801324,0.01
67.92679882878126,0.005
67.92684682954926,0.005
67.92689483031728,0.0025
67.9269428310853,0.0025
67.9269908318533,0.0025
67.92703883262132,0.005
67.92708683338932,0.005
67.92713483415734,0.01
67.92718283492536,0.0075
67.92723083569336,0.01
67.92727883646138,0.0025
67.92732683722939,0.0025
67.9273748379974,0.0
67.92742283876541,-0.0025
67.92747083953343,0.0
67.92751884030145,0.0025
67.92756684106945,-0.0025
67.92761484183747,0.0
67.92766284260547,0.005
67.92771084337349,-0.005
67.92775884414151,0.0
67.92780684490951,-0.0025
67.92785484567753,-0.005
67.92790284644553,0.005
67.92795084721355,0.005
67.92799884798157,0.0
67.92804684874957,-0.0075
67.92809484951759,-0.01
67.9281428502856,-0.0175
67.92819085105361,-0.0075
67.92823885182162,-0.01
67.92828685258964,-0.0175
67.92833485335765,-0.012499999
67.92838285412566,-0.0175
67.92843085489368,-0.005
67.92847885566168,-0.022499999
67.9285268564297,-0.0175
67.92857485719772,-0.022499999
67.92862285796572,-0.02
67.92867085873374,-0.022499999
67.92871885950174,-0.022499999
67.92876686026976,-0.015
67.92881486103778,-0.012499999
67.92886286180578,-0.02
67.9289108625738,-0.022499999
67.9289588633418,-0.0275
67.92900686410982,-0.02
67.92905486487783,-0.02
67.92910286564585,-0.022499999
67.92915086641386,-0.0175
67.92919886718187,-0.0275
67.92924686794989,-0.0175
67.92929486871789,-0.0275
67.92934286948591,-0.0175
67.92939087025393,-0.0275
67.92943887102193,-0.022499999
67.92948687178995,-0.03
67.92953487255795,-0.0275
67.92958287332597,-0.04
67.92963087409399,-0.024999999
67.92967887486199,-0.0325
67.92972687563001,-0.0275
67.92977487639801,-0.035
67.92982287716603,-0.0425
67.92987087793404,-0.037499998
67.92991887870205,-0.03
67.92996687947007,-0.037499998
67.93001488023808,-0.0425
67.9300628810061,-0.04
67.9301108817741,-0.037499998
67.93015888254212,-0.035
67.93020688331013,-0.0325
67.93025488407814,-0.037499998
67.93030288484616,-0.022499999
67.93035088561416,-0.0325
67.93039888638218,-0.022499999
67.9304468871502,-0.03
67.9304948879182,-0.02
67.93054288868622,-0.022499999
67.93059088945422,-0.0175
67.93063889022224,-0.03
67.93068689099024,-0.022499999
67.93073489175826,-0.02
67.93078289252628,-0.03
67.93083089329429,-0.02
67.9308788940623,-0.0175
67.93092689483031,-0.0175
67.93097489559833,-0.015
67.93102289636634,-0.0175
67.93107089713435,-0.015
67.93111889790237,-0.005
67.93116689867037,-0.01
67.93121489943839,-0.01
67.9312629002064,-0.0025
67.93131090097441,-0.012499999
67.93135890174243,-0.012499999
67.93140690251043,-0.005
67.93145490327845,-0.0075
67.93150290404645,-0.005
67.93155090481447,-0.015
67.93159890558249,-0.01
67.9316469063505,-0.0175
67.93169490711851,-0.0075
67.93174290788652,-0.012499999
67.93179090865453,-0.0175
67.93183890942255,-0.02
67.93188691019056,-0.01
67.93193491095857,-0.022499999
67.93198291172658,-0.01
67.9320309124946,-0.01
67.93207891326261,-0.01
67.93212691403062,-0.0175
67.93217491479864,-0.0175
67.93222291556664,-0.02
67.93227091633466,-0.015
67.93231891710266,-0.01
67.93236691787068,-0.01
67.9324149186387,-0.01
67.9324629194067,-0.005
67.93251092017472,-0.01
67.93255892094272,-0.015
67.93260692171074,-0.02
67.93265492247876,-0.015
67.93270292324677,-0.015
67.93275092401478,-0.012499999
67.93279892478279,-0.015
67.9328469255508,-0.015
67.93289492631882,-0.012499999
67.93294292708683,-0.015
67.93299092785485,-0.0175
67.93303892862285,-0.0175
67.93308692939087,-0.0175
67.93313493015887,-0.012499999
67.93318293092689,-0.022499999
67.93323093169491,-0.02
67.93327893246291,-0.0175
67.93332693323093,-0.02
67.93337493399893,-0.0175
67.93342293476695,-0.022499999
67.93347093553497,-0.024999999
67.93351893630297,-0.015
67.93356693707099,-0.02
67.933614937839,-0.012499999
67.93366293860701,-0.015
67.93371093937503,-0.0175
67.93375894014304,-0.02
67.93380694091105,-0.0075
67.93385494167906,-0.022499999
67.93390294244708,-0.012499999
67.93395094321508,-0.01
67.9339989439831,-0.012499999
67.93404694475112,-0.022499999
67.93409494551912,-0.02
67.93414294628714,-0.012499999
67.93419094705514,-0.015
67.93423894782316,-0.0075
67.93428694859118,-0.015
67.93433494935918,-0.012499999
67.9343829501272,-0.0075
67.9344309508952,-0.0175
67.93447895166322,-0.012499999
67.93452695243124,-0.0075
67.93457495319925,-0.015
67.93462295396726,-0.015
67.93467095473527,-0.015
67.93471895550329,-0.0075
67.93476695627129,-0.01
67.93481495703931,-0.005
67.93486295780733,-0.0075
67.93491095857533,-0.012499999
67.93495895934335,-0.0075
67.93500696011135,-0.01
67.93505496087937,-0.0025
67.93510296164739,-0.01
67.93515096241539,-0.01
67.93519896318341,-0.015
67.93524696395141,-0.015
67.93529496471943,-0.0175
67.93534296548745,-0.0175
67.93539096625545,-0.015
67.93543896702347,-0.015
67.93548696779148,-0.01
67.9355349685595,-0.012499999
67.9355829693275,-0.01
67.93563097009552,-0.01
67.93567897086353,-0.015
67.93572697163154,-0.0175
67.93577497239956,-0.0025
67.93582297316756,-0.01
67.93587097393558,-0.01
67.9359189747036,0.0
67.9359669754716,-0.0075
67.93601497623962,0.0
67.93606297700762,-0.005
67.93611097777564,-0.005
67.93615897854366,-0.0025
67.93620697931166,0.0025
67.93625498007968,0.01
67.93630298084769,0.01
67.9363509816157,0.012499999
67.93639898238371,0.015
67.93644698315173,0.015
67.93649498391974,0.02
67.93654298468775,0.015
67.93659098545577,0.015
67.93663898622377,0.0175
67.93668698699179,0.01
67.9367349877598,0.012499999
67.93678298852781,0.0175
67.93683098929583,0.02
67.93687899006383,0.02
67.93692699083185,0.02
67.93697499159987,0.012499999
67.93702299236787,0.02
67.93707099313589,0.022499999
67.9371189939039,0.02
67.93716699467191,0.02
67.93721499543992,0.02
67.93726299620793,0.02
67.93731099697595,0.015
67.93735899774396,0.015
67.93740699851197,0.022499999
67.93745499927998,0.0325
67.937503000048,0.024999999
67.93755100081601,0.024999999
67.93759900158402,0.0175
67.93764700235204,0.022499999
67.93769500312004,0.022499999
67.93774300388806,0.024999999
67.93779100465608,0.0325
67.93783900542408,0.022499999
67.9378870061921,0.0275
67.9379350069601,0.03
67.93798300772812,0.022499999
67.93803100849613,0.0275
67.93807900926414,0.03
67.93812701003216,0.04
67.93817501080017,0.035
67.93822301156818,0.035
67.93827101233619,0.0325
67.9383190131042,0.0325
67.93836701387222,0.03
67.93841501464023,0.0325
67.93846301540825,0.0275
67.93851101617625,0.0325
67.93855901694427,0.035
67.93860701771229,0.02
67.93865501848029,0.02
67.93870301924831,0.03
67.93875102001631,0.022499999
67.93879902078433,0.024999999
67.93884702155233,0.022499999
67.93889502232035,0.012499999
67.93894302308837,0.035
67.93899102385637,0.03
67.93903902462439,0.024999999
67.9390870253924,0.02
67.93913502616041,0.024999999
67.93918302692843,0.022499999
67.93923102769644,0.0275
67.93927902846445,0.024999999
67.93932702923246,0.0325
67.93937503000048,0.0325
67.9394230307685,0.03
67.9394710315365,0.035
67.93951903230452,0.0425
67.93956703307252,0.0475
67.93961503384054,0.0425
67.93966303460854,0.0475
67.93971103537656,0.049999997
67.93975903614458,0.0625
67.93980703691258,0.049999997
67.9398550376806,0.049999997
67.9399030384486,0.055
67.93995103921662,0.057499997
67.93999903998464,0.055
67.94004704075265,0.057499997
67.94009504152066,0.067499995
67.94014304228867,0.067499995
67.94019104305669,0.06
67.9402390438247,0.0625
67.94028704459271,0.055
67.94033504536073,0.055
67.94038304612873,0.049999997
67.94043104689675,0.049999997
67.94047904766475,0.044999998
67.94052704843277,0.0525
67.94057504920079,0.049999997
67.94062304996879,0.0475
67.94067105073681,0.0425
67.94071905150481,0.0525
67.94076705227283,0.0475
67.94081505304085,0.055
67.94086305380885,0.0525
67.94091105457687,0.049999997
67.94095905534488,0.044999998
67.9410070561129,0.0425
67.94105505688091,0.035
67.94110305764892,0.04
67.94115105841693,0.0425
67.94119905918494,0.0475
67.94124705995296,0.049999997
67.94129506072096,0.0425
67.94134306148898,0.049999997
67.941391062257,0.049999997
67.941439063025,0.044999998
67.94148706379302,0.0425
67.94153506456102,0.055
67.94158306532904,0.0425
67.94163106609706,0.0525
67.94167906686506,0.0525
67.94172706763308,0.049999997
67.94177506840109,0.065
67.9418230691691,0.0625
67.94187106993712,0.0625
67.94191907070513,0.07
67.94196707147314,0.065
67.94201507224115,0.065
67.94206307300917,0.067499995
67.94211107377717,0.07
67.94215907454519,0.065
67.9422070753132,0.07
67.94225507608121,0.0725
67.94230307684923,0.0725
67.94235107761723,0.0775
67.94239907838525,0.085
67.94244707915327,0.08
67.94249507992127,0.08
67.94254308068929,0.08
67.9425910814573,0.082499996
67.94263908222531,0.082499996
67.94268708299333,0.082499996
67.94273508376133,0.0875
67.94278308452935,0.08
67.94283108529736,0.0875
67.94287908606537,0.085
67.94292708683338,0.0875
67.9429750876014,0.0875
67.94302308836942,0.089999996
67.94307108913742,0.089999996
67.94311908990544,0.0875
67.94316709067344,0.08
67.94321509144146,0.0875
67.94326309220948,0.08
67.94331109297748,0.089999996
67.9433590937455,0.0875
67.9434070945135,0.095
67.94345509528152,0.08
67.94350309604954,0.089999996
67.94355109681754,0.085
67.94359909758556,0.085
67.94364709835357,0.0925
67.94369509912158,0.08
67.94374309988959,0.082499996
67.9437911006576,0.082499996
67.94383910142562,0.089999996
67.94388710219363,0.0775
67.94393510296165,0.089999996
67.94398310372965,0.095
67.94403110449767,0.08
67.94407910526569,0.082499996
67.94412710603369,0.0875
67.94417510680171,0.085
67.94422310756971,0.082499996
67.94427110833773,0.0875
67.94431910910575,0.0875
67.94436710987375,0.085
67.94441511064177,0.08
67.94446311140977,0.0875
67.94451111217779,0.08
67.9445591129458,0.0725
67.94460711371381,0.07
67.94465511448183,0.0725
67.94470311524984,0.0725
67.94475111601785,0.07
67.94479911678586,0.057499997
67.94484711755388,0.055
67.9448951183219,0.057499997
67.9449431190899,0.055
67.94499111985792,0.0525
67.94503912062592,0.055
67.94508712139394,0.0475
67.94513512216196,0.0425
67.94518312292996,0.0475
67.94523112369798,0.044999998
67.94527912446598,0.049999997
67.945327125234,0.049999997
67.945375126002,0.0475
67.94542312677002,0.06
67.94547112753804,0.06
67.94551912830605,0.0625
67.94556712907406,0.057499997
67.94561512984207,0.057499997
67.94566313061009,0.0525
67.9457111313781,0.0475
67.94575913214611,0.0475
67.94580713291413,0.044999998
67.94585513368213,0.0475
67.94590313445015,0.0475
67.94595113521815,0.044999998
67.94599913598617,0.0625
67.94604713675419,0.06
67.94609513752219,0.0625
67.94614313829021,0.074999996
67.94619113905821,0.07
67.94623913982623,0.074999996
67.94628714059425,0.074999996
67.94633514136225,0.0725
67.94638314213027,0.07
67.94643114289828,0.0725
67.9464791436663,0.067499995
67.94652714443431,0.0775
67.94657514520232,0.0725
67.94662314597034,0.0725
67.94667114673834,0.07
67.94671914750636,0.06
67.94676714827436,0.065
67.94681514904238,0.0625
67.9468631498104,0.0625
67.9469111505784,0.0625
67.94695915134642,0.0725
67.94700715211442,0.0725
67.94705515288244,0.07
67.94710315365046,0.065
67.94715115441846,0.0625
67.94719915518648,0.06
67.94724715595449,0.0625
67.9472951567225,0.0625
67.94734315749052,0.065
67.94739115825853,0.07
67.94743915902654,0.065
67.94748715979455,0.067499995
67.94753516056257,0.07
67.94758316133057,0.067499995
67.94763116209859,0.06
67.9476791628666,0.0525
67.94772716363461,0.0725
67.94777516440263,0.06
67.94782316517063,0.067499995
67.94787116593865,0.06
67.94791916670667,0.065
67.94796716747467,0.067499995
67.94801516824269,0.065
67.9480631690107,0.0725
67.94811116977871,0.07
67.94815917054673,0.065
67.94820717131473,0.065
67.94825517208275,0.065
67.94830317285076,0.065
67.94835117361878,0.057499997
67.94839917438678,0.065
67.9484471751548,0.055
67.94849517592282,0.06
67.94854317669082,0.057499997
67.94859117745884,0.0625
67.94863917822684,0.0625
67.94868717899486,0.06
67.94873517976288,0.06
67.94878318053088,0.055
67.9488311812989,0.06
67.9488791820669,0.055
67.94892718283492,0.055
67.94897518360294,0.055
67.94902318437094,0.0475
67.94907118513896,0.0525
67.94911918590697,0.06
67.94916718667498,0.049999997
67.94921518744299,0.055
67.949263188211,0.049999997
67.94931118897902,0.067499995
67.94935918974703,0.057499997
67.94940719051505,0.065
67.94945519128305,0.057499997
67.94950319205107,0.057499997
67.94955119281909,0.0625
67.94959919358709,0.057499997
67.94964719435511,0.065
67.94969519512311,0.07
67.94974319589113,0.065
67.94979119665915,0.0625
67.94983919742715,0.065
67.94988719819517,0.0725
67.94993519896317,0.06
67.9499831997312,0.0625
67.9500312004992,0.06
67.95007920126722,0.0525
67.95012720203523,0.06
67.95017520280324,0.0525
67.95022320357126,0.0525
67.95027120433926,0.0425
67.95031920510728,0.044999998
67.9503672058753,0.044999998
67.9504152066433,0.049999997
67.95046320741132,0.049999997
67.95051120817932,0.0425
67.95055920894734,0.0425
67.95060720971536,0.044999998
67.95065521048336,0.049999997
67.95070321125138,0.037499998
67.95075121201938,0.0325
67.9507992127874,0.0425
67.9508472135554,0.0425
67.95089521432342,0.0475
67.95094321509144,0.0425
67.95099121585945,0.044999998
67.95103921662746,0.0475
67.95108721739547,0.055
67.95113521816349,0.055
67.9511832189315,0.049999997
67.95123121969951,0.049999997
67.95127922046753,0.0525
67.95132722123553,0.0525
67.95137522200355,0.055
67.95142322277157,0.0525
67.95147122353957,0.0475
67.95151922430759,0.049999997
67.95156722507559,0.049999997
67.95161522584361,0.0425
67.95166322661161,0.04
67.95171122737963,0.044999998
67.95175922814765,0.04
67.95180722891565,0.0425
67.95185522968367,0.0475
67.95190323045168,0.04
67.9519512312197,0.0425
67.95199923198771,0.04
67.95204723275572,0.0325
67.95209523352374,0.044999998
67.95214323429174,0.03
67.95219123505976,0.04
67.95223923582778,0.0425
67.95228723659578,0.035
67.9523352373638,0.03
67.9523832381318,0.0325
67.95243123889982,0.0325
67.95247923966782,0.0275
67.95252724043584,0.0275
67.95257524120386,0.022499999
67.95262324197186,0.022499999
67.95267124273988,0.015
67.95271924350789,0.0175
67.9527672442759,0.01
67.95281524504392,0.03
67.95286324581193,0.015
67.95291124657994,0.012499999
67.95295924734795,0.012499999
67.95300724811597,0.0075
67.95305524888398,0.005
67.95310324965199,0.005
67.95315125042,0.01
67.95319925118801,0.01
67.95324725195603,0.01
67.95329525272403,0.0075
67.95334325349205,0.0075
67.95339125426007,0.012499999
67.95343925502807,0.01
67.95348725579609,0.012499999
67.9535352565641,0.01
67.95358325733211,0.0025
67.95363125810013,0.0075
67.95367925886814,0.01
67.95372725963615,0.005
67.95377526040416,0.005
67.95382326117218,0.005
67.9538712619402,0.0
67.9539192627082,0.0
67.95396726347622,-0.0025
67.95401526424422,-0.005
67.95406326501224,0.0025
67.95411126578024,0.01
67.95415926654826,0.012499999
67.95420726731628,0.015
67.95425526808428,0.012499999
67.9543032688523,0.005
67.9543512696203,0.012499999
67.95439927038832,0.022499999
67.95444727115634,0.0175
67.95449527192434,0.015
67.95454327269236,0.02
67.95459127346037,0.0325
67.95463927422838,0.022499999
67.9546872749964,0.0175
67.9547352757644,0.02
67.95478327653242,0.012499999
67.95483127730043,0.012499999
67.95487927806845,0.0175
67.95492727883645,0.0075
67.95497527960447,0.01
67.95502328037249,0.005
67.95507128114049,0.01
67.95511928190851,0.0075
67.95516728267651,0.012499999
67.95521528344453,0.0075
67.95526328421255,0.0025
67.95531128498055,-0.0025
67.95535928574857,0.0
67.95540728651658,-0.012499999
67.9554552872846,-0.0175
67.95550328805261,-0.01
67.95555128882062,-0.012499999
67.95559928958863,-0.0075
67.95564729035664,-0.012499999
67.95569529112466,-0.0075
67.95574329189266,-0.01
67.95579129266068,-0.01
67.9558392934287,-0.02
67.9558872941967,-0.012499999
67.95593529496472,-0.01
67.95598329573272,-0.005
67.95603129650074,-0.0075
67.95607929726876,-0.012499999
67.95612729803676,-0.0025
67.95617529880478,-0.01
67.95622329957278,-0.01
67.9562713003408,-0.0025
67.95631930110882,0.0025
67.95636730187682,-0.0025
67.95641530264484,-0.0025
67.95646330341285,0.0025
67.95651130418086,0.0075
67.95655930494887,0.0
67.95660730571689,0.005
67.9566553064849,0.01
67.95670330725291,0.0075
67.95675130802093,0.01
67.95679930878893,0.012499999
67.95684730955695,0.012499999
67.95689531032497,0.015
67.95694331109297,0.015
67.95699131186099,0.0075
67.95703931262899,0.0025
67.95708731339701,0.0025
67.95713531416503,-0.0025
67.95718331493303,0.0025
67.95723131570105,0.005
67.95727931646906,-0.0025
67.95732731723707,-0.0025
67.95737531800508,-0.0025
67.9574233187731,0.0
67.95747131954111,-0.0075
67.95751932030912,-0.005
67.95756732107714,-0.0075
67.95761532184514,-0.01
67.95766332261316,-0.02
67.95771132338118,-0.0175
67.95775932414918,0.0
67.9578073249172,-0.012499999
67.9578553256852,-0.005
67.95790332645322,-0.012499999
67.95795132722124,-0.012499999
67.95799932798924,-0.012499999
67.95804732875726,-0.015
67.95809532952526,-0.01
67.95814333029328,-0.0075
67.95819133106129,-0.0175
67.9582393318293,-0.005
67.95828733259732,-0.012499999
67.95833533336533,-0.015
67.95838333413334,-0.0075
67.95843133490135,-0.01
67.95847933566937,-0.005
67.95852733643738,0.0025
67.95857533720539,-0.0075
67.9586233379734,-0.0075
67.95867133874141,0.0
67.95871933950943,0.0
67.95876734027745,-0.0075
67.95881534104545,-0.0075
67.95886334181347,0.0
67.95891134258147,-0.0025
67.95895934334949,0.0
67.9590073441175,0.0
67.95905534488551,-0.01
67.95910334565353,-0.01
67.95915134642154,-0.0075
67.95919934718955,-0.005
67.95924734795756,-0.005
67.95929534872558,-0.005
67.9593433494936,-0.0025
67.9593913502616,0.0
67.95943935102962,0.005
67.95948735179762,0.015
67.95953535256564,0.005
67.95958335333366,0.0025
67.95963135410166,0.01
67.95967935486968,0.0075
67.95972735563768,0.01
67.9597753564057,0.005
67.9598233571737,0.005
67.95987135794172,0.005
67.95991935870974,0.0075
67.95996735947774,0.012499999
67.96001536024576,0.012499999
67.96006336101377,0.015
67.96011136178178,0.01
67.9601593625498,0.012499999
67.9602073633178,0.012499999
67.96025536408582,0.02
67.96030336485383,0.02
67.96035136562185,0.015
67.96039936638986,0.02
67.96044736715787,0.02
67.96049536792589,0.02
67.96054336869389,0.02
67.96059136946191,0.015
67.96063937022991,0.0175
67.96068737099793,0.01
67.96073537176595,0.0175
67.96078337253395,0.0075
67.96083137330197,0.01
67.96087937406998,0.0025
67.960927374838,0.01
67.96097537560601,0.005
67.96102337637402,0.012499999
67.96107137714203,0.01
67.96111937791004,0.005
67.96116737867806,0.0025
67.96121537944607,0.0025
67.96126338021408,-0.0025
67.9613113809821,-0.012499999
67.9613593817501,-0.0075
67.96140738251812,-0.015
67.96145538328612,-0.012499999
67.96150338405414,-0.012499999
67.96155138482216,-0.012499999
67.96159938559016,-0.0025
67.96164738635818,-0.02
67.96169538712618,-0.02
67.9617433878942,-0.015
67.96179138866222,-0.015
67.96183938943022,-0.015
67.96188739019824,-0.01
67.96193539096625,-0.005
67.96198339173426,0.0
67.96203139250228,0.0075
67.96207939327029,0.0
67.9621273940383,0.01
67.96217539480631,0.0025
67.96222339557433,0.005
67.96227139634233,0.0025
67.96231939711035,0.0025
67.96236739787837,0.005
67.96241539864637,0.0025
67.96246339941439,-0.0025
67.9625114001824,0.0025
67.96255940095041,0.005
67.96260740171843,0.01
67.96265540248643,-0.0075
67.96270340325445,-0.005
67.96275140402246,0.0
67.96279940479047,0.01
67.96284740555849,0.012499999
67.9628954063265,0.005
67.96294340709451,0.005
67.96299140786252,0.012499999
67.96303940863054,0.012499999
67.96308740939854,0.0075
67.96313541016656,0.015
67.96318341093458,0.012499999
67.96323141170258,0.012499999
67.9632794124706,0.01
67.9633274132386,0.0025
67.96337541400662,0.0075
67.96342341477464,0.0075
67.96347141554264,0.0025
67.96351941631066,0.0075
67.96356741707866,0.0075
67.96361541784668,0.0175
67.9636634186147,0.0075
67.9637114193827,0.005
67.96375942015072,0.012499999
67.96380742091873,0.015
67.96385542168674,0.012499999
67.96390342245475,0.012499999
67.96395142322277,0.02
67.96399942399078,0.02
67.96404742475879,0.024999999
67.9640954255268,0.024999999
67.96414342629481,0.035
67.96419142706283,0.03
67.96423942783085,0.0425
67.96428742859885,0.037499998
67.96433542936687,0.0325
67.96438343013487,0.035
67.96443143090289,0.0275
67.96447943167091,0.0275
67.96452743243891,0.024999999
67.96457543320693,0.0275
67.96462343397494,0.03
67.96467143474295,0.024999999
67.96471943551096,0.022499999
67.96476743627898,0.022499999
67.964815437047,0.03
67.964863437815,0.024999999
67.96491143858302,0.0175
67.96495943935102,0.0175
67.96500744011904,0.02
67.96505544088706,0.03
67.96510344165506,0.024999999
67.96515144242308,0.015
67.96519944319108,0.015
67.9652474439591,0.0175
67.96529544472712,0.022499999
67.96534344549512,0.02
67.96539144626314,0.022499999
67.96543944703114,0.035
67.96548744779916,0.024999999
67.96553544856717,0.0325
67.96558344933518,0.0175
67.9656314501032,0.022499999
67.9656794508712,0.03
67.96572745163922,0.024999999
67.96577545240723,0.024999999
67.96582345317525,0.02
67.96587145394327,0.022499999
67.96591945471127,0.022499999
67.96596745547929,0.024999999
67.96601545624729,0.0175
67.96606345701531,0.024999999
67.96611145778333,0.012499999
67.96615945855133,0.015
67.96620745931935,0.015
67.96625546008735,0.02
67.96630346085537,0.01
67.96635146162338,0.015
67.9663994623914,0.0175
67.96644746315941,0.022499999
67.96649546392742,0.022499999
67.96654346469543,0.0175
67.96659146546344,0.022499999
67.96663946623146,0.0175
67.96668746699947,0.0175
67.96673546776748,0.024999999
67.9667834685355,0.022499999
67.9668314693035,0.015
67.96687947007152,0.02
67.96692747083954,0.024999999
67.96697547160754,0.012499999
67.96702347237556,0.02
67.96707147314356,0.024999999
67.96711947391158,0.024999999
67.96716747467958,0.0325
67.9672154754476,0.0325
67.96726347621562,0.0275
67.96731147698362,0.022499999
67.96735947775164,0.0325
67.96740747851965,0.024999999
67.96745547928766,0.0275
67.96750348005568,0.022499999
67.96755148082369,0.0175
67.9675994815917,0.022499999
67.96764748235971,0.0275
67.96769548312773,0.024999999
67.96774348389573,0.022499999
67.96779148466375,0.03
67.96783948543177,0.02
67.96788748619977,0.0175
67.96793548696779,0.012499999
67.9679834877358,0.012499999
67.96803148850381,0.005
67.96807948927183,0.012499999
67.96812749003983,0.005
67.96817549080785,0.0075
67.96822349157586,0.0075
67.96827149234387,0.0
67.96831949311189,-0.0025
67.9683674938799,-0.0075
67.96841549464791,-0.0075
67.96846349541592,-0.012499999
67.96851149618394,-0.0075
67.96855949695194,-0.005
67.96860749771996,-0.005
67.96865549848798,-0.0075
67.96870349925598,-0.012499999
67.968751500024,-0.0075
67.968799500792,-0.015
67.96884750156002,-0.0175
67.96889550232804,-0.02
67.96894350309604,-0.022499999
67.96899150386406,-0.024999999
67.96903950463206,-0.02
67.96908750540008,-0.022499999
67.9691355061681,-0.024999999
67.9691835069361,-0.02
67.96923150770412,-0.0325
67.96927950847213,-0.0175
67.96932750924014,-0.0275
67.96937551000815,-0.024999999
67.96942351077617,-0.02
67.96947151154419,-0.0325
67.96951951231219,-0.024999999
67.96956751308021,-0.022499999
67.96961551384821,-0.02
67.96966351461623,-0.022499999
67.96971151538425,-0.0175
67.96975951615225,-0.0175
67.96980751692027,-0.015
67.96985551768827,-0.024999999
67.96990351845629,-0.015
67.96995151922431,-0.012499999
67.96999951999231,-0.015
67.97004752076033,-0.022499999
67.97009552152834,-0.015
67.97014352229635,-0.015
67.97019152306436,-0.015
67.97023952383238,0.0
67.9702875246004,-0.01
67.9703355253684,-0.01
67.97038352613642,-0.01
67.97043152690442,-0.0025
67.97047952767244,-0.01
67.97052752844046,-0.0075
67.97057552920846,0.0
67.97062352997648,0.005
67.97067153074448,-0.0025
67.9707195315125,0.0025
67.97076753228052,0.0025
67.97081553304852,0.0
67.97086353381654,0.012499999
67.97091153458454,0.01
67.97095953535256,0.0075
67.97100753612057,0.012499999
67.97105553688858,0.01
67.9711035376566,0.015
67.9711515384246,0.015
67.97119953919263,0.0075
67.97124753996063,0.012499999
67.97129554072865,0.0075
67.97134354149667,0.01
67.97139154226467,0.01
67.97143954303269,0.015
67.97148754380069,0.02
67.97153554456871,0.02
67.97158354533673,0.0075
67.97163154610473,0.01
67.97167954687275,0.015
67.97172754764075,0.01
67.97177554840877,0.0075
67.97182354917678,0.005
67.9718715499448,0.012499999
67.97191955071281,0.01
67.97196755148082,0.0025
67.97201555224883,0.005
67.97206355301684,-0.0025
67.97211155378486,-0.0025
67.97215955455287,-0.0025
67.97220755532088,-0.0025
67.9722555560889,-0.005
67.9723035568569,-0.0025
67.97235155762492,0.0
67.97239955839294,-0.0025
67.97244755916094,-0.0025
67.97249555992896,0.0
67.97254356069696,-0.005
67.97259156146498,-0.0075
67.97263956223298,-0.0075
67.972687563001,-0.005
67.97273556376902,-0.0075
67.97278356453702,-0.0025
67.97283156530504,-0.005
67.97287956607305,-0.0075
67.97292756684107,-0.005
67.97297556760908,0.0
67.97302356837709,0.0025
67.9730715691451,-0.005
67.97311956991311,0.0
67.97316757068113,0.005
67.97321557144915,0.0025
67.97326357221715,0.0075
67.97331157298517,0.01
67.97335957375317,0.01
67.97340757452119,0.005
67.9734555752892,0.01
67.97350357605721,0.0025
67.97355157682523,0.0075
67.97359957759323,0.0025
67.97364757836125,0.0025
67.97369557912926,0.005
67.97374357989727,0.0075
67.97379158066529,0.005
67.9738395814333,0.0
67.97388758220131,0.01
67.97393558296932,-0.0025
67.97398358373734,0.0025
67.97403158450535,0.0075
67.97407958527336,0.0
67.97412758604138,0.0075
67.97417558680938,0.0
67.9742235875774,-0.005
67.9742715883454,0.0
67.97431958911342,0.0025
67.97436758988144,0.0025
67.97441559064944,0.0
67.97446359141746,-0.01
67.97451159218546,-0.005
67.97455959295348,-0.0025
67.9746075937215,-0.005
67.9746555944895,0.0
67.97470359525752,-0.0075
67.97475159602553,-0.005
67.97479959679355,-0.0025
67.97484759756156,-0.01
67.97489559832957,-0.0075
67.97494359909759,0.0
67.97499159986559,-0.0025
67.97503960063361,0.0
67.97508760140161,0.005
67.97513560216963,0.0025
67.97518360293765,0.0
67.97523160370565,-0.0025
67.97527960447367,-0.0075
67.97532760524167,0.0025
67.97537560600969,0.0025
67.97542360677771,-0.0025
67.97547160754571,0.005
67.97551960831373,-0.005
67.97556760908174,0.0025
67.97561560984975,-0.0075
67.97566361061777,-0.0025
67.97571161138578,-0.005
67.9757596121538,0.0
67.9758076129218,0.005
67.97585561368982,-0.0075
67.97590361445782,-0.005
67.97595161522584,0.0
67.97599961599386,0.0025
67.97604761676186,-0.0075
67.97609561752988,-0.0025
67.97614361829788,-0.0075
67.9761916190659,0.0025
67.97623961983392,0.0
67.97628762060192,-0.01
67.97633562136994,-0.005
67.97638362213794,-0.005
67.97643162290596,0.0025
67.97647962367398,0.0025
67.97652762444199,0.0075
67.97657562521,0.0025
67.97662362597801,0.0025
67.97667162674603,-0.005
67.97671962751403,-0.0075
67.97676762828205,-0.01
67.97681562905007,0.0025
67.97686362981807,-0.005
67.97691163058609,0.0
67.97695963135409,0.0025
67.97700763212211,0.005
67.97705563289013,0.0
67.97710363365813,-0.0025
67.97715163442615,-0.01
67.97719963519415,-0.0025
67.97724763596217,0.0
67.97729563673019,0.0025
67.9773436374982,-0.0025
67.97739163826621,-0.01
67.97743963903422,-0.0075
67.97748763980223,-0.0075
67.97753564057024,0.0
67.97758364133826,0.0075
67.97763164210627,-0.0025
67.97767964287428,-0.0075
67.9777276436423,-0.0025
67.9777756444103,-0.005
67.97782364517832,-0.0075
67.97787164594634,0.005
67.97791964671434,-0.005
67.97796764748236,-0.0025
67.97801564825036,-0.0075
67.97806364901838,-0.01
67.9781116497864,-0.0075
67.9781596505544,-0.0175
67.97820765132242,-0.01
67.97825565209043,-0.0025
67.97830365285844,-0.012499999
67.97835165362645,-0.012499999
67.97839965439447,-0.02
67.97844765516248,-0.0175
67.97849565593049,-0.02
67.9785436566985,-0.0175
67.97859165746651,-0.0275
67.97863965823453,-0.0175
67.97868765900255,-0.022499999
67.97873565977055,-0.024999999
67.97878366053857,-0.02
67.97883166130657,-0.022499999
67.97887966207459,-0.01
67.97892766284261,-0.015
67.97897566361061,-0.02
67.97902366437863,-0.024999999
67.97907166514663,-0.03
67.97911966591465,-0.024999999
67.97916766668266,-0.02
67.97921566745067,-0.0275
67.97926366821869,-0.022499999
67.9793116689867,-0.02
67.97935966975471,-0.022499999
67.97940767052272,-0.0175
67.97945567129074,-0.0175
67.97950367205875,-0.015
67.97955167282676,-0.015
67.97959967359478,-0.015
67.97964767436278,-0.015
67.9796956751308,-0.022499999
67.97974367589882,-0.02
67.97979167666682,-0.022499999
67.97983967743484,-0.01
67.97988767820284,-0.01
67.97993567897086,-0.0175
67.97998367973887,-0.02
67.98003168050688,-0.024999999
67.9800796812749,-0.0275
67.9801276820429,-0.03
67.98017568281092,-0.02
67.98022368357893,-0.02
67.98027168434695,-0.02
67.98031968511496,-0.02
67.98036768588297,-0.005
67.98041568665099,-0.02
67.98046368741899,-0.01
67.98051168818701,-0.0275
67.98055968895503,-0.02
67.98060768972303,-0.024999999
67.98065569049105,-0.022499999
67.98070369125905,-0.0275
67.98075169202707,-0.03
67.98079969279507,-0.024999999
67.98084769356309,-0.0275
67.98089569433111,-0.03
67.98094369509911,-0.0325
67.98099169586713,-0.022499999
67.98103969663514,-0.022499999
67.98108769740315,-0.0275
67.98113569817117,-0.024999999
67.98118369893918,-0.03
67.9812316997072,-0.0275
67.9812797004752,-0.0275
67.98132770124322,-0.035
67.98137570201123,-0.0275
67.98142370277924,-0.0275
67.98147170354726,-0.0325
67.98151970431526,-0.0325
67.98156770508328,-0.0325
67.98161570585128,-0.0275
67.9816637066193,-0.037499998
67.98171170738732,-0.0325
67.98175970815532,-0.035
67.98180770892334,-0.0325
67.98185570969135,-0.035
67.98190371045936,-0.04
67.98195171122738,-0.04
67.98199971199539,-0.037499998
67.9820477127634,-0.03
67.98209571353141,-0.03
67.98214371429943,-0.0325
67.98219171506744,-0.04
67.98223971583545,-0.0325
67.98228771660347,-0.0275
67.98233571737147,-0.035
67.98238371813949,-0.03
67.98243171890749,-0.04
67.98247971967551,-0.0325
67.98252772044353,-0.037499998
67.98257572121153,-0.037499998
67.98262372197955,-0.0325
67.98267172274755,-0.0325
67.98271972351557,-0.03
67.98276772428359,-0.0275
67.9828157250516,-0.022499999
67.98286372581961,-0.03
67.98291172658762,-0.03
67.98295972735563,-0.02
67.98300772812365,-0.0275
67.98305572889166,-0.0175
67.98310372965967,-0.0275
67.98315173042768,-0.0275
67.9831997311957,-0.022499999
67.9832477319637,-0.02
67.98329573273172,-0.0275
67.98334373349974,-0.03
67.98339173426774,-0.0275
67.98343973503576,-0.0275
67.98348773580376,-0.0275
67.98353573657178,-0.0325
67.9835837373398,-0.0275
67.9836317381078,-0.02
67.98367973887582,-0.024999999
67.98372773964383,-0.0325
67.98377574041184,-0.0325
67.98382374117986,-0.035
67.98387174194787,-0.0275
67.98391974271588,-0.0325
67.98396774348389,-0.03
67.9840157442519,-0.035
67.98406374501991,-0.037499998
67.98411174578793,-0.035
67.98415974655595,-0.04
67.98420774732395,-0.0425
67.98425574809197,-0.035
67.98430374885997,-0.037499998
67.98435174962799,-0.035
67.98439975039601,-0.0275
67.98444775116401,-0.0325
67.98449575193203,-0.03
67.98454375270003,-0.024999999
67.98459175346805,-0.0325
67.98463975423607,-0.022499999
67.98468775500407,-0.02
67.98473575577209,-0.0275
67.9847837565401,-0.024999999
67.98483175730811,-0.024999999
67.98487975807612,-0.03
67.98492775884414,-0.0325
67.98497575961215,-0.037499998
67.98502376038016,-0.035
67.98507176114818,-0.04
67.98511976191618,-0.037499998
67.9851677626842,-0.0425
67.98521576345222,-0.0475
67.98526376422022,-0.0475
67.98531176498824,-0.0425
67.98535976575624,-0.044999998
67.98540776652426,-0.049999997
67.98545576729228,-0.049999997
67.98550376806028,-0.044999998
67.9855517688283,-0.0525
67.9855997695963,-0.049999997
67.98564777036432,-0.0525
67.98569577113233,-0.055
67.98574377190035,-0.0525
67.98579177266836,-0.044999998
67.98583977343637,-0.0525
67.98588777420439,-0.044999998
67.98593577497239,-0.0425
67.98598377574041,-0.0425
67.98603177650843,-0.0425
67.98607977727643,-0.037499998
67.98612777804445,-0.0325
67.98617577881245,-0.0325
67.98622377958047,-0.0325
67.98627178034849,-0.037499998
67.98631978111649,-0.0275
67.98636778188451,-0.0325
67.98641578265251,-0.022499999
67.98646378342053,-0.0175
67.98651178418854,-0.024999999
67.98655978495655,-0.02
67.98660778572457,-0.0175
67.98665578649258,-0.015
67.9867037872606,-0.012499999
67.9867517880286,-0.012499999
67.98679978879662,-0.015
67.98684778956464,-0.015
67.98689579033264,-0.022499999
67.98694379110066,-0.024999999
67.98699179186866,-0.024999999
67.98703979263668,-0.03
67.9870877934047,-0.022499999
67.9871357941727,-0.03
67.98718379494072,-0.03
67.98723179570872,-0.037499998
67.98727979647674,-0.024999999
67.98732779724475,-0.04
67.98737579801276,-0.035
67.98742379878078,-0.035
67.98747179954879,-0.0425
67.9875198003168,-0.037499998
67.98756780108481,-0.037499998
67.98761580185283,-0.0325
67.98766380262084,-0.04
67.98771180338885,-0.03
67.98775980415687,-0.03
67.98780780492487,-0.037499998
67.98785580569289,-0.037499998
67.9879038064609,-0.0325
67.98795180722891,-0.035
67.98799980799693,-0.0275
67.98804780876493,-0.037499998
67.98809580953295,-0.03
67.98814381030095,-0.03
67.98819181106897,-0.024999999
67.98823981183699,-0.0275
67.988287812605,-0.0175
67.98833581337301,-0.0325
67.98838381414102,-0.0325
67.98843181490903,-0.0275
67.98847981567705,-0.022499999
67.98852781644506,-0.0275
67.98857581721307,-0.024999999
67.98862381798108,-0.022499999
67.9886718187491,-0.0275
67.98871981951712,-0.024999999
67.98876782028512,-0.03
67.98881582105314,-0.035
67.98886382182114,-0.024999999
67.98891182258916,-0.024999999
67.98895982335716,-0.022499999
67.98900782412518,-0.015
67.9890558248932,-0.022499999
67.9891038256612,-0.012499999
67.98915182642922,-0.022499999
67.98919982719723,-0.0175
67.98924782796524,-0.012499999
67.98929582873326,-0.012499999
67.98934382950127,-0.015
67.98939183026928,-0.012499999
67.98943983103729,-0.0175
67.9894878318053,-0.0075
67.98953583257331,-0.0175
67.98958383334133,-0.01
67.98963183410935,-0.015
67.98967983487735,-0.005
67.98972783564537,-0.01
67.98977583641337,0.0
67.98982383718139,-0.0075
67.98987183794941,-0.0025
67.98991983871741,-0.005
67.98996783948543,0.0
67.99001584025343,-0.01
67.99006384102145,0.005
67.99011184178947,0.0075
67.99015984255747,0.01
67.99020784332549,0.01
67.9902558440935,0.0
67.99030384486151,0.01
67.99035184562952,0.015
67.99039984639754,0.01
67.99044784716556,0.012499999
67.99049584793356,0.01
67.99054384870158,0.015
67.99059184946958,0.022499999
67.9906398502376,0.022499999
67.99068785100562,0.024999999
67.99073585177362,0.024999999
67.99078385254164,0.0175
67.99083185330964,0.0175
67.99087985407766,0.02
67.99092785484568,0.022499999
67.99097585561368,0.015
67.9910238563817,0.012499999
67.9910718571497,0.022499999
67.99111985791772,0.015
67.99116785868573,0.0025
67.99121585945375,0.005
67.99126386022176,0.005
67.99131186098977,0.0
67.99135986175779,-0.005
67.99140786252579,-0.005
67.99145586329381,-0.005
67.99150386406183,-0.005
67.99155186482983,-0.015
67.99159986559785,-0.02
67.99164786636585,-0.024999999
67.99169586713387,-0.0275
67.99174386790189,-0.02
67.99179186866989,-0.03
67.99183986943791,-0.035
67.99188787020591,-0.035
67.99193587097393,-0.037499998
67.99198387174194,-0.04
67.99203187250995,-0.049999997
67.99207987327797,-0.055
67.99212787404598,-0.044999998
67.992175874814,-0.0525
67.992223875582,-0.0525
67.99227187635002,-0.049999997
67.99231987711804,-0.0525
67.99236787788604,-0.06
67.99241587865406,-0.06
67.99246387942206,-0.057499997
67.99251188019008,-0.055
67.9925598809581,-0.055
67.9926078817261,-0.049999997
67.99265588249412,-0.049999997
67.99270388326212,-0.0475
67.99275188403014,-0.0475
67.99279988479815,-0.057499997
67.99284788556616,-0.049999997
67.99289588633418,-0.044999998
67.99294388710219,-0.0475
67.9929918878702,-0.0425
67.99303988863821,-0.04
67.99308788940623,-0.037499998
67.99313589017424,-0.044999998
67.99318389094225,-0.055
67.99323189171027,-0.0425
67.99327989247827,-0.0425
67.99332789324629,-0.044999998
67.9933758940143,-0.0425
67.99342389478231,-0.04
67.99347189555033,-0.04
67.99351989631833,-0.0325
67.99356789708635,-0.0325
67.99361589785435,-0.024999999
67.99366389862237,-0.0275
67.99371189939039,-0.024999999
67.9937599001584,-0.015
67.99380790092641,-0.0175
67.99385590169442,-0.0275
67.99390390246243,-0.015
67.99395190323045,-0.01
67.99399990399846,-0.012499999
67.99404790476648,-0.015
67.99409590553448,-0.012499999
67.9941439063025,-0.0175
67.99419190707052,-0.012499999
67.99423990783852,-0.005
67.99428790860654,-0.01
67.99433590937454,-0.0175
67.99438391014256,-0.03
67.99443191091056,-0.015
67.99447991167858,-0.022499999
67.9945279124466,-0.024999999
67.9945759132146,-0.024999999
67.99462391398262,-0.0275
67.99467191475063,-0.0275
67.99471991551864,-0.024999999
67.99476791628666,-0.022499999
67.99481591705467,-0.03
67.99486391782268,-0.0275
67.99491191859069,-0.0175
67.9949599193587,-0.015
67.99500792012672,-0.0175
67.99505592089473,-0.0175
67.99510392166275,-0.03
67.99515192243075,-0.024999999
67.99519992319877,-0.0175
67.99524792396677,-0.01
67.99529592473479,-0.012499999
67.99534392550281,-0.0175
67.99539192627081,-0.015
67.99543992703883,-0.01
67.99548792780683,-0.012499999
67.99553592857485,-0.015
67.99558392934287,-0.015
67.99563193011087,-0.02
67.9956799308789,-0.015
67.9957279316469,-0.0175
67.99577593241492,-0.02
67.99582393318293,-0.024999999
67.99587193395094,-0.0175
67.99591993471896,-0.0175
67.99596793548696,-0.022499999
67.99601593625498,-0.02
67.99606393702298,-0.02
67.996111937791,-0.024999999
67.99615993855902,-0.035
67.99620793932702,-0.035
67.99625594009504,-0.0275
67.99630394086304,-0.0325
67.99635194163106,-0.0325
67.99639994239908,-0.03
67.99644794316708,-0.035
67.9964959439351,-0.035
67.9965439447031,-0.035
67.99659194547112,-0.044999998
67.99663994623914,-0.0425
67.99668794700715,-0.037499998
67.99673594777516,-0.0425
67.99678394854317,-0.0425
67.99683194931119,-0.04
67.99687995007919,-0.044999998
67.99692795084721,-0.049999997
67.99697595161523,-0.0475
67.99702395238323,-0.044999998
67.99707195315125,-0.04
67.99711995391925,-0.04
67.99716795468727,-0.037499998
67.99721595545529,-0.0325
67.99726395622329,-0.0275
67.99731195699131,-0.0275
67.99735995775931,-0.0275
67.99740795852733,-0.022499999
67.99745595929535,-0.02
67.99750396006336,-0.02
67.99755196083137,-0.0275
67.99759996159938,-0.022499999
67.9976479623674,-0.037499998
67.9976959631354,-0.0275
67.99774396390342,-0.0175
67.99779196467144,-0.0275
67.99783996543944,-0.024999999
67.99788796620746,-0.0325
67.99793596697546,-0.03
67.99798396774348,-0.0425
67.9980319685115,-0.0325
67.9980799692795,-0.035
67.99812797004752,-0.0325
67.99817597081552,-0.0325
67.99822397158354,-0.0325
67.99827197235156,-0.035
67.99831997311956,-0.037499998
67.99836797388758,-0.0325
67.99841597465559,-0.04
67.9984639754236,-0.037499998
67.99851197619161,-0.035
67.99855997695963,-0.03
67.99860797772764,-0.03
67.99865597849565,-0.024999999
67.99870397926367,-0.03
67.99875198003167,-0.0325
67.99879998079969,-0.035
67.9988479815677,-0.03
67.99889598233571,-0.0325
67.99894398310373,-0.022499999
67.99899198387173,-0.0325
67.99903998463975,-0.022499999
67.99908798540777,-0.024999999
67.99913598617577,-0.0275
67.99918398694379,-0.024999999
67.9992319877118,-0.0325
67.99927998847981,-0.035
67.99932798924782,-0.0275
67.99937599001584,-0.024999999
67.99942399078385,-0.0325
67.99947199155186,-0.0275
67.99951999231988,-0.024999999
67.99956799308788,-0.022499999
67.9996159938559,-0.022499999
67.99966399462392,-0.022499999
67.99971199539192,-0.024999999
67.99975999615994,-0.0275
67.99980799692794,-0.0175
67.99985599769596,-0.0175
67.99990399846398,-0.0175
67.99995199923198,-0.02
68.0,-0.024999999
68.000048000768,-0.0175
68.00009600153602,-0.02
68.00014400230403,-0.024999999
68.00019200307204,-0.024999999
68.00024000384006,-0.024999999
68.00028800460807,-0.0175
68.00033600537608,-0.022499999
68.00038400614409,-0.015
68.0004320069121,-0.0275
68.00048000768012,-0.0275
68.00052800844813,-0.03
68.00057600921615,-0.0275
68.00062400998415,-0.022499999
68.00067201075217,-0.0275
68.00072001152019,-0.0275
68.00076801228819,-0.024999999
68.00081601305621,-0.01
68.00086401382421,-0.015
68.00091201459223,-0.02
68.00096001536023,-0.0175
68.00100801612825,-0.015
68.00105601689627,-0.015
68.00110401766428,-0.015
68.0011520184323,-0.0175
68.0012000192003,-0.0175
68.00124801996832,-0.0075
68.00129602073633,-0.024999999
68.00134402150434,-0.02
68.00139202227236,-0.02
68.00144002304036,-0.024999999
68.00148802380838,-0.0175
68.0015360245764,-0.022499999
68.0015840253444,-0.024999999
68.00163202611242,-0.02
68.00168002688042,-0.0275
68.00172802764844,-0.02
68.00177602841644,-0.024999999
68.00182402918446,-0.0275
68.00187202995248,-0.022499999
68.00192003072048,-0.024999999
68.0019680314885,-0.0175
68.0020160322565,-0.022499999
68.00206403302452,-0.0175
68.00211203379254,-0.0175
68.00216003456055,-0.015
68.00220803532856,-0.012499999
68.00225603609657,-0.01
68.00230403686459,-0.0075
68.0023520376326,-0.01
68.00240003840061,-0.0075
68.00244803916863,0.0
68.00249603993663,0.005
68.00254404070465,0.0
68.00259204147265,0.01
68.00264004224067,0.01
68.00268804300869,0.0
68.0027360437767,0.0075
68.00278404454471,0.0075
68.00283204531272,0.01
68.00288004608073,0.012499999
68.00292804684875,0.015
68.00297604761676,0.005
68.00302404838477,0.005
68.00307204915278,-0.0025
68.0031200499208,0.01
68.00316805068881,0.005
68.00321605145682,0.0075
68.00326405222484,0.01
68.00331205299284,0.0075
68.00336005376086,0.012499999
68.00340805452886,0.0075
68.00345605529688,0.02
68.0035040560649,0.005
68.0035520568329,0.012499999
68.00360005760092,0.0075
68.00364805836892,0.0175
68.00369605913694,0.0175
68.00374405990496,0.022499999
68.00379206067296,0.01
68.00384006144098,0.012499999
68.00388806220899,0.02
68.003936062977,0.03
68.00398406374502,0.024999999
68.00403206451303,0.02
68.00408006528104,0.015
68.00412806604905,0.022499999
68.00417606681707,0.0275
68.00422406758507,0.0175
68.00427206835309,0.0175
68.0043200691211,0.02
68.00436806988911,0.022499999
68.00441607065713,0.02
68.00446407142513,0.022499999
68.00451207219315,0.0175
68.00456007296117,0.015
68.00460807372917,0.02
68.00465607449719,0.01
68.0047040752652,0.012499999
68.00475207603321,0.015
68.00480007680123,0.02
68.00484807756924,0.0075
68.00489607833725,0.015
68.00494407910526,0.01
68.00499207987328,0.005
68.00504008064128,0.0025
68.0050880814093,0.0025
68.00513608217732,0.005
68.00518408294532,-0.0025
68.00523208371334,-0.0025
68.00528008448134,-0.005
68.00532808524936,0.0025
68.00537608601738,0.0
68.00542408678538,-0.0075
68.0054720875534,0.0
68.0055200883214,-0.01
68.00556808908942,-0.005
68.00561608985744,-0.012499999
68.00566409062544,0.0025
68.00571209139346,-0.0025
68.00576009216147,-0.012499999
68.00580809292948,0.0025
68.00585609369749,-0.0025
68.0059040944655,0.0075
68.00595209523352,-0.005
68.00600009600153,0.005
68.00604809676955,0.0
68.00609609753755,0.0
68.00614409830557,0.0
68.00619209907359,0.0025
68.00624009984159,-0.0025
68.00628810060961,0.0025
68.00633610137761,-0.0025
68.00638410214563,-0.0075
68.00643210291365,-0.01
68.00648010368165,-0.0025
68.00652810444967,-0.005
68.00657610521768,-0.005
68.0066241059857,0.0
68.0066721067537,-0.0025
68.00672010752172,-0.0075
68.00676810828973,-0.005
68.00681610905774,-0.0025
68.00686410982576,-0.0075
68.00691211059376,-0.015
68.00696011136178,-0.015
68.0070081121298,-0.015
68.0070561128978,-0.012499999
68.00710411366582,-0.0175
68.00715211443382,-0.01
68.00720011520184,-0.015
68.00724811596986,-0.005
68.00729611673786,-0.0075
68.00734411750588,-0.005
68.00739211827388,-0.01
68.0074401190419,-0.02
68.0074881198099,-0.015
68.00753612057792,-0.015
68.00758412134594,-0.015
68.00763212211395,-0.01
68.00768012288196,-0.01
68.00772812364997,-0.01
68.00777612441799,-0.024999999
68.007824125186,-0.0175
68.00787212595401,-0.02
68.00792012672203,-0.022499999
68.00796812749003,-0.03
68.00801612825805,-0.03
68.00806412902607,-0.024999999
68.00811212979407,-0.02
68.00816013056209,-0.03
68.0082081313301,-0.03
68.00825613209811,-0.0275
68.00830413286612,-0.022499999
68.00835213363413,-0.024999999
68.00840013440215,-0.022499999
68.00844813517016,-0.0325
68.00849613593817,-0.022499999
68.00854413670618,-0.024999999
68.0085921374742,-0.0275
68.00864013824221,-0.03
68.00868813901022,-0.03
68.00873613977824,-0.0325
68.00878414054624,-0.0275
68.00883214131426,-0.022499999
68.00888014208228,-0.037499998
68.00892814285028,-0.0325
68.0089761436183,-0.04
68.0090241443863,-0.037499998
68.00907214515432,-0.037499998
68.00912014592232,-0.035
68.00916814669034,-0.04
68.00921614745836,-0.03
68.00926414822636,-0.0325
68.00931214899438,-0.035
68.00936014976239,-0.037499998
68.0094081505304,-0.0425
68.00945615129842,-0.0275
68.00950415206643,-0.0325
68.00955215283444,-0.0275
68.00960015360245,-0.03
68.00964815437047,-0.037499998
68.00969615513849,-0.037499998
68.00974415590649,-0.037499998
68.00979215667451,-0.03
68.00984015744251,-0.0275
68.00988815821053,-0.037499998
68.00993615897853,-0.0325
68.00998415974655,-0.037499998
68.01003216051457,-0.0275
68.01008016128257,-0.0325
68.01012816205059,-0.022499999
68.0101761628186,-0.035
68.01022416358661,-0.035
68.01027216435463,-0.04
68.01032016512264,-0.035
68.01036816589065,-0.044999998
68.01041616665866,-0.037499998
68.01046416742668,-0.0425
68.0105121681947,-0.04
68.0105601689627,-0.0425
68.01060816973072,-0.0475
68.01065617049872,-0.049999997
68.01070417126674,-0.0525
68.01075217203474,-0.055
68.01080017280276,-0.049999997
68.01084817357078,-0.0525
68.01089617433878,-0.06
68.0109441751068,-0.055
68.0109921758748,-0.055
68.01104017664282,-0.067499995
68.01108817741084,-0.0625
68.01113617817884,-0.074999996
68.01118417894686,-0.067499995
68.01123217971487,-0.065
68.01128018048288,-0.057499997
68.01132818125089,-0.07
68.0113761820189,-0.06
68.01142418278693,-0.065
68.01147218355493,-0.074999996
68.01152018432295,-0.0775
68.01156818509095,-0.08
68.01161618585897,-0.0775
68.01166418662699,-0.085
68.01171218739499,-0.085
68.01176018816301,-0.0775
68.01180818893101,-0.082499996
68.01185618969903,-0.082499996
68.01190419046705,-0.08
68.01195219123505,-0.085
68.01200019200307,-0.0875
68.01204819277108,-0.089999996
68.0120961935391,-0.089999996
68.0121441943071,-0.095
68.01219219507512,-0.0875
68.01224019584313,-0.0975
68.01228819661114,-0.1025
68.01233619737916,-0.0975
68.01238419814716,-0.105
68.01243219891518,-0.099999994
68.0124801996832,-0.105
68.0125282004512,-0.1025
68.01257620121922,-0.1025
68.01262420198722,-0.0975
68.01267220275524,-0.0975
68.01272020352326,-0.105
68.01276820429126,-0.107499994
68.01281620505928,-0.1025
68.01286420582728,-0.1025
68.0129122065953,-0.1025
68.0129602073633,-0.107499994
68.01300820813132,-0.1025
68.01305620889934,-0.105
68.01310420966735,-0.1025
68.01315221043536,-0.0925
68.01320021120337,-0.1025
68.01324821197139,-0.095
68.0132962127394,-0.11
68.01334421350741,-0.105
68.01339221427543,-0.099999994
68.01344021504343,-0.105
68.01348821581145,-0.107499994
68.01353621657947,-0.107499994
68.01358421734747,-0.11
68.01363221811549,-0.0975
68.0136802188835,-0.1025
68.01372821965151,-0.1025
68.01377622041952,-0.095
68.01382422118753,-0.105
68.01387222195555,-0.1025
68.01392022272356,-0.1025
68.01396822349157,-0.1025
68.01401622425958,-0.099999994
68.0140642250276,-0.107499994
68.01411222579561,-0.114999995
68.01416022656362,-0.11
68.01420822733164,-0.11
68.01425622809964,-0.114999995
68.01430422886766,-0.1125
68.01435222963568,-0.122499995
68.01440023040368,-0.12
68.0144482311717,-0.1175
68.0144962319397,-0.107499994
68.01454423270772,-0.114999995
68.01459223347572,-0.12
68.01464023424374,-0.122499995
68.01468823501176,-0.12
68.01473623577976,-0.12
68.01478423654778,-0.125
68.01483223731579,-0.12
68.0148802380838,-0.122499995
68.01492823885182,-0.12
68.01497623961983,-0.122499995
68.01502424038785,-0.125
68.01507224115585,-0.1325
68.01512024192387,-0.13499999
68.01516824269189,-0.1275
68.01521624345989,-0.1325
68.01526424422791,-0.1275
68.01531224499591,-0.122499995
68.01536024576393,-0.13
68.01540824653193,-0.1275
68.01545624729995,-0.125
68.01550424806797,-0.125
68.01555224883597,-0.13
68.01560024960399,-0.13
68.015648250372,-0.1325
68.01569625114001,-0.1325
68.01574425190803,-0.125
68.01579225267604,-0.13
68.01584025344405,-0.1375
68.01588825421206,-0.1375
68.01593625498008,-0.14
68.0159842557481,-0.122499995
68.0160322565161,-0.13
68.01608025728412,-0.1325
68.01612825805212,-0.1275
68.01617625882014,-0.1275
68.01622425958814,-0.13
68.01627226035616,-0.1125
68.01632026112418,-0.125
68.01636826189218,-0.12
68.0164162626602,-0.114999995
68.0164642634282,-0.125
68.01651226419622,-0.12
68.01656026496424,-0.114999995
68.01660826573224,-0.114999995
68.01665626650026,-0.11
68.01670426726827,-0.11
68.01675226803629,-0.1025
68.0168002688043,-0.1125
68.01684826957231,-0.1025
68.01689627034033,-0.114999995
68.01694427110833,-0.105
68.01699227187635,-0.1125
68.01704027264435,-0.11
68.01708827341237,-0.114999995
68.01713627418039,-0.107499994
68.01718427494839,-0.1125
68.01723227571641,-0.11
68.01728027648441,-0.114999995
68.01732827725243,-0.114999995
68.01737627802045,-0.11
68.01742427878845,-0.125
68.01747227955647,-0.114999995
68.01752028032448,-0.125
68.0175682810925,-0.12
68.01761628186051,-0.1175
68.01766428262852,-0.125
68.01771228339653,-0.122499995
68.01776028416454,-0.1175
68.01780828493256,-0.12
68.01785628570056,-0.12
68.01790428646858,-0.122499995
68.0179522872366,-0.122499995
68.0180002880046,-0.13
68.01804828877262,-0.12
68.01809628954062,-0.125
68.01814429030864,-0.1175
68.01819229107666,-0.13499999
68.01824029184466,-0.1325
68.01828829261268,-0.13
68.01833629338068,-0.12
68.0183842941487,-0.1275
68.01843229491672,-0.13
68.01848029568472,-0.1275
68.01852829645274,-0.122499995
68.01857629722075,-0.13
68.01862429798877,-0.12
68.01867229875677,-0.125
68.01872029952479,-0.1325
68.0187683002928,-0.125
68.01881630106081,-0.13
68.01886430182883,-0.1275
68.01891230259683,-0.1275
68.01896030336485,-0.13
68.01900830413287,-0.1175
68.01905630490087,-0.122499995
68.01910430566889,-0.1325
68.0191523064369,-0.12
68.01920030720491,-0.1275
68.01924830797293,-0.1175
68.01929630874093,-0.122499995
68.01934430950895,-0.125
68.01939231027696,-0.125
68.01944031104497,-0.12
68.01948831181298,-0.1275
68.019536312581,-0.11
68.01958431334901,-0.114999995
68.01963231411702,-0.1175
68.01968031488504,-0.122499995
68.01972831565304,-0.114999995
68.01977631642106,-0.1125
68.01982431718908,-0.107499994
68.01987231795708,-0.1125
68.0199203187251,-0.114999995
68.0199683194931,-0.11
68.02001632026112,-0.1125
68.02006432102914,-0.1125
68.02011232179714,-0.1125
68.02016032256516,-0.114999995
68.02020832333316,-0.1125
68.02025632410118,-0.1125
68.02030432486919,-0.1175
68.0203523256372,-0.125
68.02040032640522,-0.1125
68.02044832717323,-0.125
68.02049632794125,-0.114999995
68.02054432870925,-0.114999995
68.02059232947727,-0.12
68.02064033024529,-0.114999995
68.02068833101329,-0.12
68.02073633178131,-0.122499995
68.02078433254931,-0.1125
68.02083233331733,-0.114999995
68.02088033408535,-0.125
68.02092833485335,-0.12
68.02097633562137,-0.1125
68.02102433638937,-0.1175
68.02107233715739,-0.114999995
68.0211203379254,-0.12
68.02116833869341,-0.114999995
68.02121633946143,-0.12
68.02126434022944,-0.11
68.02131234099745,-0.1125
68.02136034176546,-0.1175
68.02140834253348,-0.122499995
68.0214563433015,-0.114999995
68.0215043440695,-0.1125
68.02155234483752,-0.114999995
68.02160034560552,-0.1125
68.02164834637354,-0.114999995
68.02169634714156,-0.1125
68.02174434790956,-0.11
68.02179234867758,-0.11
68.02184034944558,-0.114999995
68.0218883502136,-0.12
68.0219363509816,-0.11
68.02198435174962,-0.099999994
68.02203235251764,-0.099999994
68.02208035328565,-0.107499994
68.02212835405366,-0.11
68.02217635482167,-0.107499994
68.02222435558969,-0.11
68.0222723563577,-0.105
68.02232035712571,-0.099999994
68.02236835789373,-0.0975
68.02241635866173,-0.095
68.02246435942975,-0.099999994
68.02251236019777,-0.1025
68.02256036096577,-0.0975
68.02260836173379,-0.0975
68.02265636250179,-0.095
68.02270436326981,-0.089999996
68.02275236403781,-0.095
68.02280036480583,-0.0925
68.02284836557385,-0.099999994
68.02289636634185,-0.099999994
68.02294436710987,-0.099999994
68.02299236787788,-0.0875
68.0230403686459,-0.0975
68.02308836941391,-0.0925
68.02313637018192,-0.0875
68.02318437094993,-0.0875
68.02323237171794,-0.0875
68.02328037248596,-0.0875
68.02332837325397,-0.085
68.02337637402198,-0.085
68.02342437479,-0.08
68.023472375558,-0.0875
68.02352037632602,-0.08
68.02356837709402,-0.0925
68.02361637786204,-0.08
68.02366437863006,-0.082499996
68.02371237939806,-0.074999996
68.02376038016608,-0.085
68.02380838093408,-0.0875
68.0238563817021,-0.085
68.02390438247012,-0.0925
68.02395238323813,-0.095
68.02400038400614,-0.089999996
68.02404838477415,-0.095
68.02409638554217,-0.095
68.02414438631018,-0.0925
68.02419238707819,-0.095
68.0242403878462,-0.099999994
68.02428838861421,-0.095
68.02433638938223,-0.0925
68.02438439015023,-0.0925
68.02443239091825,-0.0975
68.02448039168627,-0.089999996
68.02452839245427,-0.095
68.02457639322229,-0.095
68.0246243939903,-0.095
68.02467239475831,-0.089999996
68.02472039552633,-0.089999996
68.02476839629433,-0.089999996
68.02481639706235,-0.0925
68.02486439783036,-0.089999996
68.02491239859837,-0.099999994
68.02496039936639,-0.095
68.0250084001344,-0.0975
68.02505640090241,-0.085
68.02510440167042,-0.0875
68.02515240243844,-0.085
68.02520040320644,-0.0875
68.02524840397446,-0.095
68.02529640474248,-0.095
68.02534440551048,-0.085
68.0253924062785,-0.0925
68.0254404070465,-0.0875
68.02548840781452,-0.0875
68.02553640858254,-0.0925
68.02558440935054,-0.082499996
68.02563241011856,-0.085
68.02568041088657,-0.0875
68.02572841165458,-0.082499996
68.0257764124226,-0.08
68.0258244131906,-0.0875
68.02587241395862,-0.08
68.02592041472663,-0.085
68.02596841549465,-0.0875
68.02601641626265,-0.0725
68.02606441703067,-0.0875
68.02611241779869,-0.08
68.02616041856669,-0.074999996
68.02620841933471,-0.0725
68.02625642010271,-0.07
68.02630442087073,-0.07
68.02635242163875,-0.067499995
68.02640042240675,-0.0625
68.02644842317477,-0.065
68.02649642394277,-0.0625
68.02654442471079,-0.06
68.02659242547881,-0.055
68.02664042624681,-0.0625
68.02668842701483,-0.0525
68.02673642778284,-0.0475
68.02678442855085,-0.044999998
68.02683242931886,-0.037499998
68.02688043008688,-0.0425
68.0269284308549,-0.044999998
68.0269764316229,-0.035
68.02702443239092,-0.037499998
68.02707243315892,-0.035
68.02712043392694,-0.03
68.02716843469496,-0.0275
68.02721643546296,-0.0325
68.02726443623098,-0.035
68.02731243699898,-0.035
68.027360437767,-0.024999999
68.02740843853502,-0.0325
68.02745643930302,-0.0275
68.02750444007104,-0.03
68.02755244083905,-0.035
68.02760044160706,-0.024999999
68.02764844237507,-0.024999999
68.02769644314309,-0.022499999
68.0277444439111,-0.0275
68.02779244467911,-0.024999999
68.02784044544713,-0.0275
68.02788844621513,-0.022499999
68.02793644698315,-0.0175
68.02798444775117,-0.0275
68.02803244851917,-0.024999999
68.02808044928719,-0.03
68.02812845005519,-0.02
68.02817645082321,-0.022499999
68.02822445159123,-0.03
68.02827245235923,-0.0325
68.02832045312725,-0.03
68.02836845389525,-0.024999999
68.02841645466327,-0.024999999
68.02846445543128,-0.024999999
68.0285124561993,-0.022499999
68.02856045696731,-0.022499999
68.02860845773532,-0.02
68.02865645850333,-0.015
68.02870445927134,-0.015
68.02875246003936,-0.015
68.02880046080737,-0.012499999
68.02884846157538,-0.015
68.0288964623434,-0.0275
68.0289444631114,-0.022499999
68.02899246387942,-0.0175
68.02904046464744,-0.015
68.02908846541544,-0.015
68.02913646618346,-0.022499999
68.02918446695146,-0.012499999
68.02923246771948,-0.024999999
68.02928046848749,-0.024999999
68.0293284692555,-0.0275
68.02937647002352,-0.024999999
68.02942447079153,-0.022499999
68.02947247155954,-0.0175
68.02952047232755,-0.015
68.02956847309557,-0.0175
68.02961647386358,-0.02
68.02966447463159,-0.015
68.0297124753996,-0.015
68.02976047616761,-0.015
68.02980847693563,-0.0175
68.02985647770365,-0.022499999
68.02990447847165,-0.0175
68.02995247923967,-0.0175
68.03000048000767,-0.015
68.03004848077569,-0.0075
68.0300964815437,-0.015
68.03014448231171,-0.0175
68.03019248307973,-0.01
68.03024048384773,-0.0075
68.03028848461575,-0.0075
68.03033648538376,-0.0025
68.03038448615177,0.0
68.03043248691979,0.005
68.0304804876878,0.01
68.03052848845581,0.0075
68.03057648922382,0.012499999
68.03062448999184,0.012499999
68.03067249075986,0.022499999
68.03072049152786,0.01
68.03076849229588,0.0075
68.03081649306388,0.0075
68.0308644938319,0.005
68.0309124945999,0.0025
68.03096049536792,0.0075
68.03100849613594,0.0075
68.03105649690394,0.005
68.03110449767196,0.012499999
68.03115249843997,0.0075
68.03120049920798,0.0075
68.031248499976,0.01
68.031296500744,0.005
68.03134450151202,0.0025
68.03139250228003,0.005
68.03144050304805,0.005
68.03148850381606,-0.0025
68.03153650458407,-0.0025
68.03158450535209,-0.0075
68.03163250612009,-0.0075
68.03168050688811,0.0025
68.03172850765611,0.005
68.03177650842413,0.0025
68.03182450919215,0.0025
68.03187250996015,0.0075
68.03192051072817,0.012499999
68.03196851149617,0.012499999
68.03201651226419,0.022499999
68.03206451303221,0.012499999
68.03211251380021,0.0175
68.03216051456823,0.024999999
68.03220851533624,0.022499999
68.03225651610425,0.02
68.03230451687227,0.0175
68.03235251764028,0.022499999
68.0324005184083,0.0175
68.0324485191763,0.024999999
68.03249651994432,0.03
68.03254452071232,0.0275
68.03259252148034,0.022499999
68.03264052224836,0.024999999
68.03268852301636,0.024999999
68.03273652378438,0.02
68.03278452455238,0.03
68.0328325253204,0.03
68.03288052608842,0.024999999
68.03292852685642,0.02
68.03297652762444,0.024999999
68.03302452839245,0.0325
68.03307252916046,0.0275
68.03312052992847,0.0275
68.03316853069649,0.03
68.0332165314645,0.035
68.03326453223251,0.037499998
68.03331253300053,0.0275
68.03336053376853,0.035
68.03340853453655,0.03
68.03345653530457,0.03
68.03350453607257,0.024999999
68.03355253684059,0.03
68.03360053760859,0.024999999
68.03364853837661,0.024999999
68.03369653914463,0.0275
68.03374453991263,0.03
68.03379254068065,0.024999999
68.03384054144865,0.015
68.03388854221667,0.0275
68.03393654298468,0.0175
68.0339845437527,0.015
68.03403254452071,0.01
68.03408054528872,0.01
68.03412854605673,0.0075
68.03417654682474,0.012499999
68.03422454759276,0.005
68.03427254836078,0.015
68.03432054912878,0.01
68.0343685498968,0.005
68.0344165506648,0.012499999
68.03446455143282,0.015
68.03451255220084,0.01
68.03456055296884,0.0
68.03460855373686,0.015
68.03465655450486,0.01
68.03470455527288,0.015
68.03475255604089,0.005
68.0348005568089,0.0025
68.03484855757692,0.0
68.03489655834493,0.0075
68.03494455911294,0.005
68.03499255988095,0.0
68.03504056064897,-0.0025
68.03508856141698,0.005
68.03513656218499,0.012499999
68.035184562953,0.01
68.03523256372101,0.005
68.03528056448903,0.005
68.03532856525705,0.01
68.03537656602505,0.005
68.03542456679307,0.0025
68.03547256756107,0.0025
68.03552056832909,0.0
68.0355685690971,0.0025
68.03561656986511,0.005
68.03566457063313,0.005
68.03571257140113,0.01
68.03576057216915,0.012499999
68.03580857293716,0.015
68.03585657370517,0.005
68.0359045744732,0.015
68.0359525752412,0.0075
68.03600057600922,0.02
68.03604857677722,0.0175
68.03609657754524,0.01
68.03614457831326,0.0175
68.03619257908126,0.015
68.03624057984928,0.015
68.03628858061728,0.015
68.0363365813853,0.022499999
68.0363845821533,0.012499999
68.03643258292132,0.022499999
68.03648058368934,0.0175
68.03652858445734,0.01
68.03657658522536,0.0075
68.03662458599337,0.0075
68.03667258676138,0.012499999
68.0367205875294,0.012499999
68.0367685882974,-0.0025
68.03681658906542,0.012499999
68.03686458983343,0.0075
68.03691259060145,-0.005
68.03696059136946,-0.0025
68.03700859213747,-0.0075
68.03705659290549,0.005
68.03710459367349,0.0
68.03715259444151,0.0025
68.03720059520951,-0.01
68.03724859597753,0.0075
68.03729659674555,0.005
68.03734459751355,-0.005
68.03739259828157,0.01
68.03744059904957,0.01
68.03748859981759,0.0075
68.03753660058561,0.0175
68.03758460135361,0.0075
68.03763260212163,0.015
68.03768060288964,0.01
68.03772860365765,0.0175
68.03777660442567,0.022499999
68.03782460519368,0.022499999
68.0378726059617,0.0275
68.0379206067297,0.022499999
68.03796860749772,0.024999999
68.03801660826572,0.0275
68.03806460903374,0.03
68.03811260980176,0.03
68.03816061056976,0.037499998
68.03820861133778,0.035
68.03825661210578,0.035
68.0383046128738,0.035
68.03835261364182,0.0325
68.03840061440982,0.037499998
68.03844861517784,0.0425
68.03849661594585,0.0425
68.03854461671386,0.049999997
68.03859261748188,0.049999997
68.03864061824989,0.0475
68.0386886190179,0.0425
68.03873661978591,0.044999998
68.03878462055393,0.044999998
68.03883262132193,0.055
68.03888062208995,0.049999997
68.03892862285797,0.055
68.03897662362597,0.055
68.03902462439399,0.0625
68.03907262516199,0.06
68.03912062593001,0.067499995
68.03916862669803,0.0725
68.03921662746603,0.067499995
68.03926462823405,0.0725
68.03931262900205,0.08
68.03936062977007,0.065
68.03940863053809,0.067499995
68.0394566313061,0.0625
68.03950463207411,0.0625
68.03955263284212,0.044999998
68.03960063361014,0.0525
68.03964863437814,0.055
68.03969663514616,0.044999998
68.03974463591418,0.055
68.03979263668218,0.0425
68.0398406374502,0.0475
68.0398886382182,0.044999998
68.03993663898622,0.0475
68.03998463975424,0.0425
68.04003264052224,0.04
68.04008064129026,0.035
68.04012864205826,0.04
68.04017664282628,0.03
68.0402246435943,0.0325
68.0402726443623,0.02
68.04032064513032,0.035
68.04036864589833,0.012499999
68.04041664666634,0.012499999
68.04046464743435,0.0075
68.04051264820237,0.01
68.04056064897038,0.0075
68.04060864973839,0.0075
68.0406566505064,-0.0075
68.04070465127441,-0.005
68.04075265204243,-0.012499999
68.04080065281045,-0.015
68.04084865357845,-0.02
68.04089665434647,-0.02
68.04094465511447,-0.03
68.04099265588249,-0.024999999
68.04104065665051,-0.022499999
68.04108865741851,-0.03
68.04113665818653,-0.0325
68.04118465895453,-0.03
68.04123265972255,-0.037499998
68.04128066049056,-0.03
68.04132866125858,-0.024999999
68.0413766620266,-0.035
68.0414246627946,-0.0275
68.04147266356262,-0.03
68.04152066433062,-0.0275
68.04156866509864,-0.024999999
68.04161666586666,-0.0275
68.04166466663466,-0.022499999
68.04171266740268,-0.024999999
68.04176066817068,-0.015
68.0418086689387,-0.02
68.04185666970672,-0.0075
68.04190467047472,-0.02
68.04195267124274,-0.0175
68.04200067201074,-0.0075
68.04204867277876,-0.0075
68.04209667354677,-0.0075
68.04214467431478,-0.0025
68.0421926750828,-0.01
68.0422406758508,0.0
68.04228867661882,-0.0025
68.04233667738683,-0.005
68.04238467815485,-0.005
68.04243267892286,-0.005
68.04248067969087,-0.015
68.04252868045889,-0.015
68.04257668122689,-0.0075
68.04262468199491,-0.01
68.04267268276293,-0.005
68.04272068353093,-0.0075
68.04276868429895,-0.012499999
68.04281668506695,0.0025
68.04286468583497,-0.0025
68.04291268660297,-0.0075
68.042960687371,-0.0175
68.04300868813901,-0.012499999
68.04305668890701,-0.015
68.04310468967503,-0.01
68.04315269044304,-0.0175
68.04320069121106,-0.022499999
68.04324869197907,-0.02
68.04329669274708,-0.015
68.0433446935151,-0.022499999
68.0433926942831,-0.0175
68.04344069505112,-0.0175
68.04348869581914,-0.01
68.04353669658714,-0.015
68.04358469735516,-0.015
68.04363269812316,-0.005
68.04368069889118,-0.0075
68.04372869965918,-0.012499999
68.0437767004272,-0.022499999
68.04382470119522,-0.022499999
68.04387270196322,-0.0275
68.04392070273124,-0.0075
68.04396870349925,-0.02
68.04401670426726,-0.022499999
68.04406470503528,-0.015
68.04411270580329,-0.015
68.0441607065713,-0.005
68.04420870733931,-0.0025
68.04425670810733,-0.012499999
68.04430470887534,-0.015
68.04435270964335,0.0
68.04440071041137,-0.01
68.04444871117937,-0.005
68.04449671194739,0.0
68.04454471271539,0.0
68.04459271348341,-0.005
68.04464071425143,-0.0075
68.04468871501943,-0.005
68.04473671578745,-0.0075
68.04478471655545,-0.005
68.04483271732347,-0.012499999
68.04488071809149,-0.005
68.0449287188595,-0.0025
68.04497671962751,0.0
68.04502472039552,0.0
68.04507272116354,0.0
68.04512072193155,0.0025
68.04516872269956,0.0025
68.04521672346758,-0.0025
68.04526472423558,0.0025
68.0453127250036,-0.0025
68.0453607257716,0.0025
68.04540872653962,0.005
68.04545672730764,0.012499999
68.04550472807564,0.0075
68.04555272884366,0.012499999
68.04560072961166,0.005
68.04564873037968,0.0075
68.0456967311477,0.005
68.0457447319157,0.0175
68.04579273268372,0.0075
68.04584073345173,0.0
68.04588873421974,0.0025
68.04593673498776,0.005
68.04598473575577,0.0025
68.04603273652378,0.005
68.04608073729179,-0.0025
68.0461287380598,0.0075
68.04617673882781,0.0
68.04622473959583,-0.005
68.04627274036385,-0.0075
68.04632074113185,0.0025
68.04636874189987,0.0025
68.04641674266787,0.005
68.04646474343589,-0.005
68.04651274420391,-0.01
68.04656074497191,-0.01
68.04660874573993,-0.012499999
68.04665674650794,-0.012499999
68.04670474727595,-0.005
68.04675274804397,-0.01
68.04680074881198,-0.0025
68.04684874958,-0.012499999
68.046896750348,-0.012499999
68.04694475111602,-0.022499999
68.04699275188402,-0.015
68.04704075265204,-0.0075
68.04708875342006,-0.015
68.04713675418806,-0.0075
68.04718475495608,-0.024999999
68.04723275572408,-0.015
68.0472807564921,-0.0275
68.04732875726012,-0.024999999
68.04737675802812,-0.024999999
68.04742475879614,-0.0325
68.04747275956414,-0.024999999
68.04752076033216,-0.0325
68.04756876110018,-0.04
68.04761676186818,-0.035
68.0476647626362,-0.04
68.0477127634042,-0.04
68.04776076417222,-0.044999998
68.04780876494023,-0.037499998
68.04785676570825,-0.044999998
68.04790476647626,-0.035
68.04795276724427,-0.044999998
68.04800076801229,-0.0475
68.04804876878029,-0.0475
68.04809676954831,-0.037499998
68.04814477031633,-0.0425
68.04819277108433,-0.055
68.04824077185235,-0.057499997
68.04828877262035,-0.0525
68.04833677338837,-0.0475
68.04838477415639,-0.044999998
68.0484327749244,-0.0525
68.04848077569241,-0.04
68.04852877646042,-0.044999998
68.04857677722843,-0.0475
68.04862477799644,-0.0525
68.04867277876446,-0.0525
68.04872077953247,-0.0525
68.04876878030048,-0.06
68.0488167810685,-0.06
68.0488647818365,-0.049999997
68.04891278260452,-0.049999997
68.04896078337254,-0.0525
68.04900878414054,-0.049999997
68.04905678490856,-0.049999997
68.04910478567656,-0.0475
68.04915278644458,-0.037499998
68.0492007872126,-0.0425
68.0492487879806,-0.0425
68.04929678874862,-0.044999998
68.04934478951662,-0.0425
68.04939279028464,-0.0425
68.04944079105265,-0.0425
68.04948879182066,-0.044999998
68.04953679258868,-0.037499998
68.04958479335669,-0.04
68.0496327941247,-0.0425
68.04968079489271,-0.037499998
68.04972879566073,-0.044999998
68.04977679642874,-0.049999997
68.04982479719675,-0.037499998
68.04987279796477,-0.0425
68.04992079873277,-0.037499998
68.04996879950079,-0.0325
68.0500168002688,-0.037499998
68.05006480103681,-0.0425
68.05011280180483,-0.04
68.05016080257283,-0.04
68.05020880334085,-0.04
68.05025680410886,-0.037499998
68.05030480487687,-0.037499998
68.05035280564489,-0.03
68.0504008064129,-0.037499998
68.05044880718091,-0.0425
68.05049680794892,-0.0325
68.05054480871694,-0.0325
68.05059280948495,-0.037499998
68.05064081025296,-0.04
68.05068881102098,-0.04
68.05073681178898,-0.0425
68.050784812557,-0.0425
68.05083281332502,-0.037499998
68.05088081409302,-0.044999998
68.05092881486104,-0.0475
68.05097681562904,-0.04
68.05102481639706,-0.037499998
68.05107281716506,-0.055
68.05112081793308,-0.0425
68.0511688187011,-0.049999997
68.0512168194691,-0.044999998
68.05126482023712,-0.0525
68.05131282100513,-0.057499997
68.05136082177314,-0.044999998
68.05140882254116,-0.0525
68.05145682330917,-0.0425
68.05150482407718,-0.0425
68.05155282484519,-0.0325
68.0516008256132,-0.0325
68.05164882638122,-0.04
68.05169682714923,-0.0275
68.05174482791725,-0.03
68.05179282868525,-0.0275
68.05184082945327,-0.024999999
68.05188883022127,-0.03
68.05193683098929,-0.037499998
68.05198483175731,-0.03
68.05203283252531,-0.035
68.05208083329333,-0.024999999
68.05212883406134,-0.024999999
68.05217683482935,-0.0175
68.05222483559737,-0.0175
68.05227283636538,-0.0275
68.0523208371334,-0.022499999
68.0523688379014,-0.012499999
68.05241683866942,-0.015
68.05246483943743,-0.01
68.05251284020544,-0.0175
68.05256084097346,-0.0175
68.05260884174146,-0.02
68.05265684250948,-0.005
68.05270484327748,-0.022499999
68.0527528440455,-0.0175
68.05280084481352,-0.0175
68.05284884558152,-0.02
68.05289684634954,-0.015
68.05294484711754,-0.0075
68.05299284788556,-0.005
68.05304084865358,-0.01
68.05308884942158,-0.0025
68.0531368501896,-0.0175
68.0531848509576,-0.015
68.05323285172562,-0.012499999
68.05328085249364,-0.022499999
68.05332885326165,-0.015
68.05337685402966,-0.0175
68.05342485479767,-0.015
68.05347285556569,-0.0175
68.05352085633369,-0.024999999
68.05356885710171,-0.015
68.05361685786973,-0.022499999
68.05366485863773,-0.0175
68.05371285940575,-0.0275
68.05376086017375,-0.0275
68.05380886094177,-0.0325
68.05385686170979,-0.0325
68.0539048624778,-0.0275
68.05395286324581,-0.0325
68.05400086401382,-0.022499999
68.05404886478183,-0.0275
68.05409686554984,-0.0275
68.05414486631786,-0.0325
68.05419286708587,-0.037499998
68.05424086785388,-0.04
68.0542888686219,-0.04
68.0543368693899,-0.035
68.05438487015792,-0.0325
68.05443287092594,-0.037499998
68.05448087169394,-0.037499998
68.05452887246196,-0.044999998
68.05457687322996,-0.0475
68.05462487399798,-0.0425
68.054672874766,-0.0475
68.054720875534,-0.0475
68.05476887630202,-0.0425
68.05481687707002,-0.049999997
68.05486487783804,-0.0475
68.05491287860605,-0.0425
68.05496087937406,-0.049999997
68.05500888014208,-0.044999998
68.05505688091009,-0.04
68.0551048816781,-0.044999998
68.05515288244611,-0.044999998
68.05520088321413,-0.04
68.05524888398215,-0.0425
68.05529688475015,-0.044999998
68.05534488551817,-0.044999998
68.05539288628617,-0.0425
68.05544088705419,-0.0425
68.05548888782221,-0.03
68.05553688859021,-0.037499998
68.05558488935823,-0.03
68.05563289012623,-0.035
68.05568089089425,-0.0175
68.05572889166226,-0.024999999
68.05577689243027,-0.024999999
68.05582489319829,-0.022499999
68.0558728939663,-0.03
68.05592089473431,-0.0325
68.05596889550232,-0.0325
68.05601689627034,-0.037499998
68.05606489703835,-0.04
68.05611289780636,-0.0425
68.05616089857438,-0.04
68.05620889934238,-0.037499998
68.0562569001104,-0.044999998
68.05630490087842,-0.049999997
68.05635290164642,-0.0475
68.05640090241444,-0.0525
68.05644890318244,-0.055
68.05649690395046,-0.0425
68.05654490471846,-0.04
68.05659290548648,-0.0425
68.0566409062545,-0.037499998
68.0566889070225,-0.0425
68.05673690779052,-0.0325
68.05678490855853,-0.035
68.05683290932654,-0.0325
68.05688091009456,-0.0275
68.05692891086257,-0.024999999
68.05697691163058,-0.0325
68.05702491239859,-0.022499999
68.0570729131666,-0.0275
68.05712091393463,-0.0275
68.05716891470263,-0.022499999
68.05721691547065,-0.024999999
68.05726491623865,-0.0175
68.05731291700667,-0.01
68.05736091777467,-0.012499999
68.05740891854269,-0.015
68.05745691931071,-0.0075
68.05750492007871,-0.015
68.05755292084673,-0.0175
68.05760092161474,-0.0175
68.05764892238275,-0.015
68.05769692315077,-0.02
68.05774492391878,-0.01
68.0577929246868,-0.012499999
68.0578409254548,-0.015
68.05788892622282,-0.0075
68.05793692699083,-0.015
68.05798492775884,-0.015
68.05803292852686,-0.0175
68.05808092929486,-0.0175
68.05812893006288,-0.022499999
68.05817693083088,-0.0175
68.0582249315989,-0.022499999
68.05827293236692,-0.022499999
68.05832093313492,-0.02
68.05836893390294,-0.02
68.05841693467094,-0.015
68.05846493543896,-0.0175
68.05851293620698,-0.024999999
68.05856093697498,-0.02
68.058608937743,-0.0275
68.058656938511,-0.0175
68.05870493927902,-0.022499999
68.05875294004704,-0.02
68.05880094081505,-0.0275
68.05884894158307,-0.02
68.05889694235107,-0.035
68.05894494311909,-0.03
68.05899294388709,-0.0275
68.05904094465511,-0.024999999
68.05908894542313,-0.024999999
68.05913694619113,-0.024999999
68.05918494695915,-0.035
68.05923294772715,-0.0275
68.05928094849517,-0.0275
68.05932894926319,-0.0175
68.0593769500312,-0.012499999
68.05942495079921,-0.015
68.05947295156722,-0.012499999
68.05952095233523,-0.02
68.05956895310325,-0.012499999
68.05961695387126,-0.015
68.05966495463927,-0.015
68.05971295540728,-0.0175
68.0597609561753,-0.012499999
68.0598089569433,-0.015
68.05985695771132,-0.0175
68.05990495847934,-0.0175
68.05995295924734,-0.0075
68.06000096001536,-0.01
68.06004896078336,-0.0175
68.06009696155138,0.0025
68.0601449623194,0.0025
68.0601929630874,0.005
68.06024096385542,0.01
68.06028896462342,0.005
68.06033696539144,0.01
68.06038496615946,0.015
68.06043296692746,0.02
68.06048096769548,0.022499999
68.06052896846349,0.024999999
68.0605769692315,0.0275
68.06062496999951,0.024999999
68.06067297076753,0.0275
68.06072097153555,0.022499999
68.06076897230355,0.0275
68.06081697307157,0.022499999
68.06086497383957,0.0325
68.06091297460759,0.03
68.06096097537561,0.0325
68.06100897614361,0.024999999
68.06105697691163,0.02
68.06110497767963,0.024999999
68.06115297844765,0.022499999
68.06120097921567,0.022499999
68.06124897998367,0.02
68.06129698075169,0.0175
68.0613449815197,0.01
68.06139298228771,0.01
68.06144098305572,0.01
68.06148898382374,0.012499999
68.06153698459175,0.01
68.06158498535976,0.0075
68.06163298612778,0.01
68.06168098689578,0.01
68.0617289876638,0.012499999
68.06177698843182,0.0175
68.06182498919982,0.015
68.06187298996784,0.02
68.06192099073584,0.02
68.06196899150386,0.03
68.06201699227188,0.024999999
68.06206499303988,0.0175
68.0621129938079,0.02
68.0621609945759,0.015
68.06220899534392,0.01
68.06225699611193,0.01
68.06230499687994,0.0175
68.06235299764796,0.012499999
68.06240099841597,0.0075
68.06244899918399,0.005
68.06249699995199,0.0
68.06254500072001,-0.0025
68.06259300148803,0.0
68.06264100225603,0.0
68.06268900302405,0.0025
68.06273700379205,0.0025
68.06278500456007,0.0025
68.06283300532809,-0.0075
68.06288100609609,0.0025
68.06292900686411,-0.005
68.06297700763211,-0.005
68.06302500840013,-0.012499999
68.06307300916814,-0.0175
68.06312100993615,-0.01
68.06316901070417,-0.022499999
68.06321701147218,-0.015
68.0632650122402,-0.015
68.0633130130082,-0.02
68.06336101377622,-0.024999999
68.06340901454423,-0.0275
68.06345701531224,-0.03
68.06350501608026,-0.022499999
68.06355301684826,-0.0275
68.06360101761628,-0.0275
68.0636490183843,-0.02
68.0636970191523,-0.022499999
68.06374501992032,-0.022499999
68.06379302068832,-0.015
68.06384102145634,-0.022499999
68.06388902222434,-0.0175
68.06393702299236,-0.0175
68.06398502376038,-0.0075
68.06403302452838,-0.01
68.0640810252964,-0.0075
68.0641290260644,-0.0075
68.06417702683243,-0.005
68.06422502760044,-0.0075
68.06427302836845,-0.0025
68.06432102913647,-0.005
68.06436902990447,-0.0025
68.06441703067249,0.0025
68.0644650314405,0.0025
68.06451303220851,0.0075
68.06456103297653,0.005
68.06460903374453,0.012499999
68.06465703451255,0.005
68.06470503528055,-0.0025
68.06475303604857,-0.005
68.06480103681659,0.0
68.0648490375846,-0.0075
68.06489703835261,-0.0025
68.06494503912062,0.0025
68.06499303988863,-0.0025
68.06504104065665,-0.0075
68.06508904142466,-0.01
68.06513704219267,-0.005
68.06518504296068,0.0
68.0652330437287,-0.005
68.06528104449671,-0.01
68.06532904526472,-0.0075
68.06537704603274,-0.0175
68.06542504680074,-0.012499999
68.06547304756876,-0.0075
68.06552104833676,-0.0025
68.06556904910478,-0.0075
68.0656170498728,-0.01
68.0656650506408,-0.015
68.06571305140882,-0.015
68.06576105217682,-0.01
68.06580905294484,-0.012499999
68.06585705371286,-0.0175
68.06590505448087,-0.0075
68.06595305524888,-0.015
68.06600105601689,-0.02
68.0660490567849,-0.015
68.06609705755292,-0.012499999
68.06614505832093,-0.01
68.06619305908895,-0.01
68.06624105985695,-0.015
68.06628906062497,-0.022499999
68.06633706139297,-0.02
68.06638506216099,-0.022499999
68.06643306292901,-0.024999999
68.06648106369701,-0.0275
68.06652906446503,-0.02
68.06657706523303,-0.0275
68.06662506600105,-0.024999999
68.06667306676907,-0.035
68.06672106753707,-0.022499999
68.06676906830509,-0.03
68.0668170690731,-0.035
68.06686506984111,-0.035
68.06691307060913,-0.0275
68.06696107137714,-0.0275
68.06700907214515,-0.035
68.06705707291316,-0.037499998
68.06710507368118,-0.03
68.06715307444918,-0.037499998
68.0672010752172,-0.037499998
68.06724907598522,-0.04
68.06729707675322,-0.037499998
68.06734507752124,-0.04
68.06739307828924,-0.037499998
68.06744107905726,-0.04
68.06748907982528,-0.03
68.06753708059328,-0.0325
68.0675850813613,-0.044999998
68.0676330821293,-0.04
68.06768108289732,-0.04
68.06772908366534,-0.037499998
68.06777708443335,-0.044999998
68.06782508520136,-0.044999998
68.06787308596937,-0.0525
68.06792108673739,-0.0525
68.06796908750539,-0.055
68.06801708827341,-0.044999998
68.06806508904143,-0.0475
68.06811308980943,-0.0525
68.06816109057745,-0.0425
68.06820909134545,-0.044999998
68.06825709211347,-0.044999998
68.06830509288149,-0.055
68.06835309364949,-0.0525
68.06840109441751,-0.0425
68.06844909518551,-0.0475
68.06849709595353,-0.057499997
68.06854509672155,-0.06
68.06859309748955,-0.055
68.06864109825757,-0.0525
68.06868909902558,-0.0525
68.0687370997936,-0.067499995
68.0687851005616,-0.057499997
68.06883310132962,-0.055
68.06888110209763,-0.0625
68.06892910286564,-0.07
68.06897710363366,-0.057499997
68.06902510440166,-0.055
68.06907310516968,-0.0525
68.0691211059377,-0.057499997
68.0691691067057,-0.055
68.06921710747372,-0.0525
68.06926510824172,-0.065
68.06931310900974,-0.057499997
68.06936110977776,-0.07
68.06940911054576,-0.065
68.06945711131378,-0.0725
68.06950511208179,-0.065
68.0695531128498,-0.065
68.06960111361781,-0.06
68.06964911438583,-0.07
68.06969711515384,-0.0725
68.06974511592185,-0.0625
68.06979311668987,-0.057499997
68.06984111745787,-0.057499997
68.06988911822589,-0.055
68.0699371189939,-0.057499997
68.06998511976191,-0.067499995
68.07003312052993,-0.057499997
68.07008112129793,-0.055
68.07012912206595,-0.055
68.07017712283397,-0.055
68.07022512360197,-0.0525
68.07027312436999,-0.057499997
68.070321125138,-0.06
68.07036912590601,-0.044999998
68.07041712667402,-0.0475
68.07046512744203,-0.0475
68.07051312821005,-0.0425
68.07056112897806,-0.044999998
68.07060912974607,-0.044999998
68.07065713051408,-0.035
68.0707051312821,-0.04
68.07075313205011,-0.035
68.07080113281812,-0.024999999
68.07084913358614,-0.03
68.07089713435414,-0.024999999
68.07094513512216,-0.024999999
68.07099313589018,-0.037499998
68.07104113665818,-0.02
68.0710891374262,-0.024999999
68.0711371381942,-0.022499999
68.07118513896222,-0.022499999
68.07123313973023,-0.0275
68.07128114049824,-0.0275
68.07132914126626,-0.0325
68.07137714203427,-0.022499999
68.07142514280228,-0.0325
68.07147314357029,-0.024999999
68.0715211443383,-0.0275
68.07156914510632,-0.02
68.07161714587433,-0.02
68.07166514664235,-0.0175
68.07171314741035,-0.015
68.07176114817837,-0.024999999
68.07180914894639,-0.015
68.07185714971439,-0.02
68.07190515048241,-0.022499999
68.07195315125041,-0.015
68.07200115201843,-0.02
68.07204915278643,-0.015
68.07209715355445,-0.022499999
68.07214515432247,-0.0075
68.07219315509047,-0.0075
68.07224115585849,-0.015
68.0722891566265,-0.0075
68.07233715739451,0.0
68.07238515816253,-0.01
68.07243315893054,0.0025
68.07248115969855,0.0075
68.07252916046656,0.0075
68.07257716123458,0.0075
68.0726251620026,0.0175
68.0726731627706,0.0
68.07272116353862,0.01
68.07276916430662,0.012499999
68.07281716507464,0.012499999
68.07286516584264,0.0025
68.07291316661066,0.01
68.07296116737868,0.015
68.07300916814668,0.0075
68.0730571689147,0.0175
68.0731051696827,0.015
68.07315317045072,0.015
68.07320117121874,0.0025
68.07324917198675,0.015
68.07329717275476,0.015
68.07334517352277,0.01
68.07339317429079,0.01
68.0734411750588,0.005
68.07348917582681,0.0
68.07353717659483,0.005
68.07358517736283,-0.0025
68.07363317813085,0.0025
68.07368117889885,0.0025
68.07372917966687,0.0025
68.07377718043489,0.0025
68.07382518120289,-0.0025
68.07387318197091,0.0025
68.07392118273891,-0.0075
68.07396918350693,-0.005
68.07401718427495,-0.01
68.07406518504295,-0.005
68.07411318581097,-0.01
68.07416118657898,0.0
68.074209187347,-0.015
68.07425718811501,-0.0175
68.07430518888302,-0.012499999
68.07435318965103,-0.02
68.07440119041904,-0.0175
68.07444919118706,-0.012499999
68.07449719195506,-0.024999999
68.07454519272308,-0.022499999
68.0745931934911,-0.022499999
68.0746411942591,-0.0175
68.07468919502712,-0.01
68.07473719579512,-0.012499999
68.07478519656314,-0.02
68.07483319733116,-0.02
68.07488119809916,-0.03
68.07492919886718,-0.02
68.07497719963519,-0.0275
68.0750252004032,-0.024999999
68.07507320117122,-0.0275
68.07512120193923,-0.035
68.07516920270724,-0.03
68.07521720347525,-0.024999999
68.07526520424327,-0.037499998
68.07531320501127,-0.0275
68.07536120577929,-0.0275
68.0754092065473,-0.0325
68.07545720731531,-0.035
68.07550520808333,-0.04
68.07555320885133,-0.03
68.07560120961935,-0.035
68.07564921038737,-0.0325
68.07569721115537,-0.035
68.07574521192339,-0.037499998
68.0757932126914,-0.035
68.07584121345941,-0.035
68.07588921422742,-0.037499998
68.07593721499543,-0.035
68.07598521576345,-0.035
68.07603321653146,-0.037499998
68.07608121729947,-0.0325
68.07612921806748,-0.037499998
68.0761772188355,-0.024999999
68.07622521960351,-0.02
68.07627322037152,-0.02
68.07632122113954,-0.024999999
68.07636922190754,-0.022499999
68.07641722267556,-0.02
68.07646522344358,-0.012499999
68.07651322421158,-0.0075
68.0765612249796,-0.0075
68.0766092257476,-0.01
68.07665722651562,-0.0075
68.07670522728363,0.0
68.07675322805164,-0.0025
68.07680122881966,-0.0075
68.07684922958767,0.0
68.07689723035568,0.0025
68.07694523112369,0.012499999
68.0769932318917,0.0025
68.07704123265972,0.005
68.07708923342773,0.01
68.07713723419575,0.012499999
68.07718523496375,0.012499999
68.07723323573177,0.0175
68.07728123649979,0.015
68.07732923726779,0.0175
68.07737723803581,0.035
68.07742523880381,0.02
68.07747323957183,0.03
68.07752124033983,0.0275
68.07756924110785,0.015
68.07761724187587,0.015
68.07766524264387,0.024999999
68.07771324341189,0.024999999
68.0777612441799,0.0175
68.07780924494791,0.015
68.07785724571593,0.0175
68.07790524648394,0.02
68.07795324725195,0.0175
68.07800124801996,0.0175
68.07804924878798,0.012499999
68.078097249556,0.024999999
68.078145250324,0.012499999
68.07819325109202,0.0175
68.07824125186002,0.015
68.07828925262804,0.01
68.07833725339604,0.02
68.07838525416406,0.022499999
68.07843325493208,0.015
68.07848125570008,0.01
68.0785292564681,0.022499999
68.0785772572361,0.012499999
68.07862525800412,0.02
68.07867325877214,0.015
68.07872125954015,0.022499999
68.07876926030816,0.015
68.07881726107617,0.012499999
68.07886526184419,0.0075
68.0789132626122,0.0075
68.07896126338021,0.012499999
68.07900926414823,0.005
68.07905726491623,0.0075
68.07910526568425,0.005
68.07915326645225,0.0025
68.07920126722027,0.005
68.07924926798829,0.005
68.07929726875629,0.005
68.07934526952431,0.01
68.07939327029231,0.01
68.07944127106033,0.0075
68.07948927182835,0.015
68.07953727259635,0.022499999
68.07958527336437,0.015
68.07963327413238,0.0175
68.0796812749004,0.0275
68.07972927566841,0.0325
68.07977727643642,0.03
68.07982527720443,0.022499999
68.07987327797244,0.035
68.07992127874046,0.037499998
68.07996927950846,0.0325
68.08001728027648,0.037499998
68.0800652810445,0.0425
68.0801132818125,0.0425
68.08016128258052,0.04
68.08020928334852,0.044999998
68.08025728411654,0.0475
68.08030528488456,0.0425
68.08035328565256,0.0475
68.08040128642058,0.044999998
68.08044928718859,0.049999997
68.0804972879566,0.0525
68.08054528872462,0.049999997
68.08059328949263,0.044999998
68.08064129026064,0.049999997
68.08068929102865,0.0425
68.08073729179667,0.04
68.08078529256467,0.04
68.08083329333269,0.0525
68.0808812941007,0.0525
68.08092929486871,0.037499998
68.08097729563673,0.037499998
68.08102529640473,0.0275
68.08107329717275,0.0325
68.08112129794077,0.037499998
68.08116929870877,0.049999997
68.08121729947679,0.0425
68.0812653002448,0.0525
68.08131330101281,0.0475
68.08136130178083,0.0425
68.08140930254883,0.04
68.08145730331685,0.0425
68.08150530408486,0.037499998
68.08155330485287,0.037499998
68.08160130562088,0.037499998
68.0816493063889,0.03
68.08169730715692,0.024999999
68.08174530792492,0.022499999
68.08179330869294,0.0175
68.08184130946094,0.022499999
68.08188931022896,0.02
68.08193731099698,0.022499999
68.08198531176498,0.02
68.082033312533,0.02
68.082081313301,0.0275
68.08212931406902,0.024999999
68.08217731483704,0.03
68.08222531560504,0.04
68.08227331637306,0.03
68.08232131714107,0.03
68.08236931790908,0.03
68.08241731867709,0.0325
68.0824653194451,0.022499999
68.08251332021312,0.03
68.08256132098113,0.0275
68.08260932174915,0.035
68.08265732251715,0.024999999
68.08270532328517,0.03
68.08275332405319,0.022499999
68.08280132482119,0.024999999
68.08284932558921,0.024999999
68.08289732635721,0.03
68.08294532712523,0.03
68.08299332789325,0.03
68.08304132866125,0.04
68.08308932942927,0.037499998
68.08313733019727,0.04
68.08318533096529,0.0325
68.0832333317333,0.0475
68.08328133250131,0.0475
68.08332933326933,0.0425
68.08337733403734,0.0425
68.08342533480536,0.055
68.08347333557336,0.0475
68.08352133634138,0.0525
68.0835693371094,0.0525
68.0836173378774,0.055
68.08366533864542,0.0525
68.08371333941342,0.055
68.08376134018144,0.0525
68.08380934094946,0.049999997
68.08385734171746,0.044999998
68.08390534248548,0.0425
68.08395334325348,0.044999998
68.0840013440215,0.0525
68.0840493447895,0.0425
68.08409734555752,0.0425
68.08414534632554,0.037499998
68.08419334709355,0.04
68.08424134786156,0.04
68.08428934862957,0.049999997
68.08433734939759,0.037499998
68.0843853501656,0.03
68.08443335093361,0.035
68.08448135170163,0.044999998
68.08452935246963,0.0425
68.08457735323765,0.044999998
68.08462535400567,0.035
68.08467335477367,0.0325
68.08472135554169,0.0275
68.08476935630969,0.04
68.08481735707771,0.024999999
68.08486535784571,0.022499999
68.08491335861373,0.03
68.08496135938175,0.022499999
68.08500936014975,0.02
68.08505736091777,0.02
68.08510536168578,0.02
68.0851533624538,0.022499999
68.08520136322181,0.024999999
68.08524936398982,0.03
68.08529736475784,0.03
68.08534536552584,0.015
68.08539336629386,0.024999999
68.08544136706188,0.0275
68.08548936782988,0.03
68.0855373685979,0.02
68.0855853693659,0.022499999
68.08563337013392,0.0275
68.08568137090192,0.024999999
68.08572937166994,0.0275
68.08577737243796,0.024999999
68.08582537320596,0.02
68.08587337397398,0.03
68.08592137474199,0.0325
68.08596937551,0.024999999
68.08601737627802,0.024999999
68.08606537704603,0.0325
68.08611337781404,0.0325
68.08616137858205,0.035
68.08620937935007,0.035
68.08625738011808,0.0425
68.08630538088609,0.0325
68.0863533816541,0.037499998
68.08640138242211,0.0425
68.08644938319013,0.037499998
68.08649738395813,0.04
68.08654538472615,0.0325
68.08659338549417,0.035
68.08664138626217,0.0325
68.08668938703019,0.035
68.0867373877982,0.0425
68.08678538856621,0.037499998
68.08683338933423,0.04
68.08688139010223,0.04
68.08692939087025,0.035
68.08697739163826,0.04
68.08702539240628,0.035
68.0870733931743,0.0325
68.0871213939423,0.0325
68.08716939471032,0.0325
68.08721739547832,0.03
68.08726539624634,0.0325
68.08731339701434,0.0325
68.08736139778236,0.0325
68.08740939855038,0.03
68.08745739931838,0.02
68.0875054000864,0.0275
68.0875534008544,0.024999999
68.08760140162242,0.02
68.08764940239044,0.0175
68.08769740315844,0.022499999
68.08774540392646,0.015
68.08779340469447,0.0175
68.08784140546248,0.01
68.0878894062305,0.01
68.0879374069985,0.01
68.08798540776652,0.0025
68.08803340853453,-0.0025
68.08808140930255,-0.005
68.08812941007055,-0.012499999
68.08817741083857,-0.012499999
68.08822541160659,-0.0075
68.08827341237459,-0.012499999
68.08832141314261,-0.0175
68.08836941391061,-0.022499999
68.08841741467863,-0.015
68.08846541544665,-0.02
68.08851341621465,-0.035
68.08856141698267,-0.035
68.08860941775067,-0.04
68.0886574185187,-0.037499998
68.08870541928671,-0.04
68.08875342005472,-0.055
68.08880142082273,-0.044999998
68.08884942159074,-0.044999998
68.08889742235876,-0.037499998
68.08894542312676,-0.0475
68.08899342389478,-0.044999998
68.0890414246628,-0.044999998
68.0890894254308,-0.0475
68.08913742619882,-0.04
68.08918542696682,-0.049999997
68.08923342773484,-0.0425
68.08928142850286,-0.049999997
68.08932942927086,-0.049999997
68.08937743003888,-0.044999998
68.08942543080688,-0.035
68.0894734315749,-0.0525
68.08952143234292,-0.06
68.08956943311092,-0.057499997
68.08961743387894,-0.065
68.08966543464695,-0.06
68.08971343541496,-0.06
68.08976143618297,-0.065
68.08980943695099,-0.06
68.089857437719,-0.06
68.08990543848701,-0.057499997
68.08995343925503,-0.0725
68.09000144002303,-0.0625
68.09004944079105,-0.0625
68.09009744155907,-0.065
68.09014544232707,-0.0625
68.09019344309509,-0.057499997
68.09024144386309,-0.057499997
68.09028944463111,-0.06
68.09033744539913,-0.06
68.09038544616713,-0.0525
68.09043344693515,-0.057499997
68.09048144770316,-0.067499995
68.09052944847117,-0.057499997
68.09057744923918,-0.055
68.0906254500072,-0.065
68.09067345077521,-0.065
68.09072145154322,-0.06
68.09076945231124,-0.065
68.09081745307924,-0.067499995
68.09086545384726,-0.067499995
68.09091345461528,-0.065
68.09096145538328,-0.0625
68.0910094561513,-0.065
68.0910574569193,-0.065
68.09110545768732,-0.07
68.09115345845534,-0.074999996
68.09120145922334,-0.0775
68.09124945999136,-0.067499995
68.09129746075936,-0.0725
68.09134546152738,-0.07
68.09139346229539,-0.0625
68.0914414630634,-0.0625
68.09148946383142,-0.0775
68.09153746459943,-0.0725
68.09158546536744,-0.074999996
68.09163346613545,-0.07
68.09168146690347,-0.074999996
68.09172946767148,-0.0775
68.09177746843949,-0.08
68.0918254692075,-0.082499996
68.09187346997551,-0.0875
68.09192147074353,-0.095
68.09196947151155,-0.0875
68.09201747227955,-0.08
68.09206547304757,-0.085
68.09211347381557,-0.089999996
68.09216147458359,-0.085
68.0922094753516,-0.0975
68.09225747611961,-0.082499996
68.09230547688763,-0.08
68.09235347765564,-0.08
68.09240147842365,-0.0775
68.09244947919166,-0.0775
68.09249747995968,-0.0775
68.0925454807277,-0.074999996
68.0925934814957,-0.0725
68.09264148226372,-0.0725
68.09268948303172,-0.065
68.09273748379974,-0.065
68.09278548456776,-0.065
68.09283348533576,-0.06
68.09288148610378,-0.057499997
68.09292948687178,-0.049999997
68.0929774876398,-0.057499997
68.0930254884078,-0.055
68.09307348917582,-0.0525
68.09312148994384,-0.057499997
68.09316949071184,-0.067499995
68.09321749147986,-0.0525
68.09326549224787,-0.0475
68.09331349301588,-0.0475
68.0933614937839,-0.049999997
68.0934094945519,-0.0425
68.09345749531992,-0.037499998
68.09350549608793,-0.044999998
68.09355349685595,-0.0475
68.09360149762396,-0.0425
68.09364949839197,-0.0475
68.09369749915999,-0.0475
68.09374549992799,-0.049999997
68.09379350069601,-0.0475
68.09384150146401,-0.0525
68.09388950223203,-0.0475
68.09393750300005,-0.044999998
68.09398550376805,-0.055
68.09403350453607,-0.0475
68.09408150530408,-0.049999997
68.0941295060721,-0.0525
68.09417750684011,-0.049999997
68.09422550760812,-0.057499997
68.09427350837613,-0.0475
68.09432150914414,-0.0425
68.09436950991216,-0.0425
68.09441751068017,-0.049999997
68.09446551144818,-0.0525
68.0945135122162,-0.044999998
68.0945615129842,-0.049999997
68.09460951375222,-0.0475
68.09465751452022,-0.044999998
68.09470551528824,-0.044999998
68.09475351605626,-0.044999998
68.09480151682426,-0.049999997
68.09484951759228,-0.037499998
68.09489751836028,-0.04
68.0949455191283,-0.0325
68.09499351989632,-0.0325
68.09504152066432,-0.04
68.09508952143234,-0.03
68.09513752220035,-0.0275
68.09518552296836,-0.024999999
68.09523352373638,-0.022499999
68.09528152450439,-0.0275
68.0953295252724,-0.022499999
68.09537752604041,-0.0275
68.09542552680843,-0.024999999
68.09547352757643,-0.02
68.09552152834445,-0.0175
68.09556952911247,-0.0275
68.09561752988047,-0.022499999
68.09566553064849,-0.022499999
68.0957135314165,-0.0175
68.09576153218451,-0.024999999
68.09580953295253,-0.02
68.09585753372053,-0.0175
68.09590553448855,-0.012499999
68.09595353525656,-0.0175
68.09600153602457,-0.022499999
68.09604953679259,-0.0175
68.0960975375606,-0.015
68.09614553832861,-0.0175
68.09619353909662,-0.012499999
68.09624153986464,-0.0075
68.09628954063264,-0.02
68.09633754140066,-0.012499999
68.09638554216868,-0.0075
68.09643354293668,-0.0175
68.0964815437047,-0.0175
68.0965295444727,-0.01
68.09657754524072,-0.024999999
68.09662554600874,-0.015
68.09667354677674,-0.0075
68.09672154754476,-0.005
68.09676954831276,-0.012499999
68.09681754908078,-0.0075
68.0968655498488,-0.01
68.0969135506168,-0.0075
68.09696155138482,-0.015
68.09700955215283,-0.005
68.09705755292084,-0.0075
68.09710555368885,-0.01
68.09715355445687,-0.022499999
68.09720155522488,-0.01
68.09724955599289,0.0
68.0972975567609,-0.015
68.09734555752891,-0.01
68.09739355829693,-0.012499999
68.09744155906495,-0.0175
68.09748955983295,-0.005
68.09753756060097,-0.005
68.09758556136897,-0.012499999
68.09763356213699,-0.005
68.097681562905,-0.015
68.09772956367301,-0.01
68.09777756444103,-0.0025
68.09782556520904,-0.01
68.09787356597705,-0.012499999
68.09792156674506,-0.005
68.09796956751308,-0.005
68.0980175682811,-0.01
68.0980655690491,-0.01
68.09811356981712,-0.012499999
68.09816157058512,-0.0075
68.09820957135314,-0.0075
68.09825757212116,-0.012499999
68.09830557288916,-0.005
68.09835357365718,-0.005
68.09840157442518,-0.0075
68.0984495751932,0.0
68.0984975759612,0.0
68.09854557672922,-0.0025
68.09859357749724,0.005
68.09864157826524,0.0025
68.09868957903326,0.005
68.09873757980127,0.0075
68.09878558056928,0.015
68.0988335813373,0.01
68.0988815821053,0.012499999
68.09892958287332,0.012499999
68.09897758364133,0.005
68.09902558440935,0.012499999
68.09907358517736,0.005
68.09912158594537,0.0175
68.09916958671339,0.015
68.09921758748139,0.015
68.09926558824941,0.0075
68.09931358901741,0.012499999
68.09936158978543,0.01
68.09940959055345,0.012499999
68.09945759132145,0.012499999
68.09950559208947,0.005
68.09955359285748,-0.0025
68.0996015936255,0.015
68.09964959439351,0.0075
68.09969759516152,0.012499999
68.09974559592953,0.0
68.09979359669754,0.01
68.09984159746556,0.015
68.09988959823357,0.012499999
68.09993759900158,0.01
68.0999855997696,0.0025
68.1000336005376,0.012499999
68.10008160130562,0.012499999
68.10012960207362,0.015
68.10017760284164,0.005
68.10022560360966,0.0025
68.10027360437766,0.0025
68.10032160514568,0.0025
68.10036960591368,0.0025
68.1004176066817,-0.0025
68.10046560744972,-0.012499999
68.10051360821772,-0.005
68.10056160898574,-0.0075
68.10060960975375,-0.0025
68.10065761052176,-0.0025
68.10070561128978,-0.015
68.10075361205779,-0.012499999
68.1008016128258,-0.02
68.10084961359381,-0.0275
68.10089761436183,-0.0275
68.10094561512983,-0.02
68.10099361589785,-0.03
68.10104161666587,-0.0175
68.10108961743387,-0.0175
68.10113761820189,-0.0175
68.1011856189699,-0.0175
68.10123361973791,-0.0275
68.10128162050593,-0.035
68.10132962127393,-0.03
68.10137762204195,-0.035
68.10142562280996,-0.037499998
68.10147362357797,-0.035
68.10152162434599,-0.03
68.101569625114,-0.0425
68.10161762588201,-0.024999999
68.10166562665002,-0.024999999
68.10171362741804,-0.03
68.10176162818604,-0.024999999
68.10180962895406,-0.012499999
68.10185762972208,-0.01
68.10190563049008,-0.0075
68.1019536312581,0.0
68.1020016320261,0.01
68.10204963279412,0.0025
68.10209763356214,0.0175
68.10214563433014,0.02
68.10219363509816,0.0325
68.10224163586616,0.035
68.10228963663418,0.0325
68.1023376374022,0.037499998
68.1023856381702,0.037499998
68.10243363893822,0.03
68.10248163970623,0.03
68.10252964047424,0.03
68.10257764124225,0.0325
68.10262564201027,0.037499998
68.10267364277829,0.037499998
68.10272164354629,0.0425
68.10276964431431,0.037499998
68.10281764508231,0.04
68.10286564585033,0.037499998
68.10291364661835,0.0425
68.10296164738635,0.04
68.10300964815437,0.0475
68.10305764892237,0.0475
68.10310564969039,0.044999998
68.10315365045841,0.035
68.10320165122641,0.037499998
68.10324965199443,0.0325
68.10329765276244,0.035
68.10334565353045,0.0325
68.10339365429846,0.0475
68.10344165506648,0.044999998
68.1034896558345,0.037499998
68.1035376566025,0.0425
68.10358565737052,0.037499998
68.10363365813852,0.037499998
68.10368165890654,0.04
68.10372965967456,0.037499998
68.10377766044256,0.03
68.10382566121058,0.0425
68.10387366197858,0.04
68.1039216627466,0.0525
68.10396966351462,0.0475
68.10401766428262,0.04
68.10406566505064,0.0425
68.10411366581864,0.0525
68.10416166658666,0.049999997
68.10420966735467,0.0525
68.10425766812268,0.055
68.1043056688907,0.055
68.1043536696587,0.057499997
68.10440167042672,0.06
68.10444967119473,0.055
68.10449767196275,0.06
68.10454567273077,0.0625
68.10459367349877,0.0525
68.10464167426679,0.065
68.10468967503479,0.0725
68.10473767580281,0.0625
68.10478567657083,0.065
68.10483367733883,0.057499997
68.10488167810685,0.07
68.10492967887485,0.065
68.10497767964287,0.0725
68.10502568041088,0.065
68.1050736811789,0.082499996
68.10512168194691,0.074999996
68.10516968271492,0.0725
68.10521768348293,0.07
68.10526568425094,0.08
68.10531368501896,0.085
68.10536168578697,0.08
68.10540968655498,0.0875
68.105457687323,0.08
68.105505688091,0.085
68.10555368885902,0.0875
68.10560168962704,0.089999996
68.10564969039504,0.08
68.10569769116306,0.08
68.10574569193106,0.074999996
68.10579369269908,0.089999996
68.10584169346708,0.0925
68.1058896942351,0.0975
68.10593769500312,0.0975
68.10598569577112,0.1025
68.10603369653914,0.095
68.10608169730715,0.099999994
68.10612969807516,0.0925
68.10617769884318,0.095
68.10622569961119,0.089999996
68.1062737003792,0.0875
68.10632170114721,0.0875
68.10636970191523,0.089999996
68.10641770268325,0.089999996
68.10646570345125,0.0975
68.10651370421927,0.0925
68.10656170498727,0.095
68.10660970575529,0.0875
68.1066577065233,0.0925
68.10670570729131,0.089999996
68.10675370805933,0.0925
68.10680170882733,0.089999996
68.10684970959535,0.0925
68.10689771036336,0.0975
68.10694571113137,0.095
68.10699371189939,0.0925
68.1070417126674,0.0875
68.10708971343541,0.0925
68.10713771420342,0.0975
68.10718571497144,0.095
68.10723371573945,0.089999996
68.10728171650746,0.095
68.10732971727548,0.082499996
68.10737771804348,0.08
68.1074257188115,0.08
68.1074737195795,0.082499996
68.10752172034752,0.0725
68.10756972111554,0.0775
68.10761772188354,0.0725
68.10766572265156,0.074999996
68.10771372341956,0.0775
68.10776172418758,0.0775
68.1078097249556,0.0775
68.1078577257236,0.07
68.10790572649162,0.074999996
68.10795372725963,0.0775
68.10800172802765,0.074999996
68.10804972879566,0.07
68.10809772956367,0.0775
68.10814573033169,0.0775
68.10819373109969,0.082499996
68.10824173186771,0.074999996
68.10828973263571,0.0775
68.10833773340373,0.08
68.10838573417175,0.0875
68.10843373493975,0.085
68.10848173570777,0.082499996
68.10852973647577,0.085
68.10857773724379,0.08
68.10862573801181,0.074999996
68.10867373877981,0.08
68.10872173954783,0.089999996
68.10876974031584,0.082499996
68.10881774108385,0.085
68.10886574185187,0.0875
68.10891374261988,0.085
68.1089617433879,0.085
68.1090097441559,0.0975
68.10905774492392,0.0925
68.10910574569192,0.089999996
68.10915374645994,0.089999996
68.10920174722796,0.089999996
68.10924974799596,0.095
68.10929774876398,0.085
68.10934574953198,0.074999996
68.1093937503,0.0975
68.10944175106802,0.089999996
68.10948975183602,0.085
68.10953775260404,0.0925
68.10958575337204,0.0875
68.10963375414006,0.0875
68.10968175490808,0.089999996
68.10972975567609,0.085
68.1097777564441,0.0925
68.1098257572121,0.082499996
68.10987375798013,0.082499996
68.10992175874813,0.089999996
68.10996975951615,0.082499996
68.11001776028417,0.082499996
68.11006576105217,0.082499996
68.11011376182019,0.08
68.11016176258819,0.08
68.11020976335621,0.085
68.11025776412423,0.074999996
68.11030576489223,0.085
68.11035376566025,0.082499996
68.11040176642825,0.0875
68.11044976719627,0.08
68.11049776796429,0.0775
68.1105457687323,0.0775
68.11059376950031,0.082499996
68.11064177026832,0.08
68.11068977103633,0.082499996
68.11073777180434,0.08
68.11078577257236,0.07
68.11083377334037,0.0725
68.11088177410838,0.065
68.1109297748764,0.065
68.1109777756444,0.06
68.11102577641242,0.067499995
68.11107377718044,0.065
68.11112177794844,0.065
68.11116977871646,0.07
68.11121777948446,0.0625
68.11126578025248,0.057499997
68.1113137810205,0.0625
68.1113617817885,0.06
68.11140978255652,0.0525
68.11145778332452,0.067499995
68.11150578409254,0.055
68.11155378486055,0.0525
68.11160178562857,0.06
68.11164978639658,0.0625
68.11169778716459,0.057499997
68.1117457879326,0.0525
68.11179378870061,0.055
68.11184178946863,0.055
68.11188979023665,0.057499997
68.11193779100465,0.055
68.11198579177267,0.0625
68.11203379254067,0.049999997
68.11208179330869,0.06
68.11212979407671,0.055
68.11217779484471,0.057499997
68.11222579561273,0.06
68.11227379638073,0.049999997
68.11232179714875,0.057499997
68.11236979791676,0.0475
68.11241779868477,0.04
68.11246579945279,0.0425
68.1125138002208,0.0475
68.11256180098881,0.049999997
68.11260980175682,0.044999998
68.11265780252484,0.037499998
68.11270580329285,0.0425
68.11275380406086,0.037499998
68.11280180482888,0.04
68.11284980559688,0.0425
68.1128978063649,0.0475
68.11294580713292,0.044999998
68.11299380790092,0.035
68.11304180866894,0.035
68.11308980943694,0.044999998
68.11313781020496,0.0475
68.11318581097296,0.04
68.11323381174098,0.0425
68.113281812509,0.0425
68.113329813277,0.0475
68.11337781404502,0.04
68.11342581481303,0.044999998
68.11347381558105,0.04
68.11352181634906,0.0475
68.11356981711707,0.044999998
68.11361781788509,0.037499998
68.11366581865309,0.0425
68.11371381942111,0.04
68.11376182018913,0.0475
68.11380982095713,0.044999998
68.11385782172515,0.04
68.11390582249315,0.037499998
68.11395382326117,0.03
68.11400182402917,0.0325
68.11404982479719,0.0425
68.11409782556521,0.0425
68.11414582633321,0.037499998
68.11419382710123,0.035
68.11424182786924,0.0275
68.11428982863725,0.024999999
68.11433782940527,0.03
68.11438583017328,0.024999999
68.1144338309413,0.035
68.1144818317093,0.03
68.11452983247732,0.0275
68.11457783324533,0.02
68.11462583401334,0.022499999
68.11467383478136,0.02
68.11472183554936,0.0275
68.11476983631738,0.024999999
68.11481783708538,0.02
68.1148658378534,0.02
68.11491383862142,0.01
68.11496183938942,0.012499999
68.11500984015744,0.0175
68.11505784092545,0.0175
68.11510584169346,0.012499999
68.11515384246148,0.015
68.11520184322949,0.022499999
68.1152498439975,0.0175
68.11529784476551,0.0175
68.11534584553353,0.0075
68.11539384630154,0.0075
68.11544184706955,0.0025
68.11548984783757,0.0075
68.11553784860557,0.0075
68.11558584937359,-0.005
68.11563385014159,0.005
68.11568185090961,0.005
68.11572985167763,0.0025
68.11577785244563,0.0025
68.11582585321365,0.0075
68.11587385398165,0.0025
68.11592185474967,0.0075
68.11596985551769,0.005
68.1160178562857,0.005
68.11606585705371,0.005
68.11611385782172,0.005
68.11616185858973,0.005
68.11620985935775,0.005
68.11625786012576,-0.005
68.11630586089377,-0.0025
68.11635386166178,-0.0025
68.1164018624298,-0.0075
68.1164498631978,-0.01
68.11649786396582,-0.0025
68.11654586473384,0.0
68.11659386550184,-0.005
68.11664186626986,-0.0075
68.11668986703786,-0.015
68.11673786780588,-0.005
68.1167858685739,-0.01
68.1168338693419,-0.012499999
68.11688187010992,-0.01
68.11692987087793,-0.0075
68.11697787164594,-0.005
68.11702587241396,-0.01
68.11707387318197,-0.012499999
68.11712187394998,-0.012499999
68.11716987471799,-0.012499999
68.117217875486,-0.0175
68.11726587625401,-0.0175
68.11731387702203,-0.0175
68.11736187779005,-0.015
68.11740987855805,-0.012499999
68.11745787932607,-0.022499999
68.11750588009407,-0.02
68.11755388086209,-0.012499999
68.11760188163011,-0.012499999
68.11764988239811,-0.012499999
68.11769788316613,-0.01
68.11774588393413,-0.012499999
68.11779388470215,-0.01
68.11784188547017,-0.0175
68.11788988623817,-0.015
68.11793788700619,-0.0175
68.1179858877742,-0.022499999
68.11803388854221,-0.0175
68.11808188931022,-0.02
68.11812989007824,-0.0175
68.11817789084625,-0.015
68.11822589161426,-0.02
68.11827389238228,-0.015
68.11832189315028,-0.0075
68.1183698939183,-0.012499999
68.11841789468632,-0.01
68.11846589545432,-0.022499999
68.11851389622234,-0.012499999
68.11856189699034,-0.02
68.11860989775836,-0.0175
68.11865789852638,-0.0175
68.11870589929438,-0.022499999
68.1187539000624,-0.022499999
68.1188019008304,-0.015
68.11884990159842,-0.012499999
68.11889790236643,-0.01
68.11894590313445,-0.0175
68.11899390390246,-0.0275
68.11904190467047,-0.024999999
68.11908990543849,-0.012499999
68.11913790620649,-0.022499999
68.11918590697451,-0.015
68.11923390774253,-0.012499999
68.11928190851053,-0.012499999
68.11932990927855,-0.0075
68.11937791004655,-0.005
68.11942591081457,-0.0175
68.11947391158257,-0.0075
68.11952191235059,-0.012499999
68.11956991311861,-0.015
68.11961791388661,-0.01
68.11966591465463,-0.012499999
68.11971391542264,0.0
68.11976191619065,-0.0025
68.11980991695867,-0.0075
68.11985791772668,-0.0075
68.1199059184947,-0.012499999
68.1199539192627,0.0
68.12000192003072,0.0
68.12004992079873,-0.01
68.12009792156674,-0.005
68.12014592233476,-0.0025
68.12019392310276,0.0
68.12024192387078,-0.005
68.12028992463878,0.012499999
68.1203379254068,0.01
68.12038592617482,0.0075
68.12043392694282,0.005
68.12048192771084,0.0025
68.12052992847885,0.015
68.12057792924686,0.0075
68.12062593001488,0.005
68.12067393078289,0.02
68.1207219315509,0.01
68.12076993231891,0.0075
68.12081793308693,0.01
68.12086593385494,0.0075
68.12091393462295,0.005
68.12096193539097,0.012499999
68.12100993615897,0.01
68.12105793692699,0.005
68.12110593769499,0.012499999
68.12115393846301,0.015
68.12120193923103,0.01
68.12124993999903,0.005
68.12129794076705,0.015
68.12134594153505,0.015
68.12139394230307,0.012499999
68.12144194307109,0.02
68.1214899438391,0.02
68.12153794460711,0.0175
68.12158594537512,0.0175
68.12163394614313,0.0325
68.12168194691115,0.03
68.12172994767916,0.022499999
68.12177794844717,0.03
68.12182594921518,0.0275
68.1218739499832,0.0275
68.1219219507512,0.0325
68.12196995151922,0.022499999
68.12201795228724,0.03
68.12206595305524,0.037499998
68.12211395382326,0.0175
68.12216195459126,0.022499999
68.12220995535928,0.0475
68.1222579561273,0.044999998
68.1223059568953,0.035
68.12235395766332,0.024999999
68.12240195843133,0.04
68.12244995919934,0.0325
68.12249795996736,0.0275
68.12254596073537,0.03
68.12259396150338,0.04
68.12264196227139,0.0425
68.1226899630394,0.04
68.12273796380741,0.04
68.12278596457543,0.044999998
68.12283396534345,0.0425
68.12288196611145,0.049999997
68.12292996687947,0.0525
68.12297796764747,0.044999998
68.12302596841549,0.044999998
68.12307396918351,0.04
68.12312196995151,0.0525
68.12316997071953,0.049999997
68.12321797148753,0.055
68.12326597225555,0.04
68.12331397302357,0.049999997
68.12336197379157,0.0425
68.12340997455959,0.0475
68.1234579753276,0.044999998
68.12350597609561,0.044999998
68.12355397686362,0.0525
68.12360197763164,0.04
68.12364997839965,0.035
68.12369797916766,0.037499998
68.12374597993568,0.044999998
68.12379398070368,0.035
68.1238419814717,0.037499998
68.12388998223972,0.04
68.12393798300772,0.0425
68.12398598377574,0.037499998
68.12403398454374,0.04
68.12408198531176,0.04
68.12412998607978,0.024999999
68.12417798684778,0.04
68.1242259876158,0.044999998
68.1242739883838,0.0425
68.12432198915182,0.0325
68.12436998991983,0.0325
68.12441799068785,0.04
68.12446599145586,0.044999998
68.12451399222387,0.0475
68.12456199299189,0.04
68.12460999375989,0.0475
68.12465799452791,0.0475
68.12470599529593,0.0475
68.12475399606393,0.055
68.12480199683195,0.0475
68.12484999759995,0.0425
68.12489799836797,0.049999997
68.12494599913599,0.06
68.12499399990399,0.057499997
68.12504200067201,0.049999997
68.12509000144001,0.055
68.12513800220803,0.057499997
68.12518600297604,0.0525
68.12523400374405,0.0475
68.12528200451207,0.06
68.12533000528008,0.057499997
68.1253780060481,0.057499997
68.1254260068161,0.055
68.12547400758412,0.057499997
68.12552200835214,0.06
68.12557000912014,0.055
68.12561800988816,0.0625
68.12566601065616,0.06
68.12571401142418,0.065
68.1257620121922,0.057499997
68.1258100129602,0.0525
68.12585801372822,0.067499995
68.12590601449622,0.0525
68.12595401526424,0.055
68.12600201603225,0.06
68.12605001680026,0.067499995
68.12609801756828,0.06
68.12614601833629,0.0525
68.1261940191043,0.06
68.12624201987231,0.0525
68.12629002064033,0.0475
68.12633802140834,0.044999998
68.12638602217635,0.0475
68.12643402294437,0.0525
68.12648202371237,0.057499997
68.12653002448039,0.055
68.1265780252484,0.055
68.12662602601641,0.0625
68.12667402678443,0.0625
68.12672202755243,0.0625
68.12677002832045,0.0725
68.12681802908845,0.074999996
68.12686602985647,0.0725
68.12691403062449,0.074999996
68.1269620313925,0.08
68.12701003216051,0.082499996
68.12705803292852,0.085
68.12710603369653,0.0875
68.12715403446455,0.0775
68.12720203523256,0.085
68.12725003600058,0.0875
68.12729803676858,0.0925
68.1273460375366,0.0875
68.12739403830462,0.099999994
68.12744203907262,0.107499994
68.12749003984064,0.099999994
68.12753804060864,0.1275
68.12758604137666,0.1025
68.12763404214466,0.099999994
68.12768204291268,0.105
68.1277300436807,0.0975
68.1277780444487,0.105
68.12782604521672,0.0925
68.12787404598473,0.0875
68.12792204675274,0.085
68.12797004752076,0.095
68.12801804828877,0.085
68.12806604905678,0.082499996
68.12811404982479,0.089999996
68.1281620505928,0.0875
68.12821005136082,0.089999996
68.12825805212883,0.08
68.12830605289685,0.085
68.12835405366485,0.095
68.12840205443287,0.0875
68.12845005520087,0.0775
68.12849805596889,0.0725
68.12854605673691,0.0725
68.12859405750491,0.074999996
68.12864205827293,0.08
68.12869005904093,0.0725
68.12873805980895,0.085
68.12878606057697,0.107499994
68.12883406134497,0.085
68.128882062113,0.0725
68.128930062881,0.0725
68.12897806364901,0.074999996
68.12902606441703,0.0775
68.12907406518504,0.0625
68.12912206595306,0.074999996
68.12917006672106,0.07
68.12921806748908,0.0625
68.12926606825708,0.055
68.1293140690251,0.0625
68.12936206979312,0.06
68.12941007056112,0.049999997
68.12945807132914,0.0475
68.12950607209714,0.0425
68.12955407286516,0.0525
68.12960207363318,0.037499998
68.12965007440118,0.0325
68.1296980751692,0.024999999
68.1297460759372,0.03
68.12979407670522,0.04
68.12984207747324,0.03
68.12989007824125,0.03
68.12993807900926,0.0475
68.12998607977727,0.037499998
68.13003408054529,0.035
68.13008208131329,0.049999997
68.13013008208131,0.0425
68.13017808284933,0.0475
68.13022608361733,0.049999997
68.13027408438535,0.0625
68.13032208515335,0.065
68.13037008592137,0.07
68.13041808668939,0.067499995
68.13046608745739,0.074999996
68.13051408822541,0.074999996
68.13056208899341,0.0775
68.13061008976143,0.082499996
68.13065809052945,0.0775
68.13070609129745,0.082499996
68.13075409206547,0.0725
68.13080209283348,0.0775
68.1308500936015,0.074999996
68.1308980943695,0.074999996
68.13094609513752,0.082499996
68.13099409590554,0.0925
68.13104209667354,0.082499996
68.13109009744156,0.08
68.13113809820956,0.082499996
68.13118609897758,0.082499996
68.1312340997456,0.085
68.1312821005136,0.074999996
68.13133010128162,0.082499996
68.13137810204962,0.08
68.13142610281764,0.085
68.13147410358566,0.074999996
68.13152210435366,0.08
68.13157010512168,0.0725
68.13161810588969,0.08
68.1316661066577,0.074999996
68.13171410742571,0.07
68.13176210819373,0.0725
68.13181010896174,0.0625
68.13185810972975,0.07
68.13190611049777,0.0625
68.13195411126577,0.055
68.13200211203379,0.065
68.1320501128018,0.07
68.13209811356981,0.067499995
68.13214611433783,0.067499995
68.13219411510583,0.0625
68.13224211587385,0.0625
68.13229011664187,0.0625
68.13233811740987,0.0625
68.13238611817789,0.074999996
68.1324341189459,0.07
68.13248211971391,0.0725
68.13253012048192,0.0775
68.13257812124994,0.0725
68.13262612201795,0.08
68.13267412278596,0.0775
68.13272212355398,0.082499996
68.13277012432198,0.074999996
68.13281812509,0.089999996
68.13286612585802,0.095
68.13291412662602,0.082499996
68.13296212739404,0.0875
68.13301012816204,0.0875
68.13305812893006,0.0925
68.13310612969808,0.089999996
68.13315413046608,0.0975
68.1332021312341,0.0925
68.1332501320021,0.0875
68.13329813277012,0.089999996
68.13334613353813,0.107499994
68.13339413430614,0.082499996
68.13344213507416,0.095
68.13349013584217,0.0925
68.13353813661018,0.0925
68.13358613737819,0.095
68.1336341381462,0.0925
68.13368213891422,0.089999996
68.13373013968223,0.089999996
68.13377814045025,0.08
68.13382614121825,0.085
68.13387414198627,0.0875
68.13392214275429,0.095
68.13397014352229,0.0875
68.13401814429031,0.0875
68.13406614505831,0.0875
68.13411414582633,0.085
68.13416214659433,0.089999996
68.13421014736235,0.08
68.13425814813037,0.085
68.13430614889837,0.0775
68.1343541496664,0.074999996
68.1344021504344,0.082499996
68.13445015120242,0.0775
68.13449815197043,0.0775
68.13454615273844,0.074999996
68.13459415350646,0.07
68.13464215427446,0.0625
68.13469015504248,0.08
68.1347381558105,0.074999996
68.1347861565785,0.074999996
68.13483415734652,0.0725
68.13488215811452,0.067499995
68.13493015888254,0.065
68.13497815965054,0.065
68.13502616041856,0.06
68.13507416118658,0.0625
68.13512216195458,0.065
68.1351701627226,0.055
68.1352181634906,0.055
68.13526616425862,0.065
68.13531416502664,0.06
68.13536216579465,0.057499997
68.13541016656266,0.0725
68.13545816733067,0.067499995
68.13550616809869,0.055
68.1355541688667,0.067499995
68.13560216963471,0.07
68.13565017040273,0.065
68.13569817117073,0.065
68.13574617193875,0.06
68.13579417270675,0.057499997
68.13584217347477,0.07
68.13589017424279,0.06
68.13593817501079,0.067499995
68.13598617577881,0.07
68.13603417654681,0.07
68.13608217731483,0.074999996
68.13613017808285,0.0775
68.13617817885086,0.06
68.13622617961887,0.0725
68.13627418038688,0.074999996
68.1363221811549,0.065
68.13637018192291,0.074999996
68.13641818269092,0.085
68.13646618345894,0.074999996
68.13651418422694,0.082499996
68.13656218499496,0.082499996
68.13661018576296,0.0775
68.13665818653098,0.0725
68.136706187299,0.085
68.136754188067,0.089999996
68.13680218883502,0.0875
68.13685018960302,0.085
68.13689819037104,0.08
68.13694619113906,0.0875
68.13699419190706,0.0775
68.13704219267508,0.07
68.13709019344309,0.085
68.1371381942111,0.082499996
68.13718619497912,0.082499996
68.13723419574713,0.0925
68.13728219651514,0.082499996
68.13733019728315,0.095
68.13737819805117,0.0875
68.13742619881917,0.095
68.13747419958719,0.08
68.1375222003552,0.0925
68.13757020112321,0.095
68.13761820189123,0.105
68.13766620265923,0.095
68.13771420342725,0.0925
68.13776220419527,0.095
68.13781020496327,0.095
68.13785820573129,0.099999994
68.1379062064993,0.0975
68.13795420726731,0.099999994
68.13800220803533,0.11
68.13805020880334,0.1175
68.13809820957135,0.1125
68.13814621033936,0.1325
68.13819421110738,0.1275
68.13824221187538,0.1325
68.1382902126434,0.13
68.13833821341142,0.1375
68.13838621417942,0.1325
68.13843421494744,0.14
68.13848221571544,0.1375
68.13853021648346,0.1475
68.13857821725148,0.1375
68.13862621801948,0.1275
68.1386742187875,0.1275
68.1387222195555,0.13
68.13877022032352,0.122499995
68.13881822109154,0.1275
68.13886622185954,0.1325
68.13891422262756,0.122499995
68.13896222339557,0.13
68.13901022416358,0.125
68.13905822493159,0.1325
68.1391062256996,0.1175
68.13915422646762,0.1175
68.13920222723563,0.114999995
68.13925022800365,0.114999995
68.13929822877165,0.122499995
68.13934622953967,0.122499995
68.13939423030769,0.122499995
68.13944223107569,0.114999995
68.13949023184371,0.1125
68.13953823261171,0.1125
68.13958623337973,0.114999995
68.13963423414775,0.1125
68.13968223491575,0.1025
68.13973023568377,0.105
68.13977823645178,0.11
68.1398262372198,0.1025
68.1398742379878,0.11
68.13992223875582,0.11
68.13997023952383,0.099999994
68.14001824029184,0.0925
68.14006624105986,0.095
68.14011424182786,0.089999996
68.14016224259588,0.085
68.1402102433639,0.08
68.1402582441319,0.0725
68.14030624489992,0.0775
68.14035424566792,0.0625
68.14040224643594,0.0725
68.14045024720396,0.06
68.14049824797196,0.0625
68.14054624873998,0.055
68.14059424950798,0.055
68.140642250276,0.0525
68.140690251044,0.0425
68.14073825181202,0.037499998
68.14078625258004,0.0475
68.14083425334805,0.04
68.14088225411606,0.0325
68.14093025488407,0.0425
68.14097825565209,0.037499998
68.1410262564201,0.0325
68.14107425718811,0.03
68.14112225795613,0.037499998
68.14117025872413,0.04
68.14121825949215,0.0325
68.14126626026015,0.035
68.14131426102817,0.037499998
68.14136226179619,0.0325
68.1414102625642,0.0325
68.14145826333221,0.035
68.14150626410022,0.0275
68.14155426486823,0.0275
68.14160226563625,0.03
68.14165026640426,0.0275
68.14169826717227,0.024999999
68.14174626794028,0.024999999
68.1417942687083,0.0275
68.14184226947631,0.03
68.14189027024432,0.0325
68.14193827101234,0.03
68.14198627178034,0.0325
68.14203427254836,0.0325
68.14208227331636,0.035
68.14213027408438,0.0275
68.1421782748524,0.0325
68.1422262756204,0.0325
68.14227427638842,0.0325
68.14232227715642,0.0325
68.14237027792444,0.03
68.14241827869246,0.0275
68.14246627946046,0.022499999
68.14251428022848,0.024999999
68.14256228099649,0.024999999
68.1426102817645,0.024999999
68.14265828253252,0.02
68.14270628330053,0.0275
68.14275428406854,0.0325
68.14280228483655,0.022499999
68.14285028560457,0.02
68.14289828637257,0.02
68.14294628714059,0.03
68.1429942879086,0.0275
68.14304228867661,0.02
68.14309028944463,0.022499999
68.14313829021263,0.024999999
68.14318629098065,0.015
68.14323429174867,0.015
68.14328229251667,0.0075
68.14333029328469,0.005
68.1433782940527,0.0075
68.14342629482071,0.0175
68.14347429558873,0.0025
68.14352229635674,0.005
