Tiempo (s),Datos
81.7722843565497,-0.037499998
81.77233235731771,-0.0425
81.77238035808573,-0.0525
81.77242835885373,-0.044999998
81.77247635962175,-0.0525
81.77252436038977,-0.0475
81.77257236115777,-0.06
81.77262036192579,-0.055
81.77266836269379,-0.065
81.77271636346181,-0.057499997
81.77276436422983,-0.0475
81.77281236499783,-0.049999997
81.77286036576585,-0.0525
81.77290836653385,-0.0525
81.77295636730187,-0.06
81.77300436806988,-0.065
81.7730523688379,-0.0725
81.77310036960591,-0.057499997
81.77314837037392,-0.055
81.77319637114194,-0.0525
81.77324437190994,-0.07
81.77329237267796,-0.0625
81.77334037344598,-0.0725
81.77338837421398,-0.067499995
81.773436374982,-0.0625
81.77348437575,-0.07
81.77353237651802,-0.08
81.77358037728604,-0.0775
81.77362837805404,-0.08
81.77367637882206,-0.0725
81.77372437959006,-0.08
81.77377238035808,-0.08
81.77382038112609,-0.0875
81.7738683818941,-0.095
81.77391638266212,-0.095
81.77396438343013,-0.0925
81.77401238419814,-0.0925
81.77406038496615,-0.0925
81.77410838573417,-0.11
81.77415638650218,-0.114999995
81.77420438727019,-0.099999994
81.7742523880382,-0.11
81.77430038880621,-0.125
81.77434838957423,-0.13
81.77439639034225,-0.1275
81.77444439111025,-0.122499995
81.77449239187827,-0.125
81.77454039264627,-0.1475
81.77458839341429,-0.155
81.7746363941823,-0.16749999
81.77468439495031,-0.155
81.77473239571833,-0.17
81.77478039648634,-0.16749999
81.77482839725435,-0.16
81.77487639802236,-0.1625
81.77492439879038,-0.14999999
81.7749723995584,-0.1575
81.7750204003264,-0.1575
81.77506840109442,-0.14999999
81.77511640186242,-0.125
81.77516440263044,-0.1375
81.77521240339846,-0.1325
81.77526040416646,-0.125
81.77530840493448,-0.114999995
81.77535640570248,-0.1175
81.7754044064705,-0.105
81.7754524072385,-0.105
81.77550040800652,-0.11
81.77554840877454,-0.107499994
81.77559640954254,-0.13499999
81.77564441031056,-0.1275
81.77569241107857,-0.14
81.77574041184658,-0.1325
81.7757884126146,-0.14
81.7758364133826,-0.1375
81.77588441415062,-0.14
81.77593241491863,-0.1375
81.77598041568665,-0.145
81.77602841645466,-0.155
81.77607641722267,-0.13
81.77612441799069,-0.14
81.77617241875869,-0.1325
81.77622041952671,-0.1325
81.77626842029471,-0.122499995
81.77631642106273,-0.114999995
81.77636442183075,-0.13
81.77641242259875,-0.1325
81.77646042336677,-0.1375
81.77650842413478,-0.14
81.7765564249028,-0.1425
81.77660442567081,-0.13499999
81.77665242643882,-0.14
81.77670042720683,-0.13
81.77674842797484,-0.13499999
81.77679642874286,-0.1425
81.77684442951087,-0.14
81.77689243027888,-0.13499999
81.7769404310469,-0.122499995
81.7769884318149,-0.12
81.77703643258292,-0.125
81.77708443335092,-0.122499995
81.77713243411894,-0.13499999
81.77718043488696,-0.13499999
81.77722843565496,-0.13
81.77727643642298,-0.1425
81.77732443719098,-0.13499999
81.777372437959,-0.1325
81.77742043872702,-0.1425
81.77746843949502,-0.1425
81.77751644026304,-0.1425
81.77756444103105,-0.1375
81.77761244179906,-0.1325
81.77766044256708,-0.1275
81.77770844333509,-0.12
81.7777564441031,-0.1175
81.77780444487111,-0.105
81.77785244563913,-0.0975
81.77790044640713,-0.1025
81.77794844717515,-0.114999995
81.77799644794317,-0.107499994
81.77804444871117,-0.114999995
81.77809244947919,-0.1175
81.7781404502472,-0.12
81.77818845101521,-0.122499995
81.77823645178323,-0.13499999
81.77828445255123,-0.13499999
81.77833245331925,-0.1325
81.77838045408726,-0.1375
81.77842845485527,-0.1425
81.77847645562329,-0.1325
81.7785244563913,-0.13
81.77857245715931,-0.125
81.77862045792732,-0.114999995
81.77866845869534,-0.1125
81.77871645946334,-0.105
81.77876446023136,-0.1025
81.77881246099938,-0.089999996
81.77886046176738,-0.089999996
81.7789084625354,-0.082499996
81.7789564633034,-0.089999996
81.77900446407142,-0.0925
81.77905246483944,-0.0875
81.77910046560744,-0.082499996
81.77914846637546,-0.082499996
81.77919646714346,-0.082499996
81.77924446791148,-0.082499996
81.7792924686795,-0.082499996
81.7793404694475,-0.0775
81.77938847021552,-0.0775
81.77943647098353,-0.08
81.77948447175154,-0.0875
81.77953247251955,-0.089999996
81.77958047328757,-0.074999996
81.77962847405558,-0.089999996
81.77967647482359,-0.0875
81.7797244755916,-0.085
81.77977247635961,-0.0875
81.77982047712763,-0.0875
81.77986847789565,-0.089999996
81.77991647866365,-0.089999996
81.77996447943167,-0.0925
81.78001248019967,-0.085
81.78006048096769,-0.0875
81.78010848173571,-0.082499996
81.78015648250371,-0.0875
81.78020448327173,-0.0975
81.78025248403974,-0.089999996
81.78030048480775,-0.0875
81.78034848557576,-0.089999996
81.78039648634378,-0.0875
81.7804444871118,-0.0925
81.7804924878798,-0.0925
81.78054048864782,-0.0925
81.78058848941582,-0.085
81.78063649018384,-0.085
81.78068449095186,-0.0725
81.78073249171986,-0.0725
81.78078049248788,-0.0875
81.78082849325588,-0.074999996
81.7808764940239,-0.065
81.78092449479192,-0.057499997
81.78097249555992,-0.06
81.78102049632794,-0.06
81.78106849709594,-0.06
81.78111649786396,-0.06
81.78116449863197,-0.065
81.78121249939998,-0.057499997
81.781260500168,-0.06
81.781308500936,-0.06
81.78135650170402,-0.057499997
81.78140450247203,-0.0625
81.78145250324005,-0.067499995
81.78150050400806,-0.07
81.78154850477607,-0.0725
81.78159650554409,-0.07
81.78164450631209,-0.065
81.78169250708011,-0.067499995
81.78174050784813,-0.0725
81.78178850861613,-0.07
81.78183650938415,-0.074999996
81.78188451015215,-0.0625
81.78193251092017,-0.0725
81.78198051168818,-0.0725
81.7820285124562,-0.0775
81.78207651322421,-0.0725
81.78212451399222,-0.0775
81.78217251476023,-0.0725
81.78222051552824,-0.057499997
81.78226851629626,-0.0525
81.78231651706427,-0.0625
81.78236451783228,-0.055
81.7824125186003,-0.057499997
81.7824605193683,-0.0475
81.78250852013632,-0.055
81.78255652090434,-0.0625
81.78260452167234,-0.049999997
81.78265252244036,-0.057499997
81.78270052320836,-0.06
81.78274852397638,-0.0625
81.78279652474438,-0.055
81.7828445255124,-0.06
81.78289252628042,-0.0475
81.78294052704842,-0.0475
81.78298852781644,-0.0425
81.78303652858445,-0.0425
81.78308452935246,-0.03
81.78313253012048,-0.0325
81.78318053088849,-0.0325
81.7832285316565,-0.0425
81.78327653242451,-0.049999997
81.78332453319253,-0.04
81.78337253396055,-0.0425
81.78342053472855,-0.037499998
81.78346853549657,-0.04
81.78351653626457,-0.0475
81.78356453703259,-0.0525
81.7836125378006,-0.0625
81.78366053856861,-0.0775
81.78370853933663,-0.0725
81.78375654010463,-0.0725
81.78380454087265,-0.082499996
81.78385254164066,-0.065
81.78390054240867,-0.074999996
81.78394854317669,-0.065
81.7839965439447,-0.055
81.78404454471271,-0.055
81.78409254548072,-0.049999997
81.78414054624874,-0.035
81.78418854701675,-0.04
81.78423654778476,-0.024999999
81.78428454855278,-0.035
81.78433254932078,-0.04
81.7843805500888,-0.0325
81.7844285508568,-0.037499998
81.78447655162482,-0.04
81.78452455239284,-0.044999998
81.78457255316084,-0.049999997
81.78462055392886,-0.0425
81.78466855469686,-0.044999998
81.78471655546488,-0.0425
81.7847645562329,-0.0425
81.7848125570009,-0.0425
81.78486055776892,-0.0325
81.78490855853693,-0.02
81.78495655930494,-0.03
81.78500456007296,-0.022499999
81.78505256084097,-0.0275
81.78510056160899,-0.02
81.78514856237699,-0.012499999
81.785196563145,-0.015
81.78524456391301,-0.022499999
81.78529256468103,-0.022499999
81.78534056544905,-0.02
81.78538856621705,-0.012499999
81.78543656698507,-0.01
81.78548456775307,-0.015
81.78553256852109,-0.0175
81.78558056928911,-0.015
81.78562857005711,-0.02
81.78567657082513,-0.0175
81.78572457159314,-0.02
81.78577257236115,-0.01
81.78582057312917,-0.0075
81.78586857389718,0.0025
81.7859165746652,-0.0075
81.7859645754332,-0.015
81.78601257620122,-0.0175
81.78606057696922,-0.0075
81.78610857773724,-0.0175
81.78615657850526,-0.03
81.78620457927326,-0.03
81.78625258004128,-0.0325
81.78630058080928,-0.035
81.7863485815773,-0.0325
81.78639658234532,-0.022499999
81.78644458311332,-0.035
81.78649258388134,-0.0275
81.78654058464934,-0.024999999
81.78658858541736,-0.015
81.78663658618538,-0.0175
81.78668458695338,-0.022499999
81.7867325877214,-0.0275
81.7867805884894,-0.015
81.78682858925742,-0.024999999
81.78687659002543,-0.0275
81.78692459079345,-0.037499998
81.78697259156147,-0.037499998
81.78702059232947,-0.04
81.78706859309749,-0.055
81.78711659386549,-0.0625
81.78716459463351,-0.065
81.78721259540153,-0.057499997
81.78726059616953,-0.065
81.78730859693755,-0.067499995
81.78735659770555,-0.067499995
81.78740459847357,-0.074999996
81.78745259924159,-0.06
81.7875006000096,-0.065
81.78754860077761,-0.07
81.78759660154562,-0.07
81.78764460231363,-0.0725
81.78769260308164,-0.06
81.78774060384966,-0.07
81.78778860461767,-0.0625
81.78783660538568,-0.067499995
81.7878846061537,-0.07
81.7879326069217,-0.06
81.78798060768972,-0.065
81.78802860845774,-0.067499995
81.78807660922574,-0.06
81.78812460999376,-0.065
81.78817261076176,-0.0525
81.78822061152978,-0.06
81.7882686122978,-0.06
81.7883166130658,-0.049999997
81.78836461383382,-0.06
81.78841261460182,-0.055
81.78846061536984,-0.057499997
81.78850861613785,-0.055
81.78855661690586,-0.044999998
81.78860461767388,-0.0525
81.78865261844189,-0.06
81.7887006192099,-0.0475
81.78874861997791,-0.0525
81.78879662074593,-0.037499998
81.78884462151395,-0.044999998
81.78889262228195,-0.044999998
81.78894062304997,-0.037499998
81.78898862381797,-0.03
81.78903662458599,-0.037499998
81.78908462535401,-0.0275
81.78913262612201,-0.03
81.78918062689003,-0.0325
81.78922862765803,-0.049999997
81.78927662842605,-0.037499998
81.78932462919406,-0.04
81.78937262996207,-0.0425
81.78942063073009,-0.044999998
81.7894686314981,-0.03
81.78951663226611,-0.035
81.78956463303412,-0.0275
81.78961263380214,-0.024999999
81.78966063457015,-0.0325
81.78970863533816,-0.0425
81.78975663610618,-0.04
81.78980463687418,-0.0425
81.7898526376422,-0.037499998
81.78990063841022,-0.03
81.78994863917822,-0.035
81.78999663994624,-0.04
81.79004464071424,-0.037499998
81.79009264148226,-0.04
81.79014064225026,-0.0425
81.79018864301828,-0.0475
81.7902366437863,-0.044999998
81.7902846445543,-0.057499997
81.79033264532232,-0.0525
81.79038064609033,-0.0625
81.79042864685835,-0.0525
81.79047664762636,-0.057499997
81.79052464839437,-0.0525
81.79057264916239,-0.057499997
81.79062064993039,-0.067499995
81.79066865069841,-0.06
81.79071665146643,-0.0725
81.79076465223443,-0.082499996
81.79081265300245,-0.08
81.79086065377045,-0.08
81.79090865453847,-0.08
81.79095665530647,-0.085
81.79100465607449,-0.099999994
81.79105265684251,-0.105
81.79110065761051,-0.0875
81.79114865837853,-0.085
81.79119665914654,-0.0975
81.79124465991455,-0.105
81.79129266068257,-0.11
81.79134066145058,-0.105
81.7913886622186,-0.105
81.7914366629866,-0.1125
81.79148466375462,-0.11
81.79153266452263,-0.107499994
81.79158066529064,-0.0975
81.79162866605866,-0.0975
81.79167666682666,-0.085
81.79172466759468,-0.082499996
81.79177266836268,-0.082499996
81.7918206691307,-0.082499996
81.79186866989872,-0.0775
81.79191667066672,-0.0775
81.79196467143474,-0.0725
81.79201267220274,-0.06
81.79206067297076,-0.055
81.79210867373878,-0.044999998
81.79215667450678,-0.0425
81.7922046752748,-0.055
81.7922526760428,-0.0625
81.79230067681083,-0.067499995
81.79234867757884,-0.07
81.79239667834685,-0.067499995
81.79244467911487,-0.06
81.79249267988287,-0.0625
81.79254068065089,-0.0725
81.79258868141889,-0.067499995
81.79263668218691,-0.0625
81.79268468295493,-0.0525
81.79273268372293,-0.06
81.79278068449095,-0.0525
81.79282868525895,-0.06
81.79287668602697,-0.049999997
81.79292468679499,-0.049999997
81.792972687563,-0.049999997
81.79302068833101,-0.0475
81.79306868909902,-0.04
81.79311668986703,-0.044999998
81.79316469063504,-0.0525
81.79321269140306,-0.0525
81.79326069217107,-0.055
81.79330869293908,-0.04
81.7933566937071,-0.0325
81.7934046944751,-0.037499998
81.79345269524312,-0.0275
81.79350069601114,-0.0325
81.79354869677914,-0.0325
81.79359669754716,-0.02
81.79364469831516,-0.02
81.79369269908318,-0.015
81.7937406998512,-0.02
81.7937887006192,-0.012499999
81.79383670138722,-0.0075
81.79388470215522,-0.012499999
81.79393270292324,-0.01
81.79398070369125,-0.005
81.79402870445927,-0.0025
81.79407670522728,0.0
81.79412470599529,-0.0075
81.7941727067633,-0.01
81.79422070753131,-0.0075
81.79426870829933,-0.0025
81.79431670906735,-0.0075
81.79436470983535,0.0
81.79441271060337,0.005
81.79446071137137,0.01
81.79450871213939,0.01
81.79455671290741,0.02
81.79460471367541,0.024999999
81.79465271444343,0.015
81.79470071521143,0.012499999
81.79474871597945,0.01
81.79479671674746,0.0075
81.79484471751547,0.005
81.79489271828349,0.0
81.7949407190515,-0.0025
81.79498871981951,0.0025
81.79503672058752,0.0
81.79508472135554,-0.0075
81.79513272212355,-0.005
81.79518072289156,0.012499999
81.79522872365958,0.01
81.79527672442758,0.012499999
81.7953247251956,0.02
81.79537272596362,0.012499999
81.79542072673162,0.02
81.79546872749964,0.02
81.79551672826764,0.0175
81.79556472903566,0.015
81.79561272980366,0.02
81.79566073057168,0.0175
81.7957087313397,0.022499999
81.7957567321077,0.022499999
81.79580473287572,0.0275
81.79585273364373,0.035
81.79590073441175,0.0325
81.79594873517976,0.0325
81.79599673594777,0.0275
81.79604473671579,0.024999999
81.79609273748379,0.022499999
81.79614073825181,0.02
81.79618873901983,0.012499999
81.79623673978783,0.005
81.79628474055585,0.012499999
81.79633274132385,0.005
81.79638074209187,0.0025
81.79642874285987,0.01
81.79647674362789,0.0025
81.79652474439591,0.0
81.79657274516391,0.0
81.79662074593193,-0.0025
81.79666874669994,0.0025
81.79671674746795,0.0025
81.79676474823597,0.0
81.79681274900398,-0.01
81.796860749772,0.0025
81.79690875054,0.005
81.79695675130802,0.0
81.79700475207603,0.01
81.79705275284404,0.005
81.79710075361206,-0.0025
81.79714875438006,0.0075
81.79719675514808,0.0075
81.79724475591608,-0.0025
81.7972927566841,-0.0075
81.79734075745212,-0.0075
81.79738875822012,-0.0075
81.79743675898814,-0.015
81.79748475975614,-0.012499999
81.79753276052416,0.0
81.79758076129218,-0.0025
81.79762876206019,-0.005
81.7976767628282,-0.0075
81.79772476359621,-0.0075
81.79777276436423,-0.005
81.79782076513224,-0.0075
81.79786876590025,-0.015
81.79791676666827,-0.02
81.79796476743627,-0.0175
81.79801276820429,-0.01
81.79806076897229,-0.015
81.79810876974031,-0.01
81.79815677050833,-0.005
81.79820477127633,-0.012499999
81.79825277204435,-0.012499999
81.79830077281235,-0.012499999
81.79834877358037,-0.02
81.79839677434839,-0.01
81.7984447751164,-0.0175
81.79849277588441,-0.0175
81.79854077665242,-0.024999999
81.79858877742043,-0.024999999
81.79863677818845,-0.02
81.79868477895646,-0.022499999
81.79873277972447,-0.0175
81.79878078049248,-0.01
81.7988287812605,-0.0075
81.7988767820285,-0.012499999
81.79892478279652,-0.005
81.79897278356454,-0.01
81.79902078433254,-0.0025
81.79906878510056,-0.005
81.79911678586856,0.0025
81.79916478663658,-0.005
81.7992127874046,-0.01
81.7992607881726,-0.005
81.79930878894062,0.005
81.79935678970863,0.0025
81.79940479047664,0.0025
81.79945279124466,0.0025
81.79950079201267,0.015
81.79954879278068,0.0175
81.79959679354869,0.022499999
81.7996447943167,0.024999999
81.79969279508471,0.024999999
81.79974079585273,0.024999999
81.79978879662075,0.0175
81.79983679738875,0.01
81.79988479815677,0.01
81.79993279892477,0.01
81.79998079969279,0.01
81.80002880046081,0.02
81.80007680122881,0.01
81.80012480199683,0.022499999
81.80017280276483,0.012499999
81.80022080353285,0.0075
81.80026880430087,0.005
81.80031680506887,-0.005
81.80036480583689,0.0025
81.8004128066049,0.005
81.80046080737291,0.01
81.80050880814092,0.0075
81.80055680890894,0.0175
81.80060480967695,0.0275
81.80065281044496,0.03
81.80070081121298,0.037499998
81.80074881198098,0.04
81.800796812749,0.0325
81.80084481351702,0.0425
81.80089281428502,0.037499998
81.80094081505304,0.035
81.80098881582104,0.024999999
81.80103681658906,0.022499999
81.80108481735708,0.04
81.80113281812508,0.044999998
81.8011808188931,0.037499998
81.8012288196611,0.0325
81.80127682042912,0.04
81.80132482119713,0.055
81.80137282196515,0.0425
81.80142082273316,0.044999998
81.80146882350117,0.049999997
81.80151682426919,0.0475
81.80156482503719,0.049999997
81.80161282580521,0.0475
81.80166082657323,0.057499997
81.80170882734123,0.049999997
81.80175682810925,0.057499997
81.80180482887725,0.055
81.80185282964527,0.049999997
81.80190083041329,0.0525
81.80194883118129,0.0525
81.80199683194931,0.0475
81.80204483271731,0.037499998
81.80209283348533,0.044999998
81.80214083425334,0.0325
81.80218883502135,0.0475
81.80223683578937,0.037499998
81.80228483655738,0.044999998
81.8023328373254,0.037499998
81.8023808380934,0.044999998
81.80242883886142,0.037499998
81.80247683962943,0.0475
81.80252484039744,0.0425
81.80257284116546,0.037499998
81.80262084193346,0.04
81.80266884270148,0.037499998
81.8027168434695,0.0325
81.8027648442375,0.0275
81.80281284500552,0.0025
81.80286084577352,0.005
81.80290884654154,0.0075
81.80295684730955,0.005
81.80300484807756,0.0075
81.80305284884558,0.0025
81.80310084961359,0.0
81.8031488503816,0.0
81.80319685114961,0.0
81.80324485191763,0.0025
81.80329285268564,0.0
81.80334085345365,-0.0025
81.80338885422167,-0.01
81.80343685498967,-0.01
81.80348485575769,-0.0175
81.8035328565257,-0.03
81.80358085729371,-0.03
81.80362885806173,-0.035
81.80367685882973,-0.0325
81.80372485959775,-0.04
81.80377286036575,-0.0475
81.80382086113377,-0.049999997
81.80386886190179,-0.0425
81.8039168626698,-0.0525
81.80396486343781,-0.0425
81.80401286420582,-0.0475
81.80406086497383,-0.0325
81.80410886574185,-0.035
81.80415686650986,-0.037499998
81.80420486727787,-0.037499998
81.80425286804588,-0.037499998
81.8043008688139,-0.035
81.80434886958191,-0.03
81.80439687034992,-0.035
81.80444487111794,-0.02
81.80449287188594,-0.022499999
81.80454087265396,-0.02
81.80458887342196,-0.0275
81.80463687418998,-0.012499999
81.804684874958,-0.012499999
81.804732875726,-0.0175
81.80478087649402,-0.012499999
81.80482887726203,-0.012499999
81.80487687803004,-0.012499999
81.80492487879806,-0.0075
81.80497287956607,-0.0075
81.80502088033408,-0.015
81.80506888110209,-0.0075
81.8051168818701,-0.012499999
81.80516488263812,-0.01
81.80521288340613,-0.005
81.80526088417415,-0.0025
81.80530888494215,-0.0025
81.80535688571017,-0.012499999
81.80540488647817,-0.0275
81.80545288724619,-0.022499999
81.80550088801421,-0.03
81.80554888878221,-0.02
81.80559688955023,-0.022499999
81.80564489031823,-0.024999999
81.80569289108625,-0.022499999
81.80574089185427,-0.022499999
81.80578889262227,-0.024999999
81.80583689339029,-0.024999999
81.8058848941583,-0.04
81.80593289492631,-0.04
81.80598089569433,-0.035
81.80602889646234,-0.0425
81.80607689723035,-0.04
81.80612489799836,-0.0475
81.80617289876638,-0.0425
81.80622089953438,-0.0425
81.8062689003024,-0.049999997
81.80631690107042,-0.044999998
81.80636490183842,-0.055
81.80641290260644,-0.049999997
81.80646090337444,-0.0475
81.80650890414246,-0.049999997
81.80655690491048,-0.0475
81.80660490567848,-0.06
81.8066529064465,-0.0525
81.8067009072145,-0.049999997
81.80674890798252,-0.057499997
81.80679690875054,-0.0525
81.80684490951855,-0.044999998
81.80689291028656,-0.044999998
81.80694091105457,-0.0475
81.80698891182259,-0.049999997
81.80703691259059,-0.049999997
81.80708491335861,-0.0475
81.80713291412663,-0.037499998
81.80718091489463,-0.0325
81.80722891566265,-0.0325
81.80727691643065,-0.0275
81.80732491719867,-0.024999999
81.80737291796669,-0.0325
81.80742091873469,-0.0325
81.80746891950271,-0.0275
81.80751692027071,-0.0275
81.80756492103873,-0.037499998
81.80761292180675,-0.037499998
81.80766092257475,-0.037499998
81.80770892334277,-0.0425
81.80775692411078,-0.04
81.8078049248788,-0.035
81.8078529256468,-0.037499998
81.80790092641482,-0.044999998
81.80794892718284,-0.0525
81.80799692795084,-0.06
81.80804492871886,-0.055
81.80809292948686,-0.057499997
81.80814093025488,-0.06
81.8081889310229,-0.0625
81.8082369317909,-0.0475
81.80828493255892,-0.0425
81.80833293332692,-0.037499998
81.80838093409494,-0.0275
81.80842893486296,-0.04
81.80847693563096,-0.02
81.80852493639898,-0.037499998
81.80857293716699,-0.0275
81.808620937935,-0.024999999
81.80866893870301,-0.0175
81.80871693947103,-0.024999999
81.80876494023904,-0.012499999
81.80881294100705,-0.012499999
81.80886094177507,-0.015
81.80890894254307,-0.03
81.80895694331109,-0.037499998
81.8090049440791,-0.0475
81.80905294484711,-0.0425
81.80910094561513,-0.037499998
81.80914894638313,-0.03
81.80919694715115,-0.0425
81.80924494791917,-0.0475
81.80929294868717,-0.035
81.80934094945519,-0.035
81.8093889502232,-0.03
81.80943695099121,-0.022499999
81.80948495175922,-0.02
81.80953295252723,-0.0175
81.80958095329525,-0.0075
81.80962895406326,-0.015
81.80967695483127,-0.0075
81.80972495559928,-0.005
81.8097729563673,0.0
81.80982095713532,-0.005
81.80986895790332,0.0025
81.80991695867134,0.01
81.80996495943934,0.0075
81.81001296020736,0.0075
81.81006096097538,0.01
81.81010896174338,0.0025
81.8101569625114,0.01
81.8102049632794,0.022499999
81.81025296404742,0.03
81.81030096481543,0.0275
81.81034896558344,0.03
81.81039696635146,0.0325
81.81044496711947,0.037499998
81.81049296788748,0.035
81.81054096865549,0.03
81.8105889694235,0.0425
81.81063697019152,0.0475
81.81068497095953,0.044999998
81.81073297172755,0.04
81.81078097249555,0.0425
81.81082897326357,0.0325
81.81087697403159,0.044999998
81.81092497479959,0.044999998
81.81097297556761,0.0475
81.81102097633561,0.055
81.81106897710363,0.06
81.81111697787163,0.07
81.81116497863965,0.0725
81.81121297940767,0.085
81.81126098017567,0.082499996
81.81130898094369,0.0725
81.8113569817117,0.074999996
81.81140498247971,0.074999996
81.81145298324773,0.07
81.81150098401574,0.0725
81.81154898478376,0.067499995
81.81159698555176,0.0625
81.81164498631978,0.0625
81.8116929870878,0.06
81.8117409878558,0.07
81.81178898862382,0.067499995
81.81183698939182,0.074999996
81.81188499015984,0.0875
81.81193299092784,0.0975
81.81198099169586,0.105
81.81202899246388,0.107499994
81.81207699323188,0.11
81.8121249939999,0.122499995
81.8121729947679,0.11
81.81222099553592,0.114999995
81.81226899630394,0.12
81.81231699707195,0.1175
81.81236499783996,0.11
81.81241299860797,0.122499995
81.81246099937599,0.11
81.812509000144,0.125
81.81255700091201,0.13
81.81260500168003,0.1275
81.81265300244803,0.1375
81.81270100321605,0.1275
81.81274900398405,0.1275
81.81279700475207,0.1325
81.81284500552009,0.13499999
81.81289300628809,0.13499999
81.81294100705611,0.145
81.81298900782411,0.13499999
81.81303700859213,0.13499999
81.81308500936015,0.1375
81.81313301012815,0.13
81.81318101089617,0.1325
81.81322901166418,0.1325
81.8132770124322,0.1325
81.81332501320021,0.125
81.81337301396822,0.1275
81.81342101473624,0.1325
81.81346901550424,0.1325
81.81351701627226,0.145
81.81356501704026,0.145
81.81361301780828,0.13499999
81.8136610185763,0.1325
81.8137090193443,0.1375
81.81375702011232,0.14999999
81.81380502088032,0.1375
81.81385302164834,0.145
81.81390102241636,0.145
81.81394902318436,0.1475
81.81399702395238,0.1525
81.81404502472039,0.1525
81.8140930254884,0.145
81.81414102625642,0.155
81.81418902702443,0.1525
81.81423702779244,0.1525
81.81428502856045,0.1425
81.81433302932847,0.13499999
81.81438103009647,0.1375
81.81442903086449,0.1375
81.8144770316325,0.14
81.81452503240051,0.13
81.81457303316853,0.13499999
81.81462103393653,0.13
81.81466903470455,0.1325
81.81471703547257,0.1275
81.81476503624057,0.1275
81.81481303700859,0.125
81.8148610377766,0.122499995
81.81490903854461,0.122499995
81.81495703931262,0.12
81.81500504008064,0.1275
81.81505304084865,0.1375
81.81510104161666,0.13499999
81.81514904238468,0.13499999
81.81519704315268,0.1275
81.8152450439207,0.1275
81.81529304468872,0.1275
81.81534104545672,0.1325
81.81538904622474,0.13
81.81543704699274,0.1425
81.81548504776076,0.1425
81.81553304852878,0.1525
81.81558104929678,0.13
81.8156290500648,0.1425
81.8156770508328,0.14
81.81572505160082,0.1475
81.81577305236883,0.1425
81.81582105313684,0.1425
81.81586905390486,0.14
81.81591705467287,0.13499999
81.81596505544088,0.1375
81.81601305620889,0.13499999
81.8160610569769,0.13
81.81610905774492,0.14
81.81615705851293,0.1325
81.81620505928095,0.13499999
81.81625306004895,0.16499999
81.81630106081697,0.1525
81.81634906158499,0.1475
81.81639706235299,0.155
81.81644506312101,0.155
81.81649306388901,0.16749999
81.81654106465703,0.1625
81.81658906542503,0.155
81.81663706619305,0.155
81.81668506696107,0.1375
81.81673306772907,0.1475
81.8167810684971,0.1475
81.8168290692651,0.14
81.81687707003312,0.13499999
81.81692507080113,0.125
81.81697307156914,0.12
81.81702107233716,0.125
81.81706907310516,0.114999995
81.81711707387318,0.107499994
81.8171650746412,0.114999995
81.8172130754092,0.1125
81.81726107617722,0.1275
81.81730907694522,0.1425
81.81735707771324,0.1325
81.81740507848124,0.13499999
81.81745307924926,0.13
81.81750108001728,0.13
81.81754908078528,0.1275
81.8175970815533,0.1275
81.8176450823213,0.12
81.81769308308932,0.1275
81.81774108385734,0.1275
81.81778908462535,0.114999995
81.81783708539336,0.11
81.81788508616137,0.1025
81.81793308692939,0.095
81.8179810876974,0.0975
81.81802908846541,0.099999994
81.81807708923343,0.1025
81.81812509000143,0.105
81.81817309076945,0.089999996
81.81822109153745,0.105
81.81826909230547,0.107499994
81.81831709307349,0.0975
81.81836509384149,0.105
81.81841309460951,0.095
81.81846109537751,0.1025
81.81850909614553,0.095
81.81855709691355,0.0875
81.81860509768156,0.0775
81.81865309844957,0.082499996
81.81870109921758,0.0725
81.8187490999856,0.0625
81.81879710075361,0.07
81.81884510152162,0.067499995
81.81889310228964,0.0725
81.81894110305764,0.0625
81.81898910382566,0.057499997
81.81903710459366,0.0625
81.81908510536168,0.055
81.8191331061297,0.049999997
81.8191811068977,0.0525
81.81922910766572,0.0625
81.81927710843372,0.06
81.81932510920174,0.057499997
81.81937310996976,0.044999998
81.81942111073776,0.044999998
81.81946911150578,0.037499998
81.81951711227379,0.0275
81.8195651130418,0.0275
81.81961311380982,0.0325
81.81966111457783,0.024999999
81.81970911534584,0.022499999
81.81975711611385,0.02
81.81980511688187,0.015
81.81985311764987,0.0175
81.81990111841789,0.022499999
81.8199491191859,0.03
81.81999711995391,0.024999999
81.82004512072193,0.0325
81.82009312148993,0.035
81.82014112225795,0.024999999
81.82018912302597,0.022499999
81.82023712379397,0.005
81.82028512456199,0.005
81.82033312533,-0.012499999
81.82038112609801,-0.01
81.82042912686603,-0.022499999
81.82047712763404,-0.0175
81.82052512840205,-0.022499999
81.82057312917006,-0.0325
81.82062112993808,-0.0325
81.82066913070608,-0.037499998
81.8207171314741,-0.0325
81.82076513224212,-0.035
81.82081313301012,-0.0325
81.82086113377814,-0.049999997
81.82090913454614,-0.049999997
81.82095713531416,-0.049999997
81.82100513608218,-0.0525
81.82105313685018,-0.055
81.8211011376182,-0.0425
81.8211491383862,-0.0475
81.82119713915422,-0.0475
81.82124513992224,-0.04
81.82129314069024,-0.044999998
81.82134114145826,-0.0475
81.82138914222627,-0.049999997
81.82143714299428,-0.049999997
81.82148514376229,-0.0525
81.8215331445303,-0.049999997
81.82158114529832,-0.0475
81.82162914606633,-0.0475
81.82167714683435,-0.0525
81.82172514760235,-0.044999998
81.82177314837037,-0.049999997
81.82182114913839,-0.0525
81.82186914990639,-0.0525
81.82191715067441,-0.049999997
81.82196515144241,-0.0525
81.82201315221043,-0.057499997
81.82206115297845,-0.0525
81.82210915374645,-0.055
81.82215715451447,-0.0525
81.82220515528248,-0.057499997
81.8222531560505,-0.0625
81.8223011568185,-0.0625
81.82234915758652,-0.06
81.82239715835453,-0.06
81.82244515912254,-0.057499997
81.82249315989056,-0.06
81.82254116065856,-0.057499997
81.82258916142658,-0.057499997
81.8226371621946,-0.049999997
81.8226851629626,-0.049999997
81.82273316373062,-0.057499997
81.82278116449862,-0.057499997
81.82282916526664,-0.065
81.82287716603466,-0.06
81.82292516680266,-0.06
81.82297316757068,-0.0725
81.82302116833868,-0.085
81.8230691691067,-0.0725
81.8231171698747,-0.067499995
81.82316517064272,-0.0775
81.82321317141074,-0.0725
81.82326117217875,-0.074999996
81.82330917294676,-0.0725
81.82335717371477,-0.074999996
81.82340517448279,-0.08
81.8234531752508,-0.067499995
81.82350117601881,-0.0775
81.82354917678683,-0.0925
81.82359717755483,-0.0925
81.82364517832285,-0.0975
81.82369317909087,-0.085
81.82374117985887,-0.0925
81.82378918062689,-0.1025
81.8238371813949,-0.1025
81.82388518216291,-0.0975
81.82393318293092,-0.1025
81.82398118369893,-0.105
81.82402918446695,-0.105
81.82407718523496,-0.1175
81.82412518600297,-0.114999995
81.82417318677098,-0.1025
81.824221187539,-0.1125
81.82426918830701,-0.1025
81.82431718907502,-0.107499994
81.82436518984304,-0.114999995
81.82441319061104,-0.12
81.82446119137906,-0.12
81.82450919214708,-0.1125
81.82455719291508,-0.122499995
81.8246051936831,-0.13499999
81.8246531944511,-0.1425
81.82470119521912,-0.13499999
81.82474919598712,-0.1375
81.82479719675514,-0.145
81.82484519752316,-0.14999999
81.82489319829116,-0.16749999
81.82494119905918,-0.1525
81.82498919982719,-0.1575
81.8250372005952,-0.155
81.82508520136322,-0.16
81.82513320213123,-0.14999999
81.82518120289924,-0.1475
81.82522920366725,-0.145
81.82527720443527,-0.145
81.82532520520328,-0.1425
81.82537320597129,-0.145
81.8254212067393,-0.1375
81.82546920750731,-0.13499999
81.82551720827533,-0.1375
81.82556520904333,-0.155
81.82561320981135,-0.17
81.82566121057937,-0.1775
81.82570921134737,-0.1625
81.82575721211539,-0.175
81.8258052128834,-0.185
81.82585321365141,-0.1925
81.82590121441943,-0.19
81.82594921518744,-0.1875
81.82599721595545,-0.1925
81.82604521672346,-0.19999999
81.82609321749148,-0.195
81.8261412182595,-0.19
81.8261892190275,-0.195
81.82623721979552,-0.1875
81.82628522056352,-0.185
81.82633322133154,-0.1875
81.82638122209954,-0.18249999
81.82642922286756,-0.19
81.82647722363558,-0.19
81.82652522440358,-0.18249999
81.8265732251716,-0.185
81.8266212259396,-0.1925
81.82666922670762,-0.17999999
81.82671722747564,-0.19
81.82676522824364,-0.1925
81.82681322901166,-0.1925
81.82686122977967,-0.1925
81.82690923054768,-0.19
81.8269572313157,-0.19
81.8270052320837,-0.19999999
81.82705323285172,-0.19
81.82710123361973,-0.195
81.82714923438775,-0.19749999
81.82719723515575,-0.195
81.82724523592377,-0.19749999
81.82729323669179,-0.1925
81.82734123745979,-0.195
81.82738923822781,-0.19749999
81.82743723899581,-0.1925
81.82748523976383,-0.1925
81.82753324053185,-0.195
81.82758124129985,-0.1925
81.82762924206787,-0.1875
81.82767724283588,-0.19
81.8277252436039,-0.19
81.82777324437191,-0.1775
81.82782124513992,-0.17
81.82786924590793,-0.17
81.82791724667594,-0.1625
81.82796524744396,-0.1775
81.82801324821196,-0.185
81.82806124897998,-0.185
81.828109249748,-0.1725
81.828157250516,-0.175
81.82820525128402,-0.19
81.82825325205202,-0.1925
81.82830125282004,-0.205
81.82834925358806,-0.19999999
81.82839725435606,-0.2075
81.82844525512408,-0.19749999
81.82849325589208,-0.1925
81.8285412566601,-0.19
81.82858925742812,-0.1925
81.82863725819612,-0.1875
81.82868525896414,-0.1725
81.82873325973215,-0.1725
81.82878126050016,-0.1625
81.82882926126817,-0.1575
81.82887726203619,-0.16
81.8289252628042,-0.16
81.82897326357221,-0.16
81.82902126434023,-0.16499999
81.82906926510823,-0.1625
81.82911726587625,-0.16499999
81.82916526664427,-0.1575
81.82921326741227,-0.14999999
81.82926126818029,-0.1525
81.8293092689483,-0.14999999
81.82935726971631,-0.14
81.82940527048433,-0.14999999
81.82945327125233,-0.145
81.82950127202035,-0.1475
81.82954927278836,-0.14999999
81.82959727355637,-0.1425
81.82964527432438,-0.1425
81.8296932750924,-0.14999999
81.82974127586041,-0.14
81.82978927662842,-0.1375
81.82983727739644,-0.145
81.82988527816444,-0.155
81.82993327893246,-0.1425
81.82998127970048,-0.1525
81.83002928046848,-0.1425
81.8300772812365,-0.145
81.8301252820045,-0.14999999
81.83017328277252,-0.1525
81.83022128354054,-0.14999999
81.83026928430854,-0.145
81.83031728507656,-0.1375
81.83036528584456,-0.14
81.83041328661258,-0.145
81.83046128738059,-0.1375
81.8305092881486,-0.14
81.83055728891662,-0.1425
81.83060528968463,-0.1325
81.83065329045264,-0.13499999
81.83070129122065,-0.1375
81.83074929198867,-0.1325
81.83079729275669,-0.12
81.83084529352469,-0.13
81.83089329429271,-0.12
81.83094129506071,-0.1125
81.83098929582873,-0.107499994
81.83103729659675,-0.1175
81.83108529736475,-0.122499995
81.83113329813277,-0.1125
81.83118129890077,-0.1125
81.83122929966879,-0.114999995
81.8312773004368,-0.105
81.83132530120481,-0.107499994
81.83137330197283,-0.11
81.83142130274084,-0.107499994
81.83146930350885,-0.1125
81.83151730427686,-0.099999994
81.83156530504488,-0.105
81.8316133058129,-0.11
81.8316613065809,-0.107499994
81.83170930734892,-0.1025
81.83175730811692,-0.095
81.83180530888494,-0.0975
81.83185330965296,-0.099999994
81.83190131042096,-0.099999994
81.83194931118898,-0.095
81.83199731195698,-0.095
81.832045312725,-0.082499996
81.832093313493,-0.0775
81.83214131426102,-0.0725
81.83218931502904,-0.0625
81.83223731579704,-0.08
81.83228531656506,-0.067499995
81.83233331733307,-0.07
81.83238131810108,-0.0475
81.8324293188691,-0.06
81.8324773196371,-0.06
81.83252532040513,-0.0625
81.83257332117313,-0.057499997
81.83262132194115,-0.055
81.83266932270917,-0.044999998
81.83271732347717,-0.055
81.83276532424519,-0.0425
81.83281332501319,-0.057499997
81.83286132578121,-0.0425
81.83290932654921,-0.0425
81.83295732731723,-0.04
81.83300532808525,-0.037499998
81.83305332885325,-0.0325
81.83310132962127,-0.03
81.83314933038928,-0.0325
81.8331973311573,-0.03
81.83324533192531,-0.044999998
81.83329333269332,-0.0475
81.83334133346133,-0.0475
81.83338933422934,-0.04
81.83343733499736,-0.049999997
81.83348533576537,-0.037499998
81.83353333653338,-0.0525
81.8335813373014,-0.049999997
81.8336293380694,-0.055
81.83367733883742,-0.06
81.83372533960542,-0.067499995
81.83377334037344,-0.0775
81.83382134114146,-0.085
81.83386934190946,-0.074999996
81.83391734267748,-0.065
81.83396534344548,-0.057499997
81.8340133442135,-0.0525
81.83406134498152,-0.067499995
81.83410934574952,-0.065
81.83415734651754,-0.0525
81.83420534728555,-0.044999998
81.83425334805356,-0.0475
81.83430134882158,-0.0525
81.83434934958959,-0.049999997
81.8343973503576,-0.044999998
81.83444535112561,-0.0525
81.83449335189363,-0.0525
81.83454135266163,-0.0475
81.83458935342965,-0.057499997
81.83463735419767,-0.055
81.83468535496567,-0.06
81.83473335573369,-0.0625
81.8347813565017,-0.06
81.83482935726971,-0.0625
81.83487735803773,-0.049999997
81.83492535880573,-0.065
81.83497335957375,-0.057499997
81.83502136034176,-0.065
81.83506936110977,-0.055
81.83511736187779,-0.057499997
81.8351653626458,-0.0525
81.83521336341381,-0.044999998
81.83526136418182,-0.057499997
81.83530936494984,-0.0625
81.83535736571784,-0.07
81.83540536648586,-0.07
81.83545336725388,-0.067499995
81.83550136802188,-0.0625
81.8355493687899,-0.074999996
81.8355973695579,-0.067499995
81.83564537032592,-0.074999996
81.83569337109394,-0.07
81.83574137186194,-0.082499996
81.83578937262996,-0.08
81.83583737339796,-0.08
81.83588537416598,-0.082499996
81.835933374934,-0.0775
81.835981375702,-0.08
81.83602937647002,-0.08
81.83607737723803,-0.0875
81.83612537800605,-0.0925
81.83617337877405,-0.099999994
81.83622137954207,-0.107499994
81.83626938031009,-0.105
81.83631738107809,-0.0925
81.83636538184611,-0.095
81.83641338261411,-0.0925
81.83646138338213,-0.0925
81.83650938415015,-0.0925
81.83655738491815,-0.085
81.83660538568617,-0.0725
81.83665338645417,-0.07
81.83670138722219,-0.0725
81.8367493879902,-0.0725
81.83679738875821,-0.0775
81.83684538952623,-0.08
81.83689339029424,-0.082499996
81.83694139106225,-0.082499996
81.83698939183026,-0.095
81.83703739259828,-0.105
81.8370853933663,-0.1025
81.8371333941343,-0.107499994
81.83718139490232,-0.11
81.83722939567032,-0.1175
81.83727739643834,-0.107499994
81.83732539720636,-0.107499994
81.83737339797436,-0.107499994
81.83742139874238,-0.11
81.83746939951038,-0.11
81.8375174002784,-0.107499994
81.8375654010464,-0.114999995
81.83761340181442,-0.1175
81.83766140258244,-0.1125
81.83770940335044,-0.114999995
81.83775740411846,-0.114999995
81.83780540488647,-0.122499995
81.83785340565449,-0.114999995
81.8379014064225,-0.12
81.83794940719051,-0.114999995
81.83799740795853,-0.1125
81.83804540872653,-0.11
81.83809340949455,-0.11
81.83814141026257,-0.11
81.83818941103057,-0.1125
81.83823741179859,-0.122499995
81.83828541256659,-0.125
81.83833341333461,-0.12
81.83838141410261,-0.107499994
81.83842941487063,-0.11
81.83847741563865,-0.125
81.83852541640665,-0.114999995
81.83857341717467,-0.1375
81.83862141794268,-0.1275
81.8386694187107,-0.13
81.83871741947871,-0.145
81.83876542024672,-0.13
81.83881342101473,-0.1275
81.83886142178274,-0.1375
81.83890942255076,-0.1275
81.83895742331877,-0.1425
81.83900542408678,-0.14999999
81.8390534248548,-0.1375
81.8391014256228,-0.1425
81.83914942639082,-0.1375
81.83919742715882,-0.145
81.83924542792684,-0.1375
81.83929342869486,-0.125
81.83934142946286,-0.1425
81.83938943023088,-0.1425
81.83943743099888,-0.14
81.8394854317669,-0.14999999
81.83953343253492,-0.1475
81.83958143330293,-0.13499999
81.83962943407094,-0.1475
81.83967743483895,-0.1475
81.83972543560697,-0.1525
81.83977343637498,-0.14
81.83982143714299,-0.145
81.839869437911,-0.145
81.83991743867901,-0.145
81.83996543944703,-0.13499999
81.84001344021503,-0.1375
81.84006144098305,-0.1375
81.84010944175107,-0.14
81.84015744251907,-0.1525
81.84020544328709,-0.1375
81.8402534440551,-0.14999999
81.84030144482311,-0.14999999
81.84034944559113,-0.1475
81.84039744635913,-0.145
81.84044544712715,-0.1575
81.84049344789516,-0.1575
81.84054144866317,-0.16
81.84058944943119,-0.1525
81.8406374501992,-0.1625
81.84068545096721,-0.16499999
81.84073345173522,-0.1725
81.84078145250324,-0.1625
81.84082945327124,-0.16749999
81.84087745403926,-0.17
81.84092545480728,-0.17
81.84097345557528,-0.16499999
81.8410214563433,-0.17999999
81.8410694571113,-0.185
81.84111745787932,-0.185
81.84116545864734,-0.1875
81.84121345941534,-0.1875
81.84126146018336,-0.22
81.84130946095136,-0.225
81.84135746171938,-0.22
81.8414054624874,-0.21249999
81.8414534632554,-0.2175
81.84150146402342,-0.22749999
81.84154946479143,-0.225
81.84159746555945,-0.2375
81.84164546632745,-0.22
81.84169346709547,-0.21
81.84174146786349,-0.21
81.84178946863149,-0.21
81.84183746939951,-0.19999999
81.84188547016751,-0.19749999
81.84193347093553,-0.2025
81.84198147170355,-0.195
81.84202947247155,-0.1925
81.84207747323957,-0.195
81.84212547400757,-0.1775
81.84217347477559,-0.18249999
81.84222147554361,-0.17999999
81.84226947631161,-0.195
81.84231747707963,-0.19
81.84236547784764,-0.19749999
81.84241347861565,-0.19749999
81.84246147938366,-0.19749999
81.84250948015168,-0.2025
81.8425574809197,-0.19749999
81.8426054816877,-0.2025
81.84265348245572,-0.19999999
81.84270148322372,-0.195
81.84274948399174,-0.1875
81.84279748475976,-0.19
81.84284548552776,-0.1875
81.84289348629578,-0.175
81.84294148706378,-0.175
81.8429894878318,-0.17999999
81.84303748859982,-0.175
81.84308548936782,-0.1775
81.84313349013584,-0.1925
81.84318149090385,-0.1925
81.84322949167186,-0.1925
81.84327749243987,-0.1925
81.84332549320789,-0.19
81.8433734939759,-0.17999999
81.84342149474391,-0.1775
81.84346949551193,-0.18249999
81.84351749627993,-0.17
81.84356549704795,-0.175
81.84361349781597,-0.16749999
81.84366149858397,-0.16
81.84370949935199,-0.1625
81.84375750011999,-0.1625
81.84380550088801,-0.155
81.84385350165603,-0.1575
81.84390150242403,-0.14999999
81.84394950319205,-0.1575
81.84399750396005,-0.16
81.84404550472807,-0.1625
81.84409350549608,-0.155
81.8441415062641,-0.1575
81.84418950703211,-0.1625
81.84423750780012,-0.16749999
81.84428550856813,-0.17
81.84433350933614,-0.16499999
81.84438151010416,-0.16749999
81.84442951087217,-0.1775
81.84447751164018,-0.1625
81.8445255124082,-0.1475
81.8445735131762,-0.14
81.84462151394422,-0.14
81.84466951471224,-0.1325
81.84471751548024,-0.1325
81.84476551624826,-0.13
81.84481351701626,-0.14
81.84486151778428,-0.13499999
81.84490951855229,-0.1425
81.8449575193203,-0.1375
81.84500552008832,-0.1425
81.84505352085633,-0.13
81.84510152162434,-0.1325
81.84514952239235,-0.12
81.84519752316037,-0.12
81.84524552392838,-0.1175
81.84529352469639,-0.105
81.8453415254644,-0.11
81.84538952623241,-0.099999994
81.84543752700043,-0.095
81.84548552776845,-0.0925
81.84553352853645,-0.095
81.84558152930447,-0.095
81.84562953007247,-0.082499996
81.84567753084049,-0.095
81.8457255316085,-0.0775
81.84577353237651,-0.085
81.84582153314453,-0.082499996
81.84586953391253,-0.074999996
81.84591753468055,-0.067499995
81.84596553544856,-0.0625
81.84601353621657,-0.065
81.84606153698459,-0.067499995
81.8461095377526,-0.065
81.84615753852061,-0.057499997
81.84620553928862,-0.067499995
81.84625354005664,-0.057499997
81.84630154082465,-0.0525
81.84634954159266,-0.06
81.84639754236068,-0.06
81.84644554312868,-0.06
81.8464935438967,-0.055
81.8465415446647,-0.057499997
81.84658954543272,-0.0625
81.84663754620074,-0.055
81.84668554696874,-0.049999997
81.84673354773676,-0.0425
81.84678154850477,-0.0525
81.84682954927278,-0.0425
81.8468775500408,-0.044999998
81.8469255508088,-0.035
81.84697355157682,-0.04
81.84702155234483,-0.0325
81.84706955311285,-0.049999997
81.84711755388086,-0.037499998
81.84716555464887,-0.0475
81.84721355541689,-0.044999998
81.84726155618489,-0.0325
81.84730955695291,-0.0175
81.84735755772091,-0.03
81.84740555848893,-0.024999999
81.84745355925695,-0.022499999
81.84750156002495,-0.0075
81.84754956079297,0.0025
81.84759756156097,0.0025
81.84764556232899,0.0
81.84769356309701,0.0075
81.84774156386501,0.0175
81.84778956463303,0.02
81.84783756540104,0.02
81.84788556616905,0.02
81.84793356693707,0.02
81.84798156770508,0.03
81.8480295684731,0.02
81.8480775692411,0.03
81.84812557000912,0.0325
81.84817357077712,0.0275
81.84822157154514,0.0175
81.84826957231316,0.02
81.84831757308116,0.015
81.84836557384918,0.012499999
81.84841357461718,0.022499999
81.8484615753852,0.0175
81.84850957615322,0.022499999
81.84855757692122,0.02
81.84860557768924,0.03
81.84865357845725,0.0325
81.84870157922526,0.024999999
81.84874957999328,0.0325
81.84879758076129,0.037499998
81.8488455815293,0.02
81.84889358229731,0.015
81.84894158306533,0.03
81.84898958383333,0.0275
81.84903758460135,0.0275
81.84908558536937,0.03
81.84913358613737,0.024999999
81.84918158690539,0.0325
81.84922958767339,0.0275
81.84927758844141,0.03
81.84932558920943,0.0325
81.84937358997743,0.035
81.84942159074545,0.0425
81.84946959151345,0.03
81.84951759228147,0.0275
81.84956559304949,0.049999997
81.8496135938175,0.0625
81.84966159458551,0.06
81.84970959535352,0.06
81.84975759612153,0.06
81.84980559688954,0.0775
81.84985359765756,0.067499995
81.84990159842557,0.07
81.84994959919358,0.065
81.8499975999616,0.074999996
81.8500456007296,0.0725
81.85009360149762,0.0775
81.85014160226564,0.0775
81.85018960303364,0.074999996
81.85023760380166,0.07
81.85028560456966,0.067499995
81.85033360533768,0.07
81.8503816061057,0.065
81.8504296068737,0.0725
81.85047760764172,0.065
81.85052560840973,0.065
81.85057360917774,0.074999996
81.85062160994575,0.089999996
81.85066961071377,0.1025
81.85071761148178,0.0975
81.85076561224979,0.089999996
81.8508136130178,0.1025
81.85086161378581,0.1025
81.85090961455383,0.11
81.85095761532185,0.1175
81.85100561608985,0.114999995
81.85105361685787,0.1175
81.85110161762587,0.11
81.85114961839389,0.114999995
81.85119761916191,0.1125
81.85124561992991,0.11
81.85129362069793,0.107499994
81.85134162146593,0.1175
81.85138962223395,0.11
81.85143762300196,0.1175
81.85148562376997,0.12
81.85153362453799,0.105
81.851581625306,0.122499995
81.85162962607401,0.13499999
81.85167762684202,0.14
81.85172562761004,0.1325
81.85177362837806,0.14
81.85182162914606,0.1375
81.85186962991408,0.14
81.85191763068208,0.14
81.8519656314501,0.1425
81.85201363221812,0.145
81.85206163298612,0.1425
81.85210963375414,0.1575
81.85215763452214,0.1575
81.85220563529016,0.17
81.85225363605817,0.175
81.85230163682618,0.175
81.8523496375942,0.1725
81.8523976383622,0.1775
81.85244563913022,0.17999999
81.85249363989823,0.1875
81.85254164066625,0.1875
81.85258964143426,0.195
81.85263764220227,0.195
81.85268564297029,0.19
81.85273364373829,0.195
81.85278164450631,0.1875
81.85282964527433,0.18249999
81.85287764604233,0.1925
81.85292564681035,0.18249999
81.85297364757835,0.1925
81.85302164834637,0.1925
81.85306964911437,0.19749999
81.85311764988239,0.2075
81.85316565065041,0.21249999
81.85321365141841,0.22
81.85326165218643,0.225
81.85330965295444,0.22749999
81.85335765372245,0.235
81.85340565449047,0.225
81.85345365525848,0.22999999
81.8535016560265,0.22749999
81.8535496567945,0.2375
81.85359765756252,0.2225
81.85364565833054,0.22
81.85369365909854,0.21
81.85374165986656,0.19999999
81.85378966063456,0.1925
81.85383766140258,0.19749999
81.85388566217058,0.1875
81.8539336629386,0.18249999
81.85398166370662,0.17999999
81.85402966447462,0.18249999
81.85407766524264,0.17999999
81.85412566601065,0.175
81.85417366677866,0.17
81.85422166754668,0.16499999
81.85426966831469,0.16499999
81.8543176690827,0.17
81.85436566985071,0.1575
81.85441367061873,0.1525
81.85446167138674,0.1625
81.85450967215475,0.155
81.85455767292277,0.1425
81.85460567369077,0.1425
81.85465367445879,0.1425
81.85470167522679,0.13
81.85474967599481,0.13499999
81.85479767676283,0.125
81.85484567753083,0.12
81.85489367829885,0.11
81.85494167906685,0.107499994
81.85498967983487,0.107499994
81.85503768060289,0.105
81.8550856813709,0.1025
81.85513368213891,0.1025
81.85518168290692,0.0875
81.85522968367493,0.105
81.85527768444295,0.1025
81.85532568521096,0.105
81.85537368597898,0.1025
81.85542168674698,0.107499994
81.855469687515,0.099999994
81.855517688283,0.0975
81.85556568905102,0.11
81.85561368981904,0.095
81.85566169058704,0.0975
81.85570969135506,0.107499994
81.85575769212306,0.099999994
81.85580569289108,0.105
81.8558536936591,0.107499994
81.8559016944271,0.1175
81.85594969519512,0.12
81.85599769596313,0.125
81.85604569673114,0.1175
81.85609369749916,0.114999995
81.85614169826717,0.1175
81.85618969903518,0.1125
81.85623769980319,0.125
81.8562857005712,0.114999995
81.85633370133921,0.12
81.85638170210723,0.122499995
81.85642970287525,0.1175
81.85647770364325,0.122499995
81.85652570441127,0.12
81.85657370517927,0.122499995
81.85662170594729,0.122499995
81.85666970671531,0.122499995
81.85671770748331,0.122499995
81.85676570825133,0.12
81.85681370901933,0.1175
81.85686170978735,0.122499995
81.85690971055537,0.1275
81.85695771132337,0.1275
81.8570057120914,0.13499999
81.8570537128594,0.13
81.85710171362742,0.1325
81.85714971439542,0.13
81.85719771516344,0.1275
81.85724571593146,0.1325
81.85729371669946,0.12
81.85734171746748,0.13
81.85738971823548,0.13
81.8574377190035,0.1325
81.85748571977152,0.12
81.85753372053952,0.125
81.85758172130754,0.125
81.85762972207554,0.125
81.85767772284356,0.1125
81.85772572361158,0.107499994
81.85777372437958,0.107499994
81.8578217251476,0.1175
81.8578697259156,0.107499994
81.85791772668362,0.0975
81.85796572745163,0.085
81.85801372821965,0.082499996
81.85806172898766,0.0875
81.85810972975567,0.0775
81.85815773052369,0.08
81.85820573129169,0.067499995
81.85825373205971,0.08
81.85830173282773,0.0775
81.85834973359573,0.0775
81.85839773436375,0.082499996
81.85844573513175,0.08
81.85849373589977,0.0925
81.85854173666777,0.08
81.85858973743579,0.085
81.85863773820381,0.089999996
81.85868573897181,0.0975
81.85873373973983,0.0875
81.85878174050784,0.1025
81.85882974127585,0.107499994
81.85887774204387,0.1125
81.85892574281188,0.099999994
81.8589737435799,0.095
81.8590217443479,0.095
81.85906974511592,0.082499996
81.85911774588394,0.085
81.85916574665194,0.089999996
81.85921374741996,0.08
81.85926174818796,0.082499996
81.85930974895598,0.082499996
81.85935774972398,0.085
81.859405750492,0.1025
81.85945375126002,0.089999996
81.85950175202802,0.107499994
81.85954975279604,0.107499994
81.85959775356405,0.105
81.85964575433206,0.12
81.85969375510008,0.1125
81.85974175586809,0.107499994
81.8597897566361,0.11
81.85983775740411,0.1125
81.85988575817213,0.11
81.85993375894014,0.099999994
81.85998175970815,0.105
81.86002976047617,0.11
81.86007776124417,0.114999995
81.86012576201219,0.107499994
81.86017376278019,0.114999995
81.86022176354821,0.105
81.86026976431623,0.1175
81.86031776508423,0.1175
81.86036576585225,0.114999995
81.86041376662025,0.1125
81.86046176738827,0.0975
81.86050976815629,0.1125
81.8605577689243,0.1025
81.86060576969231,0.11
81.86065377046032,0.11
81.86070177122834,0.1175
81.86074977199635,0.11
81.86079777276436,0.107499994
81.86084577353238,0.11
81.86089377430038,0.11
81.8609417750684,0.114999995
81.8609897758364,0.1175
81.86103777660442,0.125
81.86108577737244,0.1175
81.86113377814044,0.1275
81.86118177890846,0.1375
81.86122977967646,0.1425
81.86127778044448,0.1475
81.8613257812125,0.13499999
81.8613737819805,0.1275
81.86142178274852,0.125
81.86146978351653,0.14
81.86151778428454,0.12
81.86156578505256,0.1175
81.86161378582057,0.122499995
81.86166178658858,0.1125
81.86170978735659,0.1175
81.8617577881246,0.1125
81.86180578889261,0.122499995
81.86185378966063,0.1175
81.86190179042865,0.12
81.86194979119665,0.122499995
81.86199779196467,0.13499999
81.86204579273267,0.1325
81.86209379350069,0.13499999
81.86214179426871,0.13499999
81.86218979503671,0.1425
81.86223779580473,0.13499999
81.86228579657273,0.1375
81.86233379734075,0.1425
81.86238179810877,0.14
81.86242979887678,0.145
81.8624777996448,0.145
81.8625258004128,0.145
81.86257380118082,0.14
81.86262180194882,0.1475
81.86266980271684,0.1425
81.86271780348486,0.1525
81.86276580425286,0.1425
81.86281380502088,0.1375
81.86286180578888,0.1475
81.8629098065569,0.1475
81.86295780732492,0.14999999
81.86300580809292,0.14999999
81.86305380886094,0.145
81.86310180962894,0.155
81.86314981039696,0.1525
81.86319781116498,0.1425
81.86324581193298,0.14999999
81.863293812701,0.145
81.863341813469,0.145
81.86338981423702,0.145
81.86343781500503,0.14
81.86348581577305,0.145
81.86353381654106,0.1375
81.86358181730907,0.14999999
81.86362981807709,0.1475
81.86367781884509,0.14999999
81.86372581961311,0.14999999
81.86377382038113,0.14999999
81.86382182114913,0.1425
81.86386982191715,0.14
81.86391782268515,0.1425
81.86396582345317,0.1475
81.86401382422119,0.1425
81.8640618249892,0.14
81.86410982575721,0.13
81.86415782652522,0.145
81.86420582729323,0.1375
81.86425382806124,0.1475
81.86430182882926,0.1475
81.86434982959727,0.1575
81.86439783036528,0.155
81.8644458311333,0.1475
81.8644938319013,0.14999999
81.86454183266932,0.1475
81.86458983343734,0.14
81.86463783420534,0.145
81.86468583497336,0.1375
81.86473383574136,0.1475
81.86478183650938,0.155
81.8648298372774,0.1375
81.8648778380454,0.1375
81.86492583881342,0.13499999
81.86497383958142,0.13499999
81.86502184034944,0.1275
81.86506984111745,0.13
81.86511784188546,0.1275
81.86516584265348,0.125
81.86521384342149,0.1325
81.8652618441895,0.1325
81.86530984495751,0.13499999
81.86535784572553,0.13499999
81.86540584649354,0.1375
81.86545384726155,0.1375
81.86550184802957,0.1375
81.86554984879757,0.1425
81.86559784956559,0.1325
81.8656458503336,0.13499999
81.86569385110161,0.13499999
81.86574185186963,0.122499995
81.86578985263763,0.1275
81.86583785340565,0.1325
81.86588585417365,0.122499995
81.86593385494167,0.125
81.86598185570969,0.12
81.8660298564777,0.125
81.86607785724571,0.1325
81.86612585801372,0.13499999
81.86617385878174,0.13
81.86622185954975,0.1375
81.86626986031776,0.1525
81.86631786108578,0.1575
81.86636586185378,0.155
81.8664138626218,0.1575
81.86646186338982,0.16
81.86650986415782,0.155
81.86655786492584,0.1525
81.86660586569384,0.16
81.86665386646186,0.1575
81.86670186722986,0.14999999
81.86674986799788,0.1525
81.8667978687659,0.1375
81.8668458695339,0.16
81.86689387030192,0.14
81.86694187106993,0.14999999
81.86698987183794,0.1425
81.86703787260596,0.1375
81.86708587337397,0.1275
81.86713387414198,0.1275
81.86718187490999,0.12
81.867229875678,0.125
81.86727787644602,0.122499995
81.86732587721403,0.1275
81.86737387798205,0.1425
81.86742187875005,0.14
81.86746987951807,0.1325
81.86751788028607,0.13
81.86756588105409,0.1375
81.86761388182211,0.13
81.86766188259011,0.13
81.86770988335813,0.125
81.86775788412614,0.114999995
81.86780588489415,0.107499994
81.86785388566217,0.114999995
81.86790188643018,0.11
81.8679498871982,0.11
81.8679978879662,0.0975
81.86804588873422,0.105
81.86809388950223,0.099999994
81.86814189027024,0.1025
81.86818989103826,0.0975
81.86823789180626,0.1025
81.86828589257428,0.11
81.86833389334228,0.107499994
81.8683818941103,0.089999996
81.86842989487832,0.0975
81.86847789564632,0.0975
81.86852589641434,0.089999996
81.86857389718234,0.089999996
81.86862189795036,0.089999996
81.86866989871838,0.0875
81.86871789948638,0.08
81.8687659002544,0.0775
81.8688139010224,0.07
81.86886190179042,0.065
81.86890990255844,0.067499995
81.86895790332645,0.0725
81.86900590409446,0.0725
81.86905390486247,0.074999996
81.86910190563049,0.0775
81.86914990639849,0.0775
81.86919790716651,0.074999996
81.86924590793453,0.085
81.86929390870253,0.08
81.86934190947055,0.085
81.86938991023855,0.082499996
81.86943791100657,0.0875
81.86948591177459,0.089999996
81.8695339125426,0.085
81.86958191331061,0.07
81.86962991407862,0.08
81.86967791484663,0.089999996
81.86972591561465,0.1025
81.86977391638266,0.0875
81.86982191715067,0.105
81.86986991791868,0.107499994
81.8699179186867,0.1125
81.8699659194547,0.122499995
81.87001392022272,0.122499995
81.87006192099074,0.12
81.87010992175874,0.1275
81.87015792252676,0.122499995
81.87020592329476,0.122499995
81.87025392406278,0.1275
81.8703019248308,0.13
81.8703499255988,0.13
81.87039792636682,0.114999995
81.87044592713482,0.12
81.87049392790284,0.12
81.87054192867086,0.105
81.87058992943886,0.1025
81.87063793020688,0.105
81.87068593097489,0.105
81.8707339317429,0.11
81.87078193251091,0.1025
81.87082993327893,0.1125
81.87087793404694,0.099999994
81.87092593481495,0.099999994
81.87097393558297,0.0875
81.87102193635097,0.0975
81.87106993711899,0.095
81.871117937887,0.0925
81.87116593865501,0.0925
81.87121393942303,0.0875
81.87126194019103,0.095
81.87130994095905,0.0975
81.87135794172707,0.095
81.87140594249507,0.095
81.87145394326309,0.1025
81.8715019440311,0.082499996
81.87154994479911,0.0925
81.87159794556712,0.089999996
81.87164594633514,0.1025
81.87169394710315,0.1025
81.87174194787116,0.099999994
81.87178994863918,0.0975
81.87183794940718,0.105
81.8718859501752,0.095
81.87193395094322,0.1025
81.87198195171122,0.089999996
81.87202995247924,0.1025
81.87207795324724,0.0925
81.87212595401526,0.095
81.87217395478328,0.099999994
81.87222195555128,0.1025
81.8722699563193,0.099999994
81.8723179570873,0.095
81.87236595785532,0.0925
81.87241395862333,0.089999996
81.87246195939134,0.085
81.87250996015936,0.082499996
81.87255796092737,0.07
81.87260596169538,0.0725
81.87265396246339,0.0725
81.8727019632314,0.0775
81.87274996399942,0.08
81.87279796476743,0.0775
81.87284596553545,0.085
81.87289396630345,0.074999996
81.87294196707147,0.082499996
81.87298996783949,0.082499996
81.87303796860749,0.08
81.87308596937551,0.08
81.87313397014351,0.0775
81.87318197091153,0.082499996
81.87322997167954,0.0875
81.87327797244755,0.085
81.87332597321557,0.0875
81.87337397398358,0.08
81.8734219747516,0.0925
81.8734699755196,0.0925
81.87351797628762,0.089999996
81.87356597705563,0.0925
81.87361397782364,0.105
81.87366197859166,0.0875
81.87370997935966,0.08
81.87375798012768,0.085
81.8738059808957,0.085
81.8738539816637,0.08
81.87390198243172,0.0775
81.87394998319972,0.067499995
81.87399798396774,0.06
81.87404598473574,0.067499995
81.87409398550376,0.0625
81.87414198627178,0.065
81.87418998703978,0.06
81.8742379878078,0.067499995
81.8742859885758,0.07
81.87433398934382,0.0625
81.87438199011184,0.057499997
81.87442999087985,0.06
81.87447799164786,0.0725
81.87452599241587,0.074999996
81.87457399318389,0.0525
81.8746219939519,0.06
81.87466999471991,0.049999997
81.87471799548793,0.0625
81.87476599625593,0.055
81.87481399702395,0.0625
81.87486199779195,0.065
81.87490999855997,0.0625
81.87495799932799,0.07
81.875006000096,0.074999996
81.87505400086401,0.0775
81.87510200163202,0.0875
81.87515000240003,0.089999996
81.87519800316805,0.0975
81.87524600393606,0.095
81.87529400470407,0.099999994
81.87534200547208,0.105
81.8753900062401,0.107499994
81.87543800700811,0.11
81.87548600777612,0.125
81.87553400854414,0.13
81.87558200931214,0.1325
81.87563001008016,0.1175
81.87567801084816,0.099999994
81.87572601161618,0.0925
81.8757740123842,0.099999994
81.8758220131522,0.105
81.87587001392022,0.099999994
81.87591801468822,0.089999996
81.87596601545624,0.095
81.87601401622426,0.0875
81.87606201699226,0.089999996
81.87611001776028,0.095
81.87615801852829,0.095
81.8762060192963,0.0925
81.87625402006432,0.1025
81.87630202083233,0.1025
81.87635002160035,0.099999994
81.87639802236835,0.08
81.87644602313637,0.08
81.87649402390437,0.067499995
81.87654202467239,0.07
81.87659002544041,0.07
81.87663802620841,0.065
81.87668602697643,0.06
81.87673402774443,0.06
81.87678202851245,0.0625
81.87683002928047,0.0625
81.87687803004847,0.0525
81.87692603081649,0.049999997
81.8769740315845,0.055
81.87702203235251,0.0525
81.87707003312053,0.057499997
81.87711803388854,0.055
81.87716603465655,0.0475
81.87721403542456,0.049999997
81.87726203619258,0.0425
81.87731003696058,0.0425
81.8773580377286,0.049999997
81.87740603849662,0.044999998
81.87745403926462,0.044999998
81.87750204003264,0.0425
81.87755004080064,0.04
81.87759804156866,0.04
81.87764604233668,0.04
81.87769404310468,0.055
81.8777420438727,0.044999998
81.8777900446407,0.0525
81.87783804540872,0.0625
81.87788604617674,0.0725
81.87793404694474,0.074999996
81.87798204771276,0.074999996
81.87803004848077,0.0725
81.87807804924878,0.08
81.87812605001679,0.074999996
81.8781740507848,0.074999996
81.87822205155283,0.067499995
81.87827005232083,0.0625
81.87831805308885,0.067499995
81.87836605385685,0.057499997
81.87841405462487,0.07
81.87846205539289,0.065
81.87851005616089,0.065
81.87855805692891,0.065
81.87860605769691,0.0775
81.87865405846493,0.065
81.87870205923295,0.0775
81.87875006000095,0.089999996
81.87879806076897,0.089999996
81.87884606153698,0.089999996
81.878894062305,0.0875
81.878942063073,0.0875
81.87899006384102,0.082499996
81.87903806460903,0.082499996
81.87908606537704,0.085
81.87913406614506,0.082499996
81.87918206691306,0.082499996
81.87923006768108,0.0925
81.8792780684491,0.0875
81.8793260692171,0.085
81.87937406998512,0.0875
81.87942207075312,0.0975
81.87947007152114,0.089999996
81.87951807228916,0.089999996
81.87956607305716,0.095
81.87961407382518,0.099999994
81.87966207459318,0.1025
81.8797100753612,0.089999996
81.8797580761292,0.0975
81.87980607689722,0.107499994
81.87985407766524,0.099999994
81.87990207843325,0.0925
81.87995007920127,0.095
81.87999807996927,0.0975
81.88004608073729,0.105
81.8800940815053,0.0975
81.88014208227331,0.0925
81.88019008304133,0.1025
81.88023808380933,0.107499994
81.88028608457735,0.1025
81.88033408534535,0.0975
81.88038208611337,0.1025
81.88043008688139,0.095
81.8804780876494,0.0975
81.88052608841741,0.099999994
81.88057408918542,0.0875
81.88062208995343,0.099999994
81.88067009072145,0.0925
81.88071809148946,0.0925
81.88076609225747,0.0975
81.88081409302548,0.095
81.8808620937935,0.085
81.88091009456151,0.089999996
81.88095809532952,0.0975
81.88100609609754,0.089999996
81.88105409686554,0.0875
81.88110209763356,0.095
81.88115009840156,0.085
81.88119809916958,0.089999996
81.8812460999376,0.08
81.8812941007056,0.08
81.88134210147362,0.0875
81.88139010224162,0.089999996
81.88143810300964,0.095
81.88148610377766,0.082499996
81.88153410454566,0.085
81.88158210531368,0.0925
81.88163010608169,0.095
81.8816781068497,0.089999996
81.88172610761772,0.0975
81.88177410838573,0.0925
81.88182210915375,0.107499994
81.88187010992175,0.107499994
81.88191811068977,0.105
81.88196611145777,0.11
81.88201411222579,0.11
81.88206211299381,0.1175
81.88211011376181,0.105
81.88215811452983,0.105
81.88220611529783,0.1175
81.88225411606585,0.122499995
81.88230211683387,0.122499995
81.88235011760187,0.1275
81.88239811836989,0.14
81.8824461191379,0.1525
81.88249411990591,0.1525
81.88254212067393,0.155
81.88259012144194,0.1575
81.88263812220995,0.16
81.88268612297796,0.16749999
81.88273412374598,0.1625
81.88278212451398,0.16749999
81.882830125282,0.1575
81.88287812605002,0.175
81.88292612681802,0.1925
81.88297412758604,0.1925
81.88302212835404,0.19999999
81.88307012912206,0.195
81.88311812989008,0.19999999
81.88316613065808,0.2025
81.8832141314261,0.195
81.8832621321941,0.19999999
81.88331013296212,0.17999999
81.88335813373014,0.19999999
81.88340613449814,0.1875
81.88345413526616,0.1875
81.88350213603417,0.19
81.88355013680219,0.17
81.88359813757019,0.18249999
81.88364613833821,0.16499999
81.88369413910623,0.1625
81.88374213987423,0.1575
81.88379014064225,0.1425
81.88383814141025,0.13499999
81.88388614217827,0.13
81.88393414294629,0.13
81.88398214371429,0.1425
81.88403014448231,0.1425
81.88407814525031,0.13
81.88412614601833,0.1275
81.88417414678635,0.12
81.88422214755435,0.12
81.88427014832237,0.107499994
81.88431814909038,0.0975
81.8843661498584,0.1025
81.8844141506264,0.089999996
81.88446215139442,0.089999996
81.88451015216243,0.0775
81.88455815293044,0.067499995
81.88460615369846,0.0625
81.88465415446646,0.067499995
81.88470215523448,0.067499995
81.8847501560025,0.0475
81.8847981567705,0.0525
81.88484615753852,0.049999997
81.88489415830652,0.037499998
81.88494215907454,0.0525
81.88499015984256,0.0425
81.88503816061056,0.0325
81.88508616137858,0.03
81.88513416214658,0.035
81.8851821629146,0.03
81.8852301636826,0.024999999
81.88527816445063,0.022499999
81.88532616521864,0.02
81.88537416598665,0.0175
81.88542216675467,0.015
81.88547016752267,0.012499999
81.88551816829069,0.0025
81.8855661690587,0.01
81.88561416982671,0.02
81.88566217059473,0.024999999
81.88571017136273,0.0175
81.88575817213075,0.0275
81.88580617289877,0.02
81.88585417366677,0.0175
81.88590217443479,0.0075
81.8859501752028,0.0275
81.88599817597081,0.024999999
81.88604617673882,0.022499999
81.88609417750683,0.0175
81.88614217827485,0.02
81.88619017904286,0.0075
81.88623817981087,0.005
81.88628618057888,-0.0025
81.8863341813469,0.01
81.88638218211491,0.0075
81.88643018288292,0.012499999
81.88647818365094,0.0275
81.88652618441894,0.0175
81.88657418518696,0.02
81.88662218595498,0.0325
81.88667018672298,0.04
81.886718187491,0.03
81.886766188259,0.037499998
81.88681418902702,0.0275
81.88686218979502,0.0275
81.88691019056304,0.02
81.88695819133106,0.022499999
81.88700619209907,0.015
81.88705419286708,0.022499999
81.88710219363509,0.0175
81.8871501944031,0.01
81.88719819517112,-0.005
81.88724619593913,0.0
81.88729419670715,-0.0025
81.88734219747515,0.0
81.88739019824317,0.01
81.88743819901119,0.012499999
81.88748619977919,0.0175
81.88753420054721,0.01
81.88758220131521,0.01
81.88763020208323,0.0075
81.88767820285123,0.0075
81.88772620361925,0.01
81.88777420438727,0.012499999
81.88782220515527,0.015
81.88787020592329,0.02
81.8879182066913,0.022499999
81.88796620745931,0.022499999
81.88801420822733,0.02
81.88806220899534,0.024999999
81.88811020976335,0.024999999
81.88815821053136,0.022499999
81.88820621129938,0.0275
81.8882542120674,0.024999999
81.8883022128354,0.03
81.88835021360342,0.024999999
81.88839821437142,0.0325
81.88844621513944,0.0275
81.88849421590744,0.0325
81.88854221667546,0.035
81.88859021744348,0.024999999
81.88863821821148,0.024999999
81.8886862189795,0.0325
81.8887342197475,0.0325
81.88878222051552,0.0325
81.88883022128354,0.0325
81.88887822205155,0.0325
81.88892622281956,0.0325
81.88897422358757,0.037499998
81.88902222435559,0.035
81.8890702251236,0.0425
81.88911822589161,0.0425
81.88916622665963,0.04
81.88921422742763,0.037499998
81.88926222819565,0.04
81.88931022896365,0.04
81.88935822973167,0.0275
81.88940623049969,0.035
81.88945423126769,0.0325
81.88950223203571,0.0275
81.88955023280371,0.0325
81.88959823357173,0.035
81.88964623433975,0.035
81.88969423510775,0.0325
81.88974223587577,0.024999999
81.88979023664378,0.035
81.8898382374118,0.03
81.88988623817981,0.037499998
81.88993423894782,0.0325
81.88998223971583,0.035
81.89003024048384,0.035
81.89007824125186,0.0275
81.89012624201986,0.03
81.89017424278788,0.037499998
81.8902222435559,0.024999999
81.8902702443239,0.024999999
81.89031824509192,0.024999999
81.89036624585992,0.02
81.89041424662794,0.02
81.89046224739596,0.015
81.89051024816396,0.012499999
81.89055824893198,0.01
81.89060624969999,0.012499999
81.890654250468,0.0025
81.89070225123602,0.0025
81.89075025200403,-0.0025
81.89079825277204,0.0
81.89084625354005,0.0025
81.89089425430807,0.0
81.89094225507607,0.005
81.89099025584409,0.0025
81.8910382566121,-0.0025
81.89108625738011,-0.01
81.89113425814813,-0.005
81.89118225891613,0.0025
81.89123025968415,-0.0025
81.89127826045217,-0.02
81.89132626122017,-0.035
81.89137426198819,-0.035
81.8914222627562,-0.03
81.89147026352421,-0.0325
81.89151826429223,-0.037499998
81.89156626506023,-0.04
81.89161426582825,-0.035
81.89166226659626,-0.022499999
81.89171026736427,-0.0175
81.89175826813228,-0.02
81.8918062689003,-0.015
81.89185426966831,-0.0075
81.89190227043632,-0.0075
81.89195027120434,-0.012499999
81.89199827197234,-0.0025
81.89204627274036,0.0025
81.89209427350838,0.012499999
81.89214227427638,0.0175
81.8921902750444,0.0175
81.8922382758124,0.015
81.89228627658042,0.0
81.89233427734844,-0.0025
81.89238227811644,-0.0075
81.89243027888446,-0.0075
81.89247827965247,-0.01
81.89252628042048,0.0
81.89257428118849,-0.0075
81.8926222819565,-0.02
81.89267028272452,-0.0175
81.89271828349253,-0.0175
81.89276628426055,-0.02
81.89281428502855,-0.015
81.89286228579657,-0.005
81.89291028656459,-0.015
81.89295828733259,-0.01
81.89300628810061,-0.022499999
81.89305428886861,-0.015
81.89310228963663,-0.0075
81.89315029040465,-0.0025
81.89319829117265,-0.0075
81.89324629194067,-0.022499999
81.89329429270867,-0.022499999
81.89334229347669,-0.02
81.8933902942447,-0.0275
81.89343829501271,-0.022499999
81.89348629578073,-0.03
81.89353429654874,-0.03
81.89358229731675,-0.03
81.89363029808476,-0.0325
81.89367829885278,-0.0275
81.8937262996208,-0.022499999
81.8937743003888,-0.024999999
81.89382230115682,-0.015
81.89387030192482,-0.0325
81.89391830269284,-0.03
81.89396630346086,-0.03
81.89401430422886,-0.037499998
81.89406230499688,-0.04
81.89411030576488,-0.055
81.8941583065329,-0.049999997
81.8942063073009,-0.0475
81.89425430806892,-0.055
81.89430230883694,-0.0475
81.89435030960495,-0.049999997
81.89439831037296,-0.06
81.89444631114097,-0.0475
81.89449431190899,-0.04
81.894542312677,-0.0275
81.89459031344501,-0.022499999
81.89463831421303,-0.02
81.89468631498103,-0.0325
81.89473431574905,-0.037499998
81.89478231651707,-0.037499998
81.89483031728507,-0.0425
81.89487831805309,-0.049999997
81.89492631882109,-0.057499997
81.89497431958911,-0.065
81.89502232035711,-0.0525
81.89507032112513,-0.057499997
81.89511832189315,-0.055
81.89516632266115,-0.049999997
81.89521432342917,-0.0525
81.89526232419718,-0.06
81.8953103249652,-0.06
81.89535832573321,-0.044999998
81.89540632650122,-0.044999998
81.89545432726923,-0.055
81.89550232803724,-0.044999998
81.89555032880526,-0.04
81.89559832957328,-0.0425
81.89564633034128,-0.0525
81.8956943311093,-0.049999997
81.8957423318773,-0.049999997
81.89579033264532,-0.0475
81.89583833341332,-0.04
81.89588633418134,-0.0525
81.89593433494936,-0.044999998
81.89598233571736,-0.03
81.89603033648538,-0.035
81.89607833725339,-0.0275
81.8961263380214,-0.022499999
81.89617433878942,-0.0175
81.89622233955743,-0.024999999
81.89627034032544,-0.02
81.89631834109345,-0.005
81.89636634186147,-0.0075
81.89641434262948,-0.0025
81.89646234339749,0.0
81.8965103441655,0.0
81.89655834493351,0.0025
81.89660634570153,0.012499999
81.89665434646953,-0.0075
81.89670234723755,0.01
81.89675034800557,0.005
81.89679834877357,-0.005
81.89684634954159,0.005
81.8968943503096,0.012499999
81.89694235107761,0.0175
81.89699035184563,0.0175
81.89703835261363,0.0175
81.89708635338165,0.0175
81.89713435414966,0.015
81.89718235491767,0.0175
81.89723035568569,0.0175
81.8972783564537,0.012499999
81.89732635722171,0.012499999
81.89737435798972,0.022499999
81.89742235875774,0.03
81.89747035952574,0.022499999
81.89751836029376,0.022499999
81.89756636106178,0.024999999
81.89761436182978,0.035
81.8976623625978,0.035
81.8977103633658,0.035
81.89775836413382,0.035
81.89780636490184,0.03
81.89785436566984,0.035
81.89790236643786,0.0275
81.89795036720587,0.04
81.89799836797388,0.035
81.8980463687419,0.0275
81.8980943695099,0.02
81.89814237027792,0.0275
81.89819037104593,0.03
81.89823837181395,0.03
81.89828637258195,0.024999999
81.89833437334997,0.022499999
81.89838237411799,0.037499998
81.89843037488599,0.02
81.89847837565401,0.03
81.89852637642201,0.022499999
81.89857437719003,0.015
81.89862237795805,0.02
81.89867037872605,0.02
81.89871837949407,0.012499999
81.89876638026207,0.012499999
81.89881438103009,0.015
81.89886238179811,0.015
81.89891038256611,0.005
81.89895838333413,0.0025
81.89900638410214,0.0
81.89905438487015,0.0025
81.89910238563816,0.0075
81.89915038640618,0.01
81.8991983871742,0.015
81.8992463879422,0.0075
81.89929438871022,0.01
81.89934238947822,0.0025
81.89939039024624,0.012499999
81.89943839101426,0.012499999
81.89948639178226,0.015
81.89953439255028,0.02
81.89958239331828,0.02
81.8996303940863,0.03
81.89967839485432,0.037499998
81.89972639562232,0.035
81.89977439639034,0.04
81.89982239715835,0.037499998
81.89987039792636,0.044999998
81.89991839869437,0.037499998
81.89996639946239,0.0425
81.9000144002304,0.037499998
81.90006240099841,0.03
81.90011040176643,0.037499998
81.90015840253443,0.04
81.90020640330245,0.0475
81.90025440407047,0.035
81.90030240483847,0.03
81.90035040560649,0.0275
81.90039840637449,0.022499999
81.90044640714251,0.024999999
81.90049440791053,0.022499999
81.90054240867853,0.02
81.90059040944655,0.0175
81.90063841021455,0.044999998
81.90068641098257,0.04
81.90073441175058,0.044999998
81.9007824125186,0.04
81.90083041328661,0.04
81.90087841405462,0.0475
81.90092641482264,0.0475
81.90097441559064,0.0325
81.90102241635866,0.035
81.90107041712668,0.035
81.90111841789468,0.044999998
81.9011664186627,0.044999998
81.9012144194307,0.037499998
81.90126242019872,0.04
81.90131042096674,0.0425
81.90135842173474,0.03
81.90140642250276,0.0425
81.90145442327076,0.037499998
81.90150242403878,0.04
81.90155042480679,0.037499998
81.9015984255748,0.0425
81.90164642634282,0.0525
81.90169442711083,0.044999998
81.90174242787884,0.04
81.90179042864685,0.044999998
81.90183842941487,0.0425
81.90188643018288,0.044999998
81.90193443095089,0.0325
81.9019824317189,0.037499998
81.90203043248691,0.02
81.90207843325493,0.015
81.90212643402293,0.02
81.90217443479095,0.02
81.90222243555897,0.0275
81.90227043632697,0.03
81.90231843709499,0.022499999
81.902366437863,0.022499999
81.90241443863101,0.035
81.90246243939903,0.0325
81.90251044016703,0.0325
81.90255844093505,0.012499999
81.90260644170306,0.02
81.90265444247107,0.024999999
81.9027024432391,0.024999999
81.9027504440071,0.024999999
81.90279844477512,0.02
81.90284644554312,0.01
81.90289444631114,0.012499999
81.90294244707914,-0.0025
81.90299044784716,0.005
81.90303844861518,0.012499999
81.90308644938318,0.0175
81.9031344501512,0.02
81.9031824509192,0.015
81.90323045168722,0.022499999
81.90327845245524,0.0275
81.90332645322324,0.03
81.90337445399126,0.024999999
81.90342245475927,0.02
81.90347045552728,0.015
81.9035184562953,0.012499999
81.9035664570633,0.0175
81.90361445783132,0.01
81.90366245859933,-0.0025
81.90371045936735,-0.012499999
81.90375846013535,-0.012499999
81.90380646090337,-0.012499999
81.90385446167139,-0.015
81.90390246243939,-0.022499999
81.90395046320741,-0.02
81.90399846397541,-0.0275
81.90404646474343,-0.03
81.90409446551145,-0.0275
81.90414246627945,-0.024999999
81.90419046704747,-0.03
81.90423846781547,-0.035
81.90428646858349,-0.0325
81.90433446935151,-0.035
81.90438247011951,-0.035
81.90443047088753,-0.03
81.90447847165554,-0.035
81.90452647242356,-0.037499998
81.90457447319156,-0.044999998
81.90462247395958,-0.0425
81.9046704747276,-0.0275
81.9047184754956,-0.0425
81.90476647626362,-0.044999998
81.90481447703162,-0.035
81.90486247779964,-0.04
81.90491047856766,-0.0325
81.90495847933566,-0.0325
81.90500648010368,-0.0275
81.90505448087168,-0.0425
81.9051024816397,-0.037499998
81.90515048240772,-0.03
81.90519848317572,-0.037499998
81.90524648394374,-0.03
81.90529448471175,-0.0475
81.90534248547976,-0.04
81.90539048624777,-0.037499998
81.90543848701579,-0.04
81.9054864877838,-0.0425
81.90553448855181,-0.0475
81.90558248931983,-0.0425
81.90563049008783,-0.044999998
81.90567849085585,-0.044999998
81.90572649162387,-0.049999997
81.90577449239187,-0.049999997
81.90582249315989,-0.049999997
81.90587049392789,-0.0475
81.90591849469591,-0.055
81.90596649546393,-0.057499997
81.90601449623193,-0.049999997
81.90606249699995,-0.057499997
81.90611049776795,-0.067499995
81.90615849853597,-0.0625
81.90620649930398,-0.055
81.906254500072,-0.044999998
81.90630250084001,-0.055
81.90635050160802,-0.055
81.90639850237604,-0.06
81.90644650314404,-0.057499997
81.90649450391206,-0.057499997
81.90654250468008,-0.055
81.90659050544808,-0.057499997
81.9066385062161,-0.057499997
81.9066865069841,-0.065
81.90673450775212,-0.055
81.90678250852014,-0.0475
81.90683050928814,-0.057499997
81.90687851005616,-0.057499997
81.90692651082416,-0.055
81.90697451159218,-0.065
81.90702251236019,-0.057499997
81.9070705131282,-0.065
81.90711851389622,-0.0725
81.90716651466423,-0.067499995
81.90721451543224,-0.074999996
81.90726251620025,-0.067499995
81.90731051696827,-0.0775
81.90735851773628,-0.0875
81.90740651850429,-0.082499996
81.9074545192723,-0.089999996
81.90750252004031,-0.089999996
81.90755052080833,-0.089999996
81.90759852157635,-0.1025
81.90764652234435,-0.0975
81.90769452311237,-0.099999994
81.90774252388037,-0.1025
81.90779052464839,-0.1125
81.9078385254164,-0.105
81.90788652618441,-0.1025
81.90793452695243,-0.122499995
81.90798252772043,-0.1275
81.90803052848845,-0.13499999
81.90807852925646,-0.13
81.90812653002448,-0.122499995
81.9081745307925,-0.13
81.9082225315605,-0.13499999
81.90827053232852,-0.125
81.90831853309652,-0.122499995
81.90836653386454,-0.12
81.90841453463256,-0.11
81.90846253540056,-0.122499995
81.90851053616858,-0.1125
81.90855853693658,-0.11
81.9086065377046,-0.105
81.9086545384726,-0.0925
81.90870253924062,-0.089999996
81.90875054000864,-0.0975
81.90879854077664,-0.095
81.90884654154466,-0.0925
81.90889454231267,-0.1025
81.90894254308068,-0.0975
81.9089905438487,-0.1125
81.9090385446167,-0.1275
81.90908654538472,-0.114999995
81.90913454615273,-0.122499995
81.90918254692075,-0.1175
81.90923054768876,-0.13
81.90927854845677,-0.1325
81.90932654922479,-0.13
81.90937454999279,-0.1175
81.90942255076081,-0.1175
81.90947055152881,-0.122499995
81.90951855229683,-0.114999995
81.90956655306485,-0.1125
81.90961455383285,-0.105
81.90966255460087,-0.105
81.90971055536887,-0.0975
81.9097585561369,-0.105
81.90980655690491,-0.1025
81.90985455767292,-0.1125
81.90990255844093,-0.107499994
81.90995055920894,-0.1125
81.90999855997696,-0.1275
81.91004656074497,-0.1175
81.91009456151298,-0.12
81.910142562281,-0.11
81.910190563049,-0.114999995
81.91023856381702,-0.1125
81.91028656458502,-0.1125
81.91033456535304,-0.11
81.91038256612106,-0.0975
81.91043056688906,-0.0925
81.91047856765708,-0.099999994
81.91052656842508,-0.0975
81.9105745691931,-0.095
81.91062256996112,-0.0925
81.91067057072912,-0.0875
81.91071857149714,-0.089999996
81.91076657226515,-0.095
81.91081457303316,-0.099999994
81.91086257380118,-0.099999994
81.91091057456919,-0.099999994
81.9109585753372,-0.105
81.91100657610521,-0.0975
81.91105457687323,-0.1025
81.91110257764123,-0.0925
81.91115057840925,-0.0875
81.91119857917727,-0.074999996
81.91124657994527,-0.065
81.91129458071329,-0.055
81.91134258148129,-0.057499997
81.91139058224931,-0.0625
81.91143858301733,-0.055
81.91148658378533,-0.057499997
81.91153458455335,-0.06
81.91158258532136,-0.055
81.91163058608937,-0.057499997
81.91167858685739,-0.06
81.9117265876254,-0.057499997
81.91177458839341,-0.057499997
81.91182258916142,-0.0625
81.91187058992944,-0.0475
81.91191859069744,-0.0425
81.91196659146546,-0.0425
81.91201459223348,-0.037499998
81.91206259300148,-0.0275
81.9121105937695,-0.024999999
81.9121585945375,-0.02
81.91220659530552,-0.015
81.91225459607354,-0.012499999
81.91230259684154,-0.015
81.91235059760956,-0.02
81.91239859837756,-0.022499999
81.91244659914558,-0.02
81.9124945999136,-0.01
81.9125426006816,-0.01
81.91259060144962,-0.0075
81.91263860221763,0.0
81.91268660298564,0.0025
81.91273460375365,-0.005
81.91278260452167,0.0075
81.91283060528968,0.012499999
81.91287860605769,0.0175
81.9129266068257,0.0075
81.91297460759371,0.015
81.91302260836173,0.02
81.91307060912975,0.012499999
81.91311860989775,0.0175
81.91316661066577,0.0175
81.91321461143377,0.02
81.91326261220179,0.03
81.91331061296981,0.0175
81.91335861373781,0.03
81.91340661450583,0.0425
81.91345461527384,0.035
81.91350261604185,0.04
81.91355061680986,0.0475
81.91359861757788,0.055
81.9136466183459,0.0525
81.9136946191139,0.065
81.91374261988192,0.06
81.91379062064992,0.0625
81.91383862141794,0.0625
81.91388662218596,0.07
81.91393462295396,0.0725
81.91398262372198,0.0725
81.91403062448998,0.08
81.914078625258,0.074999996
81.91412662602602,0.085
81.91417462679402,0.085
81.91422262756204,0.089999996
81.91427062833004,0.0975
81.91431862909806,0.0975
81.91436662986607,0.099999994
81.91441463063408,0.1025
81.9144626314021,0.107499994
81.9145106321701,0.11
81.91455863293812,0.12
81.91460663370613,0.107499994
81.91465463447415,0.1175
81.91470263524216,0.107499994
81.91475063601017,0.1175
81.91479863677819,0.114999995
81.91484663754619,0.107499994
81.91489463831421,0.1125
81.91494263908223,0.114999995
81.91499063985023,0.1175
81.91503864061825,0.1125
81.91508664138625,0.12
81.91513464215427,0.114999995
81.91518264292228,0.122499995
81.9152306436903,0.13
81.91527864445831,0.1275
81.91532664522632,0.1125
81.91537464599433,0.122499995
81.91542264676234,0.1175
81.91547064753036,0.122499995
81.91551864829837,0.125
81.91556664906638,0.12
81.9156146498344,0.122499995
81.9156626506024,0.1175
81.91571065137042,0.125
81.91575865213844,0.1375
81.91580665290644,0.13499999
81.91585465367446,0.1375
81.91590265444246,0.1525
81.91595065521048,0.1425
81.91599865597848,0.145
81.9160466567465,0.1625
81.91609465751452,0.16499999
81.91614265828252,0.16499999
81.91619065905054,0.16749999
81.91623865981855,0.1625
81.91628666058656,0.17999999
81.91633466135458,0.1925
81.91638266212259,0.1875
81.9164306628906,0.17999999
81.91647866365861,0.19
81.91652666442663,0.185
81.91657466519464,0.1875
81.91662266596265,0.18249999
81.91667066673067,0.16749999
81.91671866749867,0.16749999
81.91676666826669,0.17
81.9168146690347,0.16749999
81.91686266980271,0.18249999
81.91691067057073,0.1725
81.91695867133873,0.16749999
81.91700667210675,0.16499999
81.91705467287476,0.155
81.91710267364277,0.155
81.91715067441079,0.155
81.9171986751788,0.14999999
81.91724667594681,0.1475
81.91729467671482,0.1525
81.91734267748284,0.17
81.91739067825085,0.1775
81.91743867901886,0.16749999
81.91748667978688,0.17
81.91753468055488,0.16499999
81.9175826813229,0.17
81.9176306820909,0.1625
81.91767868285892,0.17
81.91772668362694,0.16
81.91777468439494,0.17
81.91782268516296,0.1625
81.91787068593096,0.1625
81.91791868669898,0.1625
81.917966687467,0.1575
81.918014688235,0.1525
81.91806268900302,0.16
81.91811068977103,0.155
81.91815869053904,0.1525
81.91820669130706,0.1575
81.91825469207507,0.16
81.91830269284308,0.16
81.91835069361109,0.16
81.9183986943791,0.16
81.91844669514711,0.1625
81.91849469591513,0.1575
81.91854269668315,0.1625
81.91859069745115,0.16
81.91863869821917,0.14999999
81.91868669898717,0.1575
81.91873469975519,0.155
81.91878270052321,0.155
81.91883070129121,0.145
81.91887870205923,0.1475
81.91892670282724,0.1475
81.91897470359525,0.1575
81.91902270436327,0.1575
81.91907070513128,0.1525
81.9191187058993,0.16
81.9191667066673,0.1525
81.91921470743532,0.155
81.91926270820332,0.14999999
81.91931070897134,0.16
81.91935870973936,0.1625
81.91940671050736,0.1475
81.91945471127538,0.14
81.91950271204338,0.1425
81.9195507128114,0.1375
81.91959871357942,0.1275
81.91964671434742,0.1125
81.91969471511544,0.125
81.91974271588344,0.1325
81.91979071665146,0.13
81.91983871741948,0.13
81.91988671818748,0.13
81.9199347189555,0.1475
81.9199827197235,0.145
81.92003072049152,0.14999999
81.92007872125953,0.14999999
81.92012672202755,0.16
81.92017472279557,0.14999999
81.92022272356357,0.1525
81.92027072433159,0.1475
81.92031872509959,0.13499999
81.92036672586761,0.122499995
81.92041472663563,0.12
81.92046272740363,0.11
81.92051072817165,0.0975
81.92055872893965,0.0975
81.92060672970767,0.099999994
81.92065473047569,0.1025
81.9207027312437,0.11
81.92075073201171,0.1025
81.92079873277972,0.105
81.92084673354773,0.105
81.92089473431574,0.095
81.92094273508376,0.082499996
81.92099073585177,0.0775
81.92103873661978,0.085
81.9210867373878,0.089999996
81.9211347381558,0.08
81.92118273892382,0.082499996
81.92123073969184,0.0725
81.92127874045984,0.0725
81.92132674122786,0.074999996
81.92137474199586,0.067499995
81.92142274276388,0.0775
81.9214707435319,0.07
81.9215187442999,0.0725
81.92156674506792,0.0625
81.92161474583592,0.0625
81.92166274660394,0.0625
81.92171074737195,0.057499997
81.92175874813996,0.0475
81.92180674890798,0.049999997
81.92185474967599,0.057499997
81.921902750444,0.0625
81.92195075121201,0.055
81.92199875198003,0.055
81.92204675274805,0.044999998
81.92209475351605,0.044999998
81.92214275428407,0.049999997
81.92219075505207,0.044999998
81.92223875582009,0.037499998
81.92228675658811,0.0525
81.92233475735611,0.04
81.92238275812413,0.044999998
81.92243075889213,0.0425
81.92247875966015,0.044999998
81.92252676042816,0.044999998
81.92257476119617,0.044999998
81.92262276196419,0.035
81.9226707627322,0.04
81.92271876350021,0.04
81.92276676426822,0.035
81.92281476503624,0.035
81.92286276580425,0.037499998
81.92291076657226,0.0275
81.92295876734028,0.024999999
81.92300676810828,0.022499999
81.9230547688763,0.02
81.92310276964432,0.015
81.92315077041232,0.022499999
81.92319877118034,0.015
81.92324677194834,0.0175
81.92329477271636,0.0175
81.92334277348436,0.01
81.92339077425238,0.005
81.9234387750204,0.005
81.9234867757884,0.005
81.92353477655642,0.005
81.92358277732443,0.0075
81.92363077809244,0.0
81.92367877886046,-0.0075
81.92372677962847,0.0075
81.92377478039649,-0.0025
81.92382278116449,-0.005
81.92387078193251,-0.0025
81.92391878270051,-0.01
81.92396678346853,-0.015
81.92401478423655,-0.012499999
81.92406278500455,-0.0175
81.92411078577257,-0.0175
81.92415878654057,-0.022499999
81.92420678730859,-0.035
81.92425478807661,-0.037499998
81.92430278884461,-0.03
81.92435078961263,-0.024999999
81.92439879038064,-0.0325
81.92444679114865,-0.0425
81.92449479191667,-0.04
81.92454279268468,-0.0425
81.9245907934527,-0.0525
81.9246387942207,-0.07
81.92468679498872,-0.074999996
81.92473479575672,-0.082499996
81.92478279652474,-0.074999996
81.92483079729276,-0.08
81.92487879806076,-0.0875
81.92492679882878,-0.0975
81.92497479959678,-0.0975
81.9250228003648,-0.082499996
81.92507080113282,-0.085
81.92511880190082,-0.0775
81.92516680266884,-0.0925
81.92521480343684,-0.0775
81.92526280420486,-0.08
81.92531080497288,-0.0775
81.92535880574088,-0.0775
81.9254068065089,-0.067499995
81.9254548072769,-0.074999996
81.92550280804493,-0.065
81.92555080881293,-0.0625
81.92559880958095,-0.065
81.92564681034897,-0.0775
81.92569481111697,-0.065
81.92574281188499,-0.082499996
81.92579081265299,-0.07
81.92583881342101,-0.065
81.92588681418903,-0.07
81.92593481495703,-0.07
81.92598281572505,-0.08
81.92603081649305,-0.074999996
81.92607881726107,-0.08
81.92612681802909,-0.085
81.9261748187971,-0.082499996
81.92622281956511,-0.08
81.92627082033312,-0.08
81.92631882110113,-0.06
81.92636682186914,-0.07
81.92641482263716,-0.0725
81.92646282340517,-0.067499995
81.92651082417318,-0.067499995
81.9265588249412,-0.074999996
81.9266068257092,-0.0625
81.92665482647722,-0.0725
81.92670282724524,-0.074999996
81.92675082801324,-0.07
81.92679882878126,-0.08
81.92684682954926,-0.082499996
81.92689483031728,-0.074999996
81.9269428310853,-0.0725
81.9269908318533,-0.07
81.92703883262132,-0.0725
81.92708683338932,-0.0775
81.92713483415734,-0.07
81.92718283492535,-0.0725
81.92723083569336,-0.082499996
81.92727883646138,-0.08
81.92732683722939,-0.0925
81.9273748379974,-0.095
81.92742283876541,-0.085
81.92747083953343,-0.0925
81.92751884030145,-0.089999996
81.92756684106945,-0.085
81.92761484183747,-0.089999996
81.92766284260547,-0.095
81.92771084337349,-0.0875
81.92775884414151,-0.0975
81.92780684490951,-0.095
81.92785484567753,-0.082499996
81.92790284644553,-0.0725
81.92795084721355,-0.065
81.92799884798156,-0.065
81.92804684874957,-0.082499996
81.92809484951759,-0.074999996
81.9281428502856,-0.085
81.92819085105361,-0.082499996
81.92823885182162,-0.08
81.92828685258964,-0.0975
81.92833485335765,-0.107499994
81.92838285412566,-0.105
81.92843085489368,-0.1025
81.92847885566168,-0.1025
81.9285268564297,-0.099999994
81.92857485719772,-0.1025
81.92862285796572,-0.0925
81.92867085873374,-0.0875
81.92871885950174,-0.0775
81.92876686026976,-0.0775
81.92881486103776,-0.067499995
81.92886286180578,-0.07
81.9289108625738,-0.06
81.9289588633418,-0.07
81.92900686410982,-0.07
81.92905486487783,-0.07
81.92910286564585,-0.065
81.92915086641386,-0.065
81.92919886718187,-0.0625
81.92924686794989,-0.057499997
81.92929486871789,-0.06
81.92934286948591,-0.055
81.92939087025393,-0.06
81.92943887102193,-0.065
81.92948687178995,-0.057499997
81.92953487255795,-0.06
81.92958287332597,-0.065
81.92963087409397,-0.057499997
81.92967887486199,-0.057499997
81.92972687563001,-0.07
81.92977487639801,-0.065
81.92982287716603,-0.067499995
81.92987087793404,-0.0625
81.92991887870205,-0.07
81.92996687947007,-0.065
81.93001488023808,-0.07
81.9300628810061,-0.065
81.9301108817741,-0.074999996
81.93015888254212,-0.08
81.93020688331013,-0.0725
81.93025488407814,-0.07
81.93030288484616,-0.07
81.93035088561416,-0.067499995
81.93039888638218,-0.0725
81.93044688715018,-0.082499996
81.9304948879182,-0.065
81.93054288868622,-0.067499995
81.93059088945422,-0.0725
81.93063889022224,-0.07
81.93068689099024,-0.06
81.93073489175826,-0.074999996
81.93078289252628,-0.07
81.93083089329429,-0.067499995
81.9308788940623,-0.067499995
81.93092689483031,-0.07
81.93097489559833,-0.074999996
81.93102289636634,-0.07
81.93107089713435,-0.0625
81.93111889790237,-0.0625
81.93116689867037,-0.0625
81.93121489943839,-0.07
81.93126290020639,-0.065
81.93131090097441,-0.08
81.93135890174243,-0.082499996
81.93140690251043,-0.067499995
81.93145490327845,-0.0725
81.93150290404645,-0.074999996
81.93155090481447,-0.0775
81.93159890558249,-0.08
81.9316469063505,-0.08
81.93169490711851,-0.0875
81.93174290788652,-0.08
81.93179090865453,-0.082499996
81.93183890942255,-0.0925
81.93188691019056,-0.0925
81.93193491095857,-0.095
81.93198291172658,-0.099999994
81.9320309124946,-0.0925
81.9320789132626,-0.0975
81.93212691403062,-0.1025
81.93217491479864,-0.099999994
81.93222291556664,-0.105
81.93227091633466,-0.107499994
81.93231891710266,-0.099999994
81.93236691787068,-0.1125
81.9324149186387,-0.107499994
81.9324629194067,-0.107499994
81.93251092017472,-0.1175
81.93255892094272,-0.1125
81.93260692171074,-0.107499994
81.93265492247876,-0.1125
81.93270292324677,-0.122499995
81.93275092401478,-0.114999995
81.93279892478279,-0.13499999
81.9328469255508,-0.1275
81.93289492631881,-0.122499995
81.93294292708683,-0.114999995
81.93299092785485,-0.11
81.93303892862285,-0.114999995
81.93308692939087,-0.11
81.93313493015887,-0.12
81.93318293092689,-0.122499995
81.93323093169491,-0.114999995
81.93327893246291,-0.1125
81.93332693323093,-0.114999995
81.93337493399893,-0.125
81.93342293476695,-0.122499995
81.93347093553497,-0.12
81.93351893630297,-0.122499995
81.93356693707099,-0.1175
81.933614937839,-0.125
81.93366293860701,-0.125
81.93371093937502,-0.13
81.93375894014304,-0.13499999
81.93380694091105,-0.13499999
81.93385494167906,-0.1325
81.93390294244708,-0.1275
81.93395094321508,-0.125
81.9339989439831,-0.114999995
81.93404694475112,-0.114999995
81.93409494551912,-0.107499994
81.93414294628714,-0.11
81.93419094705514,-0.105
81.93423894782316,-0.107499994
81.93428694859118,-0.0975
81.93433494935918,-0.095
81.9343829501272,-0.114999995
81.9344309508952,-0.105
81.93447895166322,-0.105
81.93452695243123,-0.11
81.93457495319925,-0.107499994
81.93462295396726,-0.105
81.93467095473527,-0.114999995
81.93471895550329,-0.114999995
81.93476695627129,-0.107499994
81.93481495703931,-0.105
81.93486295780733,-0.1175
81.93491095857533,-0.1025
81.93495895934335,-0.099999994
81.93500696011135,-0.105
81.93505496087937,-0.099999994
81.93510296164739,-0.089999996
81.93515096241539,-0.095
81.93519896318341,-0.0875
81.93524696395141,-0.085
81.93529496471943,-0.089999996
81.93534296548744,-0.0925
81.93539096625545,-0.095
81.93543896702347,-0.1025
81.93548696779148,-0.082499996
81.9355349685595,-0.089999996
81.9355829693275,-0.099999994
81.93563097009552,-0.085
81.93567897086353,-0.0925
81.93572697163154,-0.089999996
81.93577497239956,-0.0925
81.93582297316756,-0.095
81.93587097393558,-0.0925
81.9359189747036,-0.0875
81.9359669754716,-0.08
81.93601497623962,-0.085
81.93606297700762,-0.08
81.93611097777564,-0.089999996
81.93615897854365,-0.089999996
81.93620697931166,-0.082499996
81.93625498007968,-0.099999994
81.93630298084769,-0.099999994
81.9363509816157,-0.089999996
81.93639898238371,-0.085
81.93644698315173,-0.085
81.93649498391974,-0.082499996
81.93654298468775,-0.0775
81.93659098545577,-0.067499995
81.93663898622377,-0.057499997
81.93668698699179,-0.0475
81.9367349877598,-0.06
81.93678298852781,-0.049999997
81.93683098929583,-0.055
81.93687899006383,-0.049999997
81.93692699083185,-0.049999997
81.93697499159985,-0.0625
81.93702299236787,-0.067499995
81.93707099313589,-0.0725
81.9371189939039,-0.082499996
81.93716699467191,-0.067499995
81.93721499543992,-0.0775
81.93726299620793,-0.0775
81.93731099697595,-0.0725
81.93735899774396,-0.0725
81.93740699851197,-0.06
81.93745499927998,-0.065
81.937503000048,-0.07
81.93755100081601,-0.0775
81.93759900158402,-0.07
81.93764700235204,-0.0725
81.93769500312004,-0.0775
81.93774300388806,-0.0625
81.93779100465606,-0.067499995
81.93783900542408,-0.067499995
81.9378870061921,-0.07
81.9379350069601,-0.067499995
81.93798300772812,-0.065
81.93803100849613,-0.06
81.93807900926414,-0.057499997
81.93812701003216,-0.055
81.93817501080017,-0.06
81.93822301156818,-0.057499997
81.93827101233619,-0.049999997
81.9383190131042,-0.06
81.93836701387222,-0.057499997
81.93841501464023,-0.057499997
81.93846301540825,-0.055
81.93851101617625,-0.06
81.93855901694427,-0.065
81.93860701771227,-0.055
81.93865501848029,-0.0525
81.93870301924831,-0.055
81.93875102001631,-0.055
81.93879902078433,-0.049999997
81.93884702155233,-0.0475
81.93889502232035,-0.0525
81.93894302308837,-0.044999998
81.93899102385637,-0.049999997
81.93903902462439,-0.055
81.9390870253924,-0.057499997
81.93913502616041,-0.044999998
81.93918302692843,-0.055
81.93923102769644,-0.0625
81.93927902846445,-0.06
81.93932702923246,-0.06
81.93937503000048,-0.057499997
81.93942303076848,-0.055
81.9394710315365,-0.0625
81.93951903230452,-0.0525
81.93956703307252,-0.049999997
81.93961503384054,-0.049999997
81.93966303460854,-0.044999998
81.93971103537656,-0.044999998
81.93975903614458,-0.0475
81.93980703691258,-0.06
81.9398550376806,-0.057499997
81.9399030384486,-0.055
81.93995103921662,-0.055
81.93999903998464,-0.049999997
81.94004704075265,-0.057499997
81.94009504152066,-0.065
81.94014304228867,-0.049999997
81.94019104305669,-0.0475
81.94023904382469,-0.057499997
81.94028704459271,-0.057499997
81.94033504536073,-0.0525
81.94038304612873,-0.0525
81.94043104689675,-0.0475
81.94047904766475,-0.055
81.94052704843277,-0.057499997
81.94057504920079,-0.06
81.94062304996879,-0.0625
81.94067105073681,-0.057499997
81.94071905150481,-0.057499997
81.94076705227283,-0.0625
81.94081505304085,-0.065
81.94086305380885,-0.06
81.94091105457687,-0.065
81.94095905534488,-0.0475
81.9410070561129,-0.055
81.9410550568809,-0.07
81.94110305764892,-0.07
81.94115105841693,-0.08
81.94119905918494,-0.065
81.94124705995296,-0.057499997
81.94129506072096,-0.074999996
81.94134306148898,-0.0875
81.941391062257,-0.08
81.941439063025,-0.08
81.94148706379302,-0.08
81.94153506456102,-0.089999996
81.94158306532904,-0.089999996
81.94163106609706,-0.07
81.94167906686506,-0.074999996
81.94172706763308,-0.067499995
81.94177506840109,-0.067499995
81.9418230691691,-0.065
81.94187106993711,-0.0525
81.94191907070513,-0.057499997
81.94196707147314,-0.057499997
81.94201507224115,-0.0425
81.94206307300917,-0.035
81.94211107377717,-0.0475
81.94215907454519,-0.03
81.9422070753132,-0.0275
81.94225507608121,-0.024999999
81.94230307684923,-0.035
81.94235107761723,-0.049999997
81.94239907838525,-0.0475
81.94244707915327,-0.0525
81.94249507992127,-0.0525
81.94254308068929,-0.0525
81.9425910814573,-0.065
81.94263908222531,-0.0625
81.94268708299332,-0.0625
81.94273508376133,-0.0625
81.94278308452935,-0.065
81.94283108529736,-0.0625
81.94287908606537,-0.06
81.94292708683338,-0.065
81.9429750876014,-0.049999997
81.94302308836942,-0.055
81.94307108913742,-0.0625
81.94311908990544,-0.06
81.94316709067344,-0.07
81.94321509144146,-0.0725
81.94326309220948,-0.07
81.94331109297748,-0.067499995
81.9433590937455,-0.0925
81.9434070945135,-0.08
81.94345509528152,-0.089999996
81.94350309604953,-0.089999996
81.94355109681754,-0.095
81.94359909758556,-0.0875
81.94364709835357,-0.085
81.94369509912158,-0.085
81.94374309988959,-0.0875
81.9437911006576,-0.085
81.94383910142562,-0.08
81.94388710219363,-0.074999996
81.94393510296165,-0.0775
81.94398310372965,-0.07
81.94403110449767,-0.07
81.94407910526569,-0.0775
81.94412710603369,-0.0775
81.94417510680171,-0.08
81.94422310756971,-0.08
81.94427110833773,-0.074999996
81.94431910910573,-0.08
81.94436710987375,-0.0775
81.94441511064177,-0.07
81.94446311140977,-0.074999996
81.94451111217779,-0.07
81.9445591129458,-0.057499997
81.94460711371381,-0.049999997
81.94465511448183,-0.055
81.94470311524984,-0.0625
81.94475111601785,-0.0725
81.94479911678586,-0.0775
81.94484711755388,-0.074999996
81.94489511832188,-0.0775
81.9449431190899,-0.0875
81.94499111985792,-0.085
81.94503912062592,-0.095
81.94508712139394,-0.1025
81.94513512216194,-0.0875
81.94518312292996,-0.089999996
81.94523112369798,-0.0925
81.94527912446598,-0.0875
81.945327125234,-0.07
81.945375126002,-0.074999996
81.94542312677002,-0.067499995
81.94547112753804,-0.0775
81.94551912830605,-0.067499995
81.94556712907406,-0.06
81.94561512984207,-0.07
81.94566313061009,-0.0625
81.94571113137809,-0.067499995
81.94575913214611,-0.074999996
81.94580713291413,-0.074999996
81.94585513368213,-0.06
81.94590313445015,-0.0625
81.94595113521815,-0.067499995
81.94599913598617,-0.0625
81.94604713675419,-0.057499997
81.94609513752219,-0.06
81.94614313829021,-0.0725
81.94619113905821,-0.07
81.94623913982623,-0.065
81.94628714059425,-0.07
81.94633514136225,-0.067499995
81.94638314213027,-0.06
81.94643114289828,-0.0725
81.9464791436663,-0.0725
81.9465271444343,-0.07
81.94657514520232,-0.07
81.94662314597034,-0.067499995
81.94667114673834,-0.065
81.94671914750636,-0.06
81.94676714827436,-0.0625
81.94681514904238,-0.07
81.9468631498104,-0.0525
81.9469111505784,-0.055
81.94695915134642,-0.049999997
81.94700715211442,-0.06
81.94705515288244,-0.0625
81.94710315365046,-0.057499997
81.94715115441846,-0.057499997
81.94719915518648,-0.057499997
81.94724715595449,-0.06
81.9472951567225,-0.065
81.94734315749051,-0.0625
81.94739115825853,-0.06
81.94743915902654,-0.0625
81.94748715979455,-0.057499997
81.94753516056257,-0.0625
81.94758316133057,-0.07
81.94763116209859,-0.0725
81.9476791628666,-0.0725
81.94772716363461,-0.065
81.94777516440263,-0.057499997
81.94782316517063,-0.065
81.94787116593865,-0.065
81.94791916670667,-0.067499995
81.94796716747467,-0.0725
81.94801516824269,-0.067499995
81.9480631690107,-0.065
81.94811116977871,-0.08
81.94815917054672,-0.0775
81.94820717131473,-0.0775
81.94825517208275,-0.0725
81.94830317285076,-0.08
81.94835117361878,-0.082499996
81.94839917438678,-0.074999996
81.9484471751548,-0.0725
81.94849517592282,-0.07
81.94854317669082,-0.08
81.94859117745884,-0.089999996
81.94863917822684,-0.085
81.94868717899486,-0.082499996
81.94873517976288,-0.082499996
81.94878318053088,-0.0925
81.9488311812989,-0.0925
81.9488791820669,-0.0975
81.94892718283492,-0.089999996
81.94897518360293,-0.095
81.94902318437094,-0.099999994
81.94907118513896,-0.105
81.94911918590697,-0.0875
81.94916718667498,-0.0925
81.94921518744299,-0.082499996
81.949263188211,-0.08
81.94931118897902,-0.082499996
81.94935918974703,-0.082499996
81.94940719051505,-0.0725
81.94945519128305,-0.074999996
81.94950319205107,-0.067499995
81.94955119281909,-0.067499995
81.94959919358709,-0.0625
81.94964719435511,-0.049999997
81.94969519512311,-0.035
81.94974319589113,-0.035
81.94979119665913,-0.0275
81.94983919742715,-0.01
81.94988719819517,-0.024999999
81.94993519896317,-0.02
81.9499831997312,-0.015
81.9500312004992,-0.0175
81.95007920126722,-0.02
81.95012720203523,-0.02
81.95017520280324,-0.022499999
81.95022320357126,-0.005
81.95027120433926,-0.0175
81.95031920510728,-0.024999999
81.9503672058753,-0.04
81.9504152066433,-0.035
81.95046320741132,-0.0325
81.95051120817932,-0.0325
81.95055920894734,-0.0475
81.95060720971534,-0.0425
81.95065521048336,-0.037499998
81.95070321125138,-0.0325
81.95075121201938,-0.0325
81.9507992127874,-0.0275
81.9508472135554,-0.02
81.95089521432342,-0.024999999
81.95094321509144,-0.0175
81.95099121585945,-0.024999999
81.95103921662746,-0.0275
81.95108721739547,-0.022499999
81.95113521816349,-0.02
81.9511832189315,-0.0175
81.95123121969951,-0.024999999
81.95127922046753,-0.0275
81.95132722123553,-0.0325
81.95137522200355,-0.0275
81.95142322277155,-0.022499999
81.95147122353957,-0.035
81.95151922430759,-0.035
81.95156722507559,-0.02
81.95161522584361,-0.012499999
81.95166322661161,-0.022499999
81.95171122737963,-0.02
81.95175922814765,-0.012499999
81.95180722891565,-0.012499999
81.95185522968367,-0.015
81.95190323045168,-0.012499999
81.9519512312197,-0.012499999
81.95199923198771,-0.02
81.95204723275572,-0.015
81.95209523352374,-0.02
81.95214323429174,-0.024999999
81.95219123505976,-0.02
81.95223923582776,-0.02
81.95228723659578,-0.0325
81.9523352373638,-0.0325
81.9523832381318,-0.035
81.95243123889982,-0.024999999
81.95247923966782,-0.0325
81.95252724043584,-0.03
81.95257524120386,-0.0275
81.95262324197186,-0.035
81.95267124273988,-0.037499998
81.95271924350789,-0.035
81.9527672442759,-0.035
81.95281524504392,-0.037499998
81.95286324581193,-0.0425
81.95291124657994,-0.055
81.95295924734795,-0.055
81.95300724811597,-0.0625
81.95305524888397,-0.044999998
81.95310324965199,-0.0425
81.95315125042,-0.0275
81.95319925118801,-0.035
81.95324725195603,-0.024999999
81.95329525272403,-0.0175
81.95334325349205,-0.012499999
81.95339125426007,-0.0175
81.95343925502807,-0.0175
81.95348725579609,-0.02
81.9535352565641,-0.03
81.95358325733211,-0.022499999
81.95363125810013,-0.022499999
81.95367925886814,-0.03
81.95372725963615,-0.037499998
81.95377526040416,-0.035
81.95382326117218,-0.04
81.95387126194018,-0.03
81.9539192627082,-0.037499998
81.95396726347622,-0.0325
81.95401526424422,-0.035
81.95406326501224,-0.035
81.95411126578024,-0.022499999
81.95415926654826,-0.0325
81.95420726731628,-0.03
81.95425526808428,-0.0275
81.9543032688523,-0.035
81.9543512696203,-0.03
81.95439927038832,-0.022499999
81.95444727115634,-0.012499999
81.95449527192434,-0.01
81.95454327269236,-0.005
81.95459127346037,-0.0025
81.95463927422838,-0.005
81.95468727499639,-0.005
81.9547352757644,0.0
81.95478327653242,-0.0075
81.95483127730043,-0.01
81.95487927806845,0.0025
81.95492727883645,-0.0025
81.95497527960447,-0.0025
81.95502328037249,-0.005
81.95507128114049,0.01
81.95511928190851,0.005
81.95516728267651,-0.0025
81.95521528344453,0.0075
81.95526328421255,0.005
81.95531128498055,0.0075
81.95535928574857,0.012499999
81.95540728651658,0.0075
81.9554552872846,0.0025
81.9555032880526,-0.0025
81.95555128882062,-0.005
81.95559928958863,0.0025
81.95564729035664,-0.0025
81.95569529112466,-0.01
81.95574329189266,-0.012499999
81.95579129266068,-0.01
81.9558392934287,-0.0075
81.9558872941967,-0.005
81.95593529496472,-0.0175
81.95598329573272,-0.0075
81.95603129650074,-0.005
81.95607929726876,-0.015
81.95612729803676,-0.0075
81.95617529880478,-0.01
81.95622329957278,-0.01
81.9562713003408,-0.01
81.9563193011088,-0.012499999
81.95636730187682,-0.01
81.95641530264484,-0.015
81.95646330341285,-0.0175
81.95651130418086,-0.015
81.95655930494887,-0.01
81.95660730571689,-0.02
81.9566553064849,-0.0275
81.95670330725291,-0.0275
81.95675130802093,-0.0175
81.95679930878893,-0.03
81.95684730955695,-0.012499999
81.95689531032497,-0.0075
81.95694331109297,-0.0175
81.95699131186099,-0.012499999
81.95703931262899,-0.012499999
81.95708731339701,-0.015
81.95713531416501,-0.0175
81.95718331493303,-0.015
81.95723131570105,-0.01
81.95727931646906,-0.015
81.95732731723707,-0.0075
81.95737531800508,-0.015
81.9574233187731,-0.0075
81.95747131954111,-0.01
81.95751932030912,-0.005
81.95756732107714,-0.0075
81.95761532184514,-0.0075
81.95766332261316,-0.01
81.95771132338118,-0.01
81.95775932414918,-0.022499999
81.9578073249172,-0.005
81.9578553256852,-0.012499999
81.95790332645322,-0.005
81.95795132722122,-0.0075
81.95799932798924,-0.0275
81.95804732875726,-0.022499999
81.95809532952526,-0.0275
81.95814333029328,-0.0175
81.95819133106129,-0.03
81.9582393318293,-0.03
81.95828733259732,-0.024999999
81.95833533336533,-0.02
81.95838333413334,-0.022499999
81.95843133490135,-0.015
81.95847933566937,-0.022499999
81.95852733643738,-0.03
81.95857533720539,-0.022499999
81.9586233379734,-0.0275
81.95867133874141,-0.0175
81.95871933950943,-0.012499999
81.95876734027743,-0.01
81.95881534104545,-0.012499999
81.95886334181347,-0.005
81.95891134258147,0.005
81.95895934334949,0.0
81.9590073441175,-0.02
81.95905534488551,-0.022499999
81.95910334565353,-0.0275
81.95915134642154,-0.022499999
81.95919934718955,-0.02
81.95924734795756,-0.02
81.95929534872558,-0.02
81.9593433494936,-0.0175
81.9593913502616,-0.012499999
81.95943935102962,-0.0075
81.95948735179762,-0.005
81.95953535256564,-0.005
81.95958335333364,0.005
81.95963135410166,0.01
81.95967935486968,0.0075
81.95972735563768,0.01
81.9597753564057,0.0175
81.9598233571737,0.012499999
81.95987135794172,0.012499999
81.95991935870974,0.005
81.95996735947774,-0.005
81.96001536024576,-0.005
81.96006336101377,-0.012499999
81.96011136178178,-0.015
81.9601593625498,-0.012499999
81.9602073633178,-0.0175
81.96025536408582,-0.015
81.96030336485383,-0.01
81.96035136562185,-0.012499999
81.96039936638985,-0.005
81.96044736715787,-0.005
81.96049536792589,-0.012499999
81.96054336869389,-0.01
81.96059136946191,-0.02
81.96063937022991,-0.015
81.96068737099793,0.0
81.96073537176595,-0.01
81.96078337253395,-0.01
81.96083137330197,-0.0175
81.96087937406998,-0.0175
81.960927374838,-0.005
81.96097537560601,-0.005
81.96102337637402,-0.01
81.96107137714203,-0.012499999
81.96111937791004,-0.012499999
81.96116737867806,-0.01
81.96121537944606,0.0025
81.96126338021408,0.012499999
81.9613113809821,0.015
81.9613593817501,0.012499999
81.96140738251812,0.0175
81.96145538328612,0.02
81.96150338405414,0.0175
81.96155138482216,0.0075
81.96159938559016,0.0075
81.96164738635818,0.0025
81.96169538712618,0.0025
81.9617433878942,0.0025
81.96179138866222,0.005
81.96183938943022,0.0025
81.96188739019824,-0.0025
81.96193539096625,0.0
81.96198339173426,0.005
81.96203139250227,0.012499999
81.96207939327029,0.0075
81.9621273940383,0.015
81.96217539480631,0.005
81.96222339557433,0.01
81.96227139634233,0.0175
81.96231939711035,0.022499999
81.96236739787837,0.012499999
81.96241539864637,0.015
81.96246339941439,0.02
81.9625114001824,0.015
81.96255940095041,0.0075
81.96260740171843,0.005
81.96265540248643,0.01
81.96270340325445,0.022499999
81.96275140402246,0.012499999
81.96279940479047,0.01
81.96284740555848,0.0175
81.9628954063265,0.0075
81.96294340709451,0.005
81.96299140786252,0.015
81.96303940863054,0.02
81.96308740939854,0.012499999
81.96313541016656,0.015
81.96318341093458,0.01
81.96323141170258,0.02
81.9632794124706,0.0175
81.9633274132386,0.02
81.96337541400662,0.022499999
81.96342341477464,0.0175
81.96347141554264,0.0175
81.96351941631066,0.0175
81.96356741707866,0.0175
81.96361541784668,0.015
81.96366341861469,0.012499999
81.9637114193827,0.015
81.96375942015072,0.005
81.96380742091873,0.022499999
81.96385542168674,0.012499999
81.96390342245475,0.015
81.96395142322277,0.02
81.96399942399078,0.012499999
81.96404742475879,0.012499999
81.9640954255268,0.015
81.96414342629481,0.0175
81.96419142706283,0.01
81.96423942783085,0.012499999
81.96428742859885,0.015
81.96433542936687,0.02
81.96438343013487,0.02
81.96443143090289,0.02
81.9644794316709,0.03
81.96452743243891,0.022499999
81.96457543320693,0.0325
81.96462343397494,0.0275
81.96467143474295,0.0325
81.96471943551096,0.0325
81.96476743627898,0.04
81.964815437047,0.035
81.964863437815,0.0325
81.96491143858302,0.037499998
81.96495943935102,0.0425
81.96500744011904,0.0325
81.96505544088706,0.03
81.96510344165506,0.03
81.96515144242308,0.035
81.96519944319108,0.035
81.9652474439591,0.037499998
81.9652954447271,0.04
81.96534344549512,0.0325
81.96539144626314,0.035
81.96543944703114,0.035
81.96548744779916,0.03
81.96553544856717,0.03
81.96558344933518,0.0425
81.9656314501032,0.035
81.9656794508712,0.0475
81.96572745163922,0.044999998
81.96577545240723,0.04
81.96582345317525,0.0475
81.96587145394327,0.0525
81.96591945471127,0.0525
81.96596745547929,0.055
81.96601545624729,0.057499997
81.96606345701531,0.065
81.96611145778331,0.06
81.96615945855133,0.065
81.96620745931935,0.0625
81.96625546008735,0.06
81.96630346085537,0.08
81.96635146162338,0.082499996
81.9663994623914,0.082499996
81.96644746315941,0.089999996
81.96649546392742,0.095
81.96654346469543,0.099999994
81.96659146546344,0.0975
81.96663946623146,0.085
81.96668746699946,0.085
81.96673546776748,0.089999996
81.9667834685355,0.089999996
81.9668314693035,0.0775
81.96687947007152,0.082499996
81.96692747083952,0.0875
81.96697547160754,0.08
81.96702347237556,0.0725
81.96707147314356,0.067499995
81.96711947391158,0.065
81.96716747467958,0.057499997
81.9672154754476,0.0475
81.96726347621562,0.037499998
81.96731147698362,0.0475
81.96735947775164,0.0625
81.96740747851965,0.0625
81.96745547928766,0.07
81.96750348005567,0.07
81.96755148082369,0.085
81.9675994815917,0.082499996
81.96764748235971,0.082499996
81.96769548312773,0.085
81.96774348389573,0.082499996
81.96779148466375,0.08
81.96783948543177,0.0775
81.96788748619977,0.0725
81.96793548696779,0.067499995
81.9679834877358,0.07
81.96803148850381,0.067499995
81.96807948927183,0.057499997
81.96812749003983,0.06
81.96817549080785,0.065
81.96822349157586,0.074999996
81.96827149234387,0.0775
81.96831949311188,0.0925
81.9683674938799,0.089999996
81.96841549464791,0.0925
81.96846349541592,0.089999996
81.96851149618394,0.085
81.96855949695194,0.085
81.96860749771996,0.095
81.96865549848798,0.085
81.96870349925598,0.0875
81.968751500024,0.08
81.968799500792,0.082499996
81.96884750156002,0.082499996
81.96889550232804,0.08
81.96894350309604,0.085
81.96899150386406,0.074999996
81.96903950463206,0.082499996
81.96908750540008,0.082499996
81.96913550616809,0.0725
81.9691835069361,0.067499995
81.96923150770412,0.055
81.96927950847213,0.0625
81.96932750924014,0.065
81.96937551000815,0.06
81.96942351077617,0.055
81.96947151154419,0.0525
81.96951951231219,0.0475
81.96956751308021,0.0325
81.96961551384821,0.03
81.96966351461623,0.02
81.96971151538425,0.037499998
81.96975951615225,0.04
81.96980751692027,0.049999997
81.96985551768827,0.049999997
81.96990351845629,0.0475
81.9699515192243,0.0525
81.96999951999231,0.055
81.97004752076033,0.0475
81.97009552152834,0.049999997
81.97014352229635,0.0475
81.97019152306436,0.04
81.97023952383238,0.04
81.9702875246004,0.037499998
81.9703355253684,0.0275
81.97038352613642,0.022499999
81.97043152690442,0.0075
81.97047952767244,0.015
81.97052752844046,0.005
81.97057552920846,-0.005
81.97062352997648,-0.0075
81.97067153074448,-0.01
81.9707195315125,-0.0025
81.9707675322805,0.0025
81.97081553304852,0.0075
81.97086353381654,0.0025
81.97091153458454,0.0
81.97095953535256,0.0025
81.97100753612057,0.0
81.97105553688858,0.005
81.9711035376566,0.012499999
81.9711515384246,0.0025
81.97119953919263,0.0
81.97124753996063,0.005
81.97129554072865,0.01
81.97134354149667,0.0075
81.97139154226467,0.0175
81.97143954303269,0.02
81.97148754380069,0.012499999
81.97153554456871,0.024999999
81.97158354533671,0.0175
81.97163154610473,0.015
81.97167954687275,0.024999999
81.97172754764075,0.022499999
81.97177554840877,0.037499998
81.97182354917678,0.035
81.9718715499448,0.035
81.97191955071281,0.037499998
81.97196755148082,0.0425
81.97201555224883,0.0425
81.97206355301684,0.035
81.97211155378486,0.044999998
81.97215955455287,0.04
81.97220755532088,0.049999997
81.9722555560889,0.0525
81.9723035568569,0.049999997
81.97235155762492,0.0525
81.97239955839292,0.06
81.97244755916094,0.0625
81.97249555992896,0.065
81.97254356069696,0.057499997
81.97259156146498,0.067499995
81.97263956223298,0.07
81.972687563001,0.074999996
81.97273556376902,0.0625
81.97278356453702,0.07
81.97283156530504,0.07
81.97287956607305,0.074999996
81.97292756684107,0.0775
81.97297556760908,0.08
81.97302356837709,0.095
81.9730715691451,0.0975
81.97311956991311,0.095
81.97316757068113,0.0925
81.97321557144913,0.0975
81.97326357221715,0.089999996
81.97331157298517,0.095
81.97335957375317,0.0975
81.97340757452119,0.0925
81.9734555752892,0.0975
81.97350357605721,0.105
81.97355157682523,0.099999994
81.97359957759323,0.0975
81.97364757836125,0.0975
81.97369557912926,0.095
81.97374357989727,0.0975
81.97379158066529,0.105
81.9738395814333,0.095
81.97388758220131,0.1025
81.97393558296932,0.095
81.97398358373734,0.099999994
81.97403158450534,0.0975
81.97407958527336,0.095
81.97412758604138,0.1025
81.97417558680938,0.11
81.9742235875774,0.105
81.9742715883454,0.11
81.97431958911342,0.122499995
81.97436758988144,0.122499995
81.97441559064944,0.1325
81.97446359141746,0.1325
81.97451159218546,0.1275
81.97455959295348,0.1325
81.9746075937215,0.14
81.9746555944895,0.13
81.97470359525752,0.13
81.97475159602553,0.13499999
81.97479959679355,0.1375
81.97484759756155,0.1475
81.97489559832957,0.145
81.97494359909759,0.155
81.97499159986559,0.16499999
81.97503960063361,0.17
81.97508760140161,0.16749999
81.97513560216963,0.17
81.97518360293765,0.1725
81.97523160370565,0.19
81.97527960447367,0.1775
81.97532760524167,0.185
81.97537560600969,0.185
81.97542360677771,0.19
81.97547160754571,0.2025
81.97551960831373,0.205
81.97556760908174,0.21499999
81.97561560984975,0.2075
81.97566361061776,0.19749999
81.97571161138578,0.1925
81.9757596121538,0.17999999
81.9758076129218,0.1875
81.97585561368982,0.1875
81.97590361445782,0.175
81.97595161522584,0.18249999
81.97599961599386,0.175
81.97604761676186,0.17999999
81.97609561752988,0.175
81.97614361829788,0.175
81.9761916190659,0.185
81.97623961983392,0.17999999
81.97628762060192,0.17999999
81.97633562136994,0.185
81.97638362213794,0.18249999
81.97643162290596,0.17999999
81.97647962367397,0.18249999
81.97652762444199,0.1775
81.97657562521,0.16749999
81.97662362597801,0.16
81.97667162674603,0.16499999
81.97671962751403,0.14999999
81.97676762828205,0.1475
81.97681562905007,0.1475
81.97686362981807,0.1425
81.97691163058609,0.1425
81.97695963135409,0.14999999
81.97700763212211,0.1475
81.97705563289013,0.14
81.97710363365813,0.1375
81.97715163442615,0.1425
81.97719963519415,0.1275
81.97724763596217,0.13499999
81.97729563673018,0.13499999
81.9773436374982,0.14
81.97739163826621,0.13499999
81.97743963903422,0.13499999
81.97748763980223,0.1325
81.97753564057024,0.122499995
81.97758364133826,0.1325
81.97763164210627,0.13499999
81.97767964287428,0.1275
81.9777276436423,0.13499999
81.9777756444103,0.1325
81.97782364517832,0.145
81.97787164594634,0.1475
81.97791964671434,0.1575
81.97796764748236,0.16499999
81.97801564825036,0.16499999
81.97806364901838,0.155
81.97811164978638,0.1575
81.9781596505544,0.1525
81.97820765132242,0.1575
81.97825565209043,0.14999999
81.97830365285844,0.1325
81.97835165362645,0.1325
81.97839965439447,0.122499995
81.97844765516248,0.1175
81.97849565593049,0.122499995
81.9785436566985,0.12
81.97859165746651,0.122499995
81.97863965823453,0.1175
81.97868765900255,0.1275
81.97873565977055,0.13
81.97878366053857,0.13499999
81.97883166130657,0.13
81.97887966207459,0.14
81.9789276628426,0.1475
81.97897566361061,0.1375
81.97902366437863,0.1475
81.97907166514663,0.145
81.97911966591465,0.145
81.97916766668266,0.1475
81.97921566745067,0.1475
81.97926366821869,0.1575
81.9793116689867,0.16
81.97935966975471,0.1525
81.97940767052272,0.1625
81.97945567129074,0.1525
81.97950367205875,0.155
81.97955167282676,0.1625
81.97959967359478,0.16
81.97964767436278,0.14999999
81.9796956751308,0.1525
81.9797436758988,0.14999999
81.97979167666682,0.1575
81.97983967743484,0.14999999
81.97988767820284,0.1475
81.97993567897086,0.145
81.97998367973887,0.1425
81.98003168050688,0.14
81.9800796812749,0.1425
81.9801276820429,0.1325
81.98017568281092,0.13499999
81.98022368357893,0.13499999
81.98027168434695,0.14
81.98031968511496,0.14
81.98036768588297,0.1375
81.98041568665099,0.1375
81.98046368741899,0.1325
81.98051168818701,0.14
81.98055968895501,0.1375
81.98060768972303,0.122499995
81.98065569049105,0.1275
81.98070369125905,0.13499999
81.98075169202707,0.13
81.98079969279507,0.125
81.98084769356309,0.1175
81.98089569433111,0.122499995
81.98094369509911,0.125
81.98099169586713,0.125
81.98103969663514,0.12
81.98108769740315,0.1175
81.98113569817117,0.122499995
81.98118369893918,0.12
81.9812316997072,0.122499995
81.9812797004752,0.12
81.98132770124322,0.12
81.98137570201122,0.114999995
81.98142370277924,0.11
81.98147170354726,0.099999994
81.98151970431526,0.11
81.98156770508328,0.11
81.98161570585128,0.11
81.9816637066193,0.0975
81.98171170738732,0.099999994
81.98175970815532,0.099999994
81.98180770892334,0.099999994
81.98185570969135,0.0975
81.98190371045936,0.0925
81.98195171122738,0.089999996
81.98199971199539,0.089999996
81.9820477127634,0.08
81.98209571353141,0.0775
81.98214371429943,0.0725
81.98219171506743,0.0725
81.98223971583545,0.0775
81.98228771660347,0.0725
81.98233571737147,0.0725
81.98238371813949,0.06
81.98243171890749,0.065
81.98247971967551,0.0775
81.98252772044353,0.0775
81.98257572121153,0.067499995
81.98262372197955,0.057499997
81.98267172274755,0.055
81.98271972351557,0.0525
81.98276772428359,0.057499997
81.9828157250516,0.0525
81.98286372581961,0.0475
81.98291172658762,0.0475
81.98295972735563,0.0425
81.98300772812364,0.057499997
81.98305572889166,0.0625
81.98310372965967,0.057499997
81.98315173042768,0.057499997
81.9831997311957,0.07
81.9832477319637,0.0625
81.98329573273172,0.049999997
81.98334373349974,0.06
81.98339173426774,0.0525
81.98343973503576,0.049999997
81.98348773580376,0.0525
81.98353573657178,0.0625
81.9835837373398,0.065
81.9836317381078,0.055
81.98367973887582,0.049999997
81.98372773964383,0.037499998
81.98377574041184,0.0325
81.98382374117985,0.04
81.98387174194787,0.022499999
81.98391974271588,0.0175
81.98396774348389,0.022499999
81.9840157442519,0.035
81.98406374501991,0.035
81.98411174578793,0.0325
81.98415974655595,0.035
81.98420774732395,0.03
81.98425574809197,0.03
81.98430374885997,0.0275
81.98435174962799,0.035
81.98439975039601,0.03
81.98444775116401,0.02
81.98449575193203,0.0275
81.98454375270003,0.02
81.98459175346805,0.0175
81.98463975423606,0.012499999
81.98468775500407,0.0025
81.98473575577209,0.0025
81.9847837565401,0.0025
81.98483175730811,0.012499999
81.98487975807612,0.005
81.98492775884414,0.0025
81.98497575961215,0.0025
81.98502376038016,0.015
81.98507176114818,0.0075
81.98511976191618,-0.0025
81.9851677626842,-0.005
81.98521576345222,0.0025
81.98526376422022,0.005
81.98531176498824,-0.005
81.98535976575624,0.0
81.98540776652426,-0.0075
81.98545576729227,-0.0075
81.98550376806028,-0.0075
81.9855517688283,0.0
81.9855997695963,-0.005
81.98564777036432,0.005
81.98569577113233,0.0025
81.98574377190035,-0.0025
81.98579177266836,-0.0025
81.98583977343637,0.0025
81.98588777420439,0.0025
81.98593577497239,0.005
81.98598377574041,0.0
81.98603177650843,-0.005
81.98607977727643,-0.01
81.98612777804445,-0.0025
81.98617577881245,-0.015
81.98622377958047,-0.022499999
81.98627178034847,-0.02
81.98631978111649,-0.04
81.98636778188451,-0.04
81.98641578265251,-0.03
81.98646378342053,-0.0325
81.98651178418854,-0.03
81.98655978495655,-0.03
81.98660778572457,-0.035
81.98665578649258,-0.03
81.9867037872606,-0.024999999
81.9867517880286,-0.03
81.98679978879662,-0.035
81.98684778956464,-0.0325
81.98689579033264,-0.0325
81.98694379110066,-0.0425
81.98699179186866,-0.049999997
81.98703979263668,-0.06
81.98708779340468,-0.067499995
81.9871357941727,-0.07
81.98718379494072,-0.082499996
81.98723179570872,-0.085
81.98727979647674,-0.0875
81.98732779724475,-0.095
81.98737579801276,-0.11
81.98742379878078,-0.105
81.98747179954879,-0.089999996
81.9875198003168,-0.0925
81.98756780108481,-0.1025
81.98761580185283,-0.11
81.98766380262084,-0.114999995
81.98771180338885,-0.1175
81.98775980415687,-0.114999995
81.98780780492487,-0.122499995
81.98785580569289,-0.125
81.98790380646089,-0.125
81.98795180722891,-0.12
81.98799980799693,-0.1275
81.98804780876493,-0.1325
81.98809580953295,-0.14
81.98814381030095,-0.1425
81.98819181106897,-0.145
81.98823981183699,-0.145
81.988287812605,-0.1525
81.98833581337301,-0.1425
81.98838381414102,-0.14
81.98843181490903,-0.1425
81.98847981567704,-0.145
81.98852781644506,-0.1375
81.98857581721307,-0.14
81.98862381798108,-0.13
81.9886718187491,-0.1375
81.9887198195171,-0.14
81.98876782028512,-0.14
81.98881582105314,-0.1325
81.98886382182114,-0.1425
81.98891182258916,-0.1425
81.98895982335716,-0.1425
81.98900782412518,-0.14
81.9890558248932,-0.14
81.9891038256612,-0.1375
81.98915182642922,-0.14
81.98919982719723,-0.145
81.98924782796524,-0.1425
81.98929582873325,-0.1425
81.98934382950127,-0.14999999
81.98939183026928,-0.1725
81.98943983103729,-0.155
81.9894878318053,-0.16499999
81.98953583257331,-0.17
81.98958383334133,-0.1525
81.98963183410935,-0.16499999
81.98967983487735,-0.16
81.98972783564537,-0.1625
81.98977583641337,-0.175
81.98982383718139,-0.175
81.98987183794941,-0.175
81.98991983871741,-0.1875
81.98996783948543,-0.185
81.99001584025343,-0.185
81.99006384102145,-0.195
81.99011184178946,-0.19
81.99015984255747,-0.205
81.99020784332549,-0.205
81.9902558440935,-0.21499999
81.99030384486151,-0.205
81.99035184562952,-0.2175
81.99039984639754,-0.2175
81.99044784716556,-0.21
81.99049584793356,-0.22999999
81.99054384870158,-0.22749999
81.99059184946958,-0.24249999
81.9906398502376,-0.235
81.99068785100562,-0.24
81.99073585177362,-0.25
81.99078385254164,-0.2375
81.99083185330964,-0.2325
81.99087985407766,-0.2375
81.99092785484567,-0.225
81.99097585561368,-0.24749999
81.9910238563817,-0.24499999
81.9910718571497,-0.22749999
81.99111985791772,-0.24249999
81.99116785868573,-0.2375
81.99121585945375,-0.24499999
81.99126386022176,-0.235
81.99131186098977,-0.24749999
81.99135986175779,-0.26
81.99140786252579,-0.26999998
81.99145586329381,-0.2625
81.99150386406183,-0.26999998
81.99155186482983,-0.2825
81.99159986559785,-0.285
81.99164786636585,-0.2825
81.99169586713387,-0.29
81.99174386790187,-0.28
81.99179186866989,-0.2875
81.99183986943791,-0.29
81.99188787020591,-0.29749998
81.99193587097393,-0.2925
81.99198387174194,-0.285
81.99203187250995,-0.2875
81.99207987327797,-0.275
81.99212787404598,-0.285
81.992175874814,-0.2725
81.992223875582,-0.2625
81.99227187635002,-0.2625
81.99231987711804,-0.28
81.99236787788604,-0.2875
81.99241587865406,-0.305
81.99246387942206,-0.30249998
81.99251188019008,-0.295
81.99255988095808,-0.2925
81.9926078817261,-0.29749998
81.99265588249412,-0.3075
81.99270388326212,-0.31
81.99275188403014,-0.305
81.99279988479815,-0.30249998
81.99284788556616,-0.305
81.99289588633418,-0.29749998
81.99294388710219,-0.29
81.9929918878702,-0.2925
81.99303988863821,-0.2825
81.99308788940623,-0.28
81.99313589017424,-0.285
81.99318389094225,-0.2925
81.99323189171027,-0.2925
81.99327989247827,-0.2925
81.99332789324629,-0.29999998
81.99337589401429,-0.305
81.99342389478231,-0.29749998
81.99347189555033,-0.2875
81.99351989631833,-0.2925
81.99356789708635,-0.305
81.99361589785435,-0.29749998
81.99366389862237,-0.29
81.99371189939039,-0.2875
81.9937599001584,-0.2875
81.99380790092641,-0.28
81.99385590169442,-0.275
81.99390390246243,-0.28
81.99395190323045,-0.2825
81.99399990399846,-0.285
81.99404790476648,-0.28
81.99409590553448,-0.285
81.9941439063025,-0.285
81.9941919070705,-0.2925
81.99423990783852,-0.2825
81.99428790860654,-0.29999998
81.99433590937454,-0.295
81.99438391014256,-0.29749998
81.99443191091056,-0.295
81.99447991167858,-0.29749998
81.9945279124466,-0.305
81.9945759132146,-0.29749998
81.99462391398262,-0.2825
81.99467191475063,-0.28
81.99471991551864,-0.29
81.99476791628666,-0.30249998
81.99481591705467,-0.30249998
81.99486391782268,-0.3075
81.99491191859069,-0.31
81.9949599193587,-0.29999998
81.99500792012671,-0.29749998
81.99505592089473,-0.3075
81.99510392166275,-0.31
81.99515192243075,-0.3075
81.99519992319877,-0.305
81.99524792396677,-0.29999998
81.99529592473479,-0.2925
81.99534392550281,-0.285
81.99539192627081,-0.29
81.99543992703883,-0.29
81.99548792780683,-0.2875
81.99553592857485,-0.2925
81.99558392934287,-0.285
81.99563193011087,-0.2825
81.9956799308789,-0.29749998
81.9957279316469,-0.29749998
81.99577593241492,-0.3075
81.99582393318292,-0.29999998
81.99587193395094,-0.29999998
81.99591993471896,-0.30249998
81.99596793548696,-0.29749998
81.99601593625498,-0.295
81.99606393702298,-0.2875
81.996111937791,-0.29999998
81.99615993855902,-0.29999998
81.99620793932702,-0.305
81.99625594009504,-0.305
81.99630394086304,-0.295
81.99635194163106,-0.2925
81.99639994239908,-0.3075
81.99644794316708,-0.29999998
81.9964959439351,-0.295
81.9965439447031,-0.29749998
81.99659194547112,-0.295
81.99663994623913,-0.29999998
81.99668794700715,-0.29749998
81.99673594777516,-0.29749998
81.99678394854317,-0.3075
81.99683194931119,-0.305
81.99687995007919,-0.305
81.99692795084721,-0.305
81.99697595161523,-0.3075
81.99702395238323,-0.305
81.99707195315125,-0.31
81.99711995391925,-0.29999998
81.99716795468727,-0.3125
81.99721595545529,-0.3075
81.99726395622329,-0.29
81.99731195699131,-0.30249998
81.99735995775931,-0.295
81.99740795852733,-0.2875
81.99745595929534,-0.2875
81.99750396006336,-0.2875
81.99755196083137,-0.295
81.99759996159938,-0.29749998
81.9976479623674,-0.2875
81.9976959631354,-0.2825
81.99774396390342,-0.2875
81.99779196467144,-0.285
81.99783996543944,-0.2775
81.99788796620746,-0.2775
81.99793596697546,-0.2725
81.99798396774348,-0.28
81.9980319685115,-0.275
81.9980799692795,-0.275
81.99812797004752,-0.265
81.99817597081552,-0.265
81.99822397158354,-0.2725
81.99827197235155,-0.265
81.99831997311956,-0.26749998
81.99836797388758,-0.2525
81.99841597465559,-0.255
81.9984639754236,-0.255
81.99851197619161,-0.2625
81.99855997695963,-0.2575
81.99860797772764,-0.25
81.99865597849565,-0.25
81.99870397926367,-0.24749999
81.99875198003167,-0.24749999
81.99879998079969,-0.24749999
81.9988479815677,-0.24499999
81.99889598233571,-0.24
81.99894398310373,-0.24749999
81.99899198387173,-0.24499999
81.99903998463975,-0.24499999
81.99908798540775,-0.2325
81.99913598617577,-0.2325
81.99918398694379,-0.22
81.9992319877118,-0.21
81.99927998847981,-0.21249999
81.99932798924782,-0.2175
81.99937599001584,-0.2175
81.99942399078385,-0.21249999
81.99947199155186,-0.2175
81.99951999231988,-0.21
81.99956799308788,-0.2175
81.9996159938559,-0.2225
81.99966399462392,-0.205
81.99971199539192,-0.19749999
81.99975999615994,-0.205
81.99980799692794,-0.21
81.99985599769596,-0.2025
81.99990399846396,-0.205
81.99995199923198,-0.19749999
82.0,-0.2075
82.000048000768,-0.2075
82.00009600153602,-0.21
82.00014400230403,-0.2175
82.00019200307204,-0.21249999
82.00024000384006,-0.21249999
82.00028800460807,-0.2175
82.00033600537608,-0.2175
82.00038400614409,-0.2325
82.0004320069121,-0.2325
82.00048000768012,-0.22749999
82.00052800844813,-0.2325
82.00057600921615,-0.2375
82.00062400998415,-0.2325
82.00067201075217,-0.225
82.00072001152017,-0.22
82.00076801228819,-0.21249999
82.00081601305621,-0.205
82.00086401382421,-0.19999999
82.00091201459223,-0.195
82.00096001536023,-0.195
82.00100801612825,-0.185
82.00105601689627,-0.1925
82.00110401766428,-0.185
82.0011520184323,-0.19749999
82.0012000192003,-0.195
82.00124801996832,-0.19999999
82.00129602073633,-0.19749999
82.00134402150434,-0.205
82.00139202227236,-0.205
82.00144002304036,-0.2025
82.00148802380838,-0.19999999
82.00153602457638,-0.19999999
82.0015840253444,-0.19999999
82.00163202611242,-0.1925
82.00168002688042,-0.19
82.00172802764844,-0.1875
82.00177602841644,-0.17999999
82.00182402918446,-0.19
82.00187202995248,-0.1725
82.00192003072048,-0.1625
82.0019680314885,-0.16
82.0020160322565,-0.1725
82.00206403302452,-0.17
82.00211203379254,-0.1625
82.00216003456055,-0.16749999
82.00220803532856,-0.16
82.00225603609657,-0.1525
82.00230403686459,-0.16749999
82.00235203763259,-0.1625
82.00240003840061,-0.16499999
82.00244803916863,-0.16
82.00249603993663,-0.155
82.00254404070465,-0.1575
82.00259204147265,-0.1525
82.00264004224067,-0.1525
82.00268804300869,-0.155
82.0027360437767,-0.145
82.00278404454471,-0.14999999
82.00283204531272,-0.145
82.00288004608073,-0.1575
82.00292804684875,-0.16
82.00297604761676,-0.16749999
82.00302404838477,-0.17
82.00307204915278,-0.1625
82.0031200499208,-0.155
82.0031680506888,-0.155
82.00321605145682,-0.1525
82.00326405222484,-0.1525
82.00331205299284,-0.14999999
82.00336005376086,-0.13499999
82.00340805452886,-0.13
82.00345605529688,-0.1325
82.0035040560649,-0.1375
82.0035520568329,-0.122499995
82.00360005760092,-0.13
82.00364805836892,-0.1275
82.00369605913694,-0.1275
82.00374405990496,-0.1325
82.00379206067296,-0.14
82.00384006144098,-0.155
82.00388806220899,-0.1525
82.003936062977,-0.145
82.00398406374501,-0.155
82.00403206451303,-0.1425
82.00408006528104,-0.1475
82.00412806604905,-0.13499999
82.00417606681707,-0.145
82.00422406758507,-0.14
82.00427206835309,-0.1325
82.0043200691211,-0.13499999
82.00436806988911,-0.13499999
82.00441607065713,-0.1325
82.00446407142513,-0.1275
82.00451207219315,-0.1375
82.00456007296117,-0.1375
82.00460807372917,-0.12
82.00465607449719,-0.13499999
82.0047040752652,-0.13
82.00475207603321,-0.1325
82.00480007680122,-0.122499995
82.00484807756924,-0.1275
82.00489607833725,-0.122499995
82.00494407910526,-0.1175
82.00499207987328,-0.11
82.00504008064128,-0.1125
82.0050880814093,-0.1025
82.00513608217732,-0.1025
82.00518408294532,-0.105
82.00523208371334,-0.099999994
82.00528008448134,-0.0975
82.00532808524936,-0.0925
82.00537608601738,-0.0875
82.00542408678538,-0.0775
82.0054720875534,-0.074999996
82.0055200883214,-0.067499995
82.00556808908942,-0.067499995
82.00561608985743,-0.067499995
82.00566409062544,-0.067499995
82.00571209139346,-0.074999996
82.00576009216147,-0.074999996
82.00580809292948,-0.065
82.00585609369749,-0.067499995
82.0059040944655,-0.057499997
82.00595209523352,-0.065
82.00600009600153,-0.067499995
82.00604809676955,-0.067499995
82.00609609753755,-0.07
82.00614409830557,-0.067499995
82.00619209907359,-0.074999996
82.00624009984159,-0.067499995
82.00628810060961,-0.07
82.00633610137761,-0.065
82.00638410214563,-0.08
82.00643210291364,-0.0725
82.00648010368165,-0.085
82.00652810444967,-0.089999996
82.00657610521768,-0.095
82.0066241059857,-0.0925
82.0066721067537,-0.0875
82.00672010752172,-0.089999996
82.00676810828973,-0.0875
82.00681610905774,-0.0975
82.00686410982576,-0.0925
82.00691211059376,-0.089999996
82.00696011136178,-0.085
82.0070081121298,-0.089999996
82.0070561128978,-0.095
82.00710411366582,-0.0925
82.00715211443382,-0.085
82.00720011520184,-0.0875
82.00724811596984,-0.0975
82.00729611673786,-0.0975
82.00734411750588,-0.095
82.00739211827388,-0.0925
82.0074401190419,-0.089999996
82.0074881198099,-0.099999994
82.00753612057792,-0.1025
82.00758412134594,-0.0975
82.00763212211395,-0.0975
82.00768012288196,-0.0975
82.00772812364997,-0.11
82.00777612441799,-0.12
82.007824125186,-0.125
82.00787212595401,-0.1175
82.00792012672203,-0.12
82.00796812749003,-0.125
82.00801612825805,-0.1375
82.00806412902605,-0.1475
82.00811212979407,-0.1425
82.00816013056209,-0.14999999
82.0082081313301,-0.1375
82.00825613209811,-0.1475
82.00830413286612,-0.14
82.00835213363413,-0.1325
82.00840013440215,-0.13499999
82.00844813517016,-0.1175
82.00849613593817,-0.13
82.00854413670618,-0.13
82.0085921374742,-0.099999994
82.00864013824221,-0.105
82.00868813901022,-0.0975
82.00873613977824,-0.0925
82.00878414054624,-0.089999996
82.00883214131426,-0.0975
82.00888014208226,-0.0875
82.00892814285028,-0.08
82.0089761436183,-0.0775
82.0090241443863,-0.0875
82.00907214515432,-0.0975
82.00912014592232,-0.105
82.00916814669034,-0.1025
82.00921614745836,-0.11
82.00926414822636,-0.105
82.00931214899438,-0.1175
82.00936014976239,-0.114999995
82.0094081505304,-0.1125
82.00945615129842,-0.099999994
82.00950415206643,-0.105
82.00955215283444,-0.11
82.00960015360245,-0.099999994
82.00964815437047,-0.095
82.00969615513847,-0.085
82.00974415590649,-0.0875
82.00979215667451,-0.0875
82.00984015744251,-0.0875
82.00988815821053,-0.082499996
82.00993615897853,-0.0775
82.00998415974655,-0.089999996
82.01003216051457,-0.0925
82.01008016128257,-0.0875
82.01012816205059,-0.085
82.0101761628186,-0.074999996
82.01022416358661,-0.085
82.01027216435462,-0.082499996
82.01032016512264,-0.0775
82.01036816589065,-0.0725
82.01041616665866,-0.0725
82.01046416742668,-0.0725
82.01051216819468,-0.0725
82.0105601689627,-0.085
82.01060816973072,-0.074999996
82.01065617049872,-0.074999996
82.01070417126674,-0.074999996
82.01075217203474,-0.0775
82.01080017280276,-0.0925
82.01084817357078,-0.089999996
82.01089617433878,-0.085
82.0109441751068,-0.0875
82.0109921758748,-0.099999994
82.01104017664282,-0.0925
82.01108817741083,-0.0925
82.01113617817884,-0.095
82.01118417894686,-0.095
82.01123217971487,-0.0925
82.01128018048288,-0.08
82.01132818125089,-0.08
82.0113761820189,-0.074999996
82.01142418278693,-0.074999996
82.01147218355493,-0.0925
82.01152018432295,-0.0875
82.01156818509095,-0.0875
82.01161618585897,-0.082499996
82.01166418662699,-0.0925
82.01171218739499,-0.095
82.01176018816301,-0.0975
82.01180818893101,-0.0875
82.01185618969903,-0.085
82.01190419046704,-0.095
82.01195219123505,-0.095
82.01200019200307,-0.0775
82.01204819277108,-0.095
82.0120961935391,-0.08
82.0121441943071,-0.0875
82.01219219507512,-0.0775
82.01224019584313,-0.07
82.01228819661114,-0.067499995
82.01233619737916,-0.08
82.01238419814716,-0.074999996
82.01243219891518,-0.0775
82.0124801996832,-0.074999996
82.0125282004512,-0.0775
82.01257620121922,-0.0775
82.01262420198722,-0.074999996
82.01267220275524,-0.08
82.01272020352324,-0.089999996
82.01276820429126,-0.082499996
82.01281620505928,-0.085
82.01286420582728,-0.08
82.0129122065953,-0.0775
82.0129602073633,-0.082499996
82.01300820813132,-0.0775
82.01305620889934,-0.074999996
82.01310420966735,-0.0875
82.01315221043536,-0.0875
82.01320021120337,-0.082499996
82.01324821197139,-0.089999996
82.0132962127394,-0.0925
82.01334421350741,-0.095
82.01339221427543,-0.095
82.01344021504343,-0.082499996
82.01348821581145,-0.0925
82.01353621657945,-0.082499996
82.01358421734747,-0.085
82.01363221811549,-0.085
82.0136802188835,-0.082499996
82.01372821965151,-0.0775
82.01377622041952,-0.0775
82.01382422118753,-0.082499996
82.01387222195555,-0.085
82.01392022272356,-0.082499996
82.01396822349157,-0.0925
82.01401622425958,-0.085
82.0140642250276,-0.08
82.01411222579561,-0.085
82.01416022656362,-0.082499996
82.01420822733164,-0.085
82.01425622809964,-0.0875
82.01430422886766,-0.082499996
82.01435222963566,-0.085
82.01440023040368,-0.082499996
82.0144482311717,-0.0875
82.0144962319397,-0.0975
82.01454423270772,-0.095
82.01459223347572,-0.089999996
82.01464023424374,-0.095
82.01468823501176,-0.095
82.01473623577976,-0.095
82.01478423654778,-0.095
82.01483223731579,-0.0925
82.0148802380838,-0.089999996
82.01492823885182,-0.0925
82.01497623961983,-0.095
82.01502424038785,-0.0925
82.01507224115585,-0.0875
82.01512024192387,-0.0975
82.01516824269187,-0.0925
82.01521624345989,-0.0875
82.01526424422791,-0.0875
82.01531224499591,-0.082499996
82.01536024576393,-0.082499996
82.01540824653193,-0.074999996
82.01545624729995,-0.08
82.01550424806797,-0.0775
82.01555224883597,-0.0875
82.01560024960399,-0.0775
82.015648250372,-0.0775
82.01569625114001,-0.07
82.01574425190803,-0.08
82.01579225267604,-0.0775
82.01584025344405,-0.065
82.01588825421206,-0.057499997
82.01593625498008,-0.0725
82.01598425574808,-0.07
82.0160322565161,-0.07
82.01608025728412,-0.057499997
82.01612825805212,-0.0525
82.01617625882014,-0.055
82.01622425958814,-0.044999998
82.01627226035616,-0.06
82.01632026112418,-0.049999997
82.01636826189218,-0.037499998
82.0164162626602,-0.02
82.0164642634282,-0.022499999
82.01651226419622,-0.024999999
82.01656026496424,-0.024999999
82.01660826573224,-0.0275
82.01665626650026,-0.0275
82.01670426726827,-0.0425
82.01675226803629,-0.0425
82.01680026880429,-0.035
82.01684826957231,-0.044999998
82.01689627034033,-0.037499998
82.01694427110833,-0.03
82.01699227187635,-0.049999997
82.01704027264435,-0.044999998
82.01708827341237,-0.055
82.01713627418039,-0.0625
82.01718427494839,-0.067499995
82.01723227571641,-0.0725
82.01728027648441,-0.067499995
82.01732827725243,-0.06
82.01737627802045,-0.055
82.01742427878845,-0.06
82.01747227955647,-0.0525
82.01752028032448,-0.049999997
82.0175682810925,-0.0425
82.0176162818605,-0.035
82.01766428262852,-0.03
82.01771228339653,-0.0325
82.01776028416454,-0.037499998
82.01780828493256,-0.04
82.01785628570056,-0.0425
82.01790428646858,-0.044999998
82.0179522872366,-0.0425
82.0180002880046,-0.044999998
82.01804828877262,-0.0475
82.01809628954062,-0.0425
82.01814429030864,-0.035
82.01819229107666,-0.037499998
82.01824029184466,-0.037499998
82.01828829261268,-0.037499998
82.01833629338068,-0.035
82.0183842941487,-0.037499998
82.0184322949167,-0.03
82.01848029568472,-0.035
82.01852829645274,-0.0325
82.01857629722075,-0.0325
82.01862429798877,-0.035
82.01867229875677,-0.04
82.01872029952479,-0.044999998
82.0187683002928,-0.037499998
82.01881630106081,-0.0425
82.01886430182883,-0.0525
82.01891230259683,-0.0525
82.01896030336485,-0.044999998
82.01900830413287,-0.049999997
82.01905630490087,-0.0475
82.01910430566889,-0.0475
82.0191523064369,-0.044999998
82.01920030720491,-0.04
82.01924830797292,-0.037499998
82.01929630874093,-0.0425
82.01934430950895,-0.0425
82.01939231027696,-0.04
82.01944031104497,-0.0425
82.01948831181298,-0.0425
82.019536312581,-0.04
82.01958431334901,-0.0525
82.01963231411702,-0.057499997
82.01968031488504,-0.06
82.01972831565304,-0.06
82.01977631642106,-0.055
82.01982431718908,-0.04
82.01987231795708,-0.049999997
82.0199203187251,-0.049999997
82.0199683194931,-0.0425
82.02001632026112,-0.035
82.02006432102912,-0.0325
82.02011232179714,-0.022499999
82.02016032256516,-0.0325
82.02020832333316,-0.0275
82.02025632410118,-0.03
82.02030432486919,-0.035
82.0203523256372,-0.037499998
82.02040032640522,-0.0525
82.02044832717323,-0.0475
82.02049632794125,-0.057499997
82.02054432870925,-0.055
82.02059232947727,-0.0625
82.02064033024529,-0.0625
82.02068833101329,-0.07
82.02073633178131,-0.067499995
82.02078433254931,-0.07
82.02083233331733,-0.065
82.02088033408533,-0.06
82.02092833485335,-0.067499995
82.02097633562137,-0.065
82.02102433638937,-0.06
82.02107233715739,-0.0525
82.0211203379254,-0.065
82.02116833869341,-0.065
82.02121633946143,-0.07
82.02126434022944,-0.0625
82.02131234099745,-0.0625
82.02136034176546,-0.06
82.02140834253348,-0.06
82.0214563433015,-0.055
82.0215043440695,-0.057499997
82.02155234483752,-0.055
82.02160034560552,-0.065
82.02164834637354,-0.055
82.02169634714154,-0.067499995
82.02174434790956,-0.057499997
82.02179234867758,-0.057499997
82.02184034944558,-0.057499997
82.0218883502136,-0.055
82.0219363509816,-0.049999997
82.02198435174962,-0.06
82.02203235251764,-0.055
82.02208035328565,-0.0475
82.02212835405366,-0.0475
82.02217635482167,-0.049999997
82.02222435558969,-0.0525
82.0222723563577,-0.049999997
82.02232035712571,-0.049999997
82.02236835789373,-0.0425
82.02241635866173,-0.044999998
82.02246435942975,-0.049999997
82.02251236019775,-0.04
82.02256036096577,-0.0475
82.02260836173379,-0.044999998
82.02265636250179,-0.035
82.02270436326981,-0.055
82.02275236403781,-0.049999997
82.02280036480583,-0.055
82.02284836557385,-0.055
82.02289636634185,-0.065
82.02294436710987,-0.057499997
82.02299236787788,-0.055
82.0230403686459,-0.057499997
82.02308836941391,-0.057499997
82.02313637018192,-0.057499997
82.02318437094993,-0.055
82.02323237171794,-0.0625
82.02328037248596,-0.055
82.02332837325396,-0.057499997
82.02337637402198,-0.0525
82.02342437479,-0.049999997
82.023472375558,-0.057499997
82.02352037632602,-0.0625
82.02356837709402,-0.06
82.02361637786204,-0.06
82.02366437863006,-0.0525
82.02371237939806,-0.0525
82.02376038016608,-0.057499997
82.02380838093408,-0.057499997
82.0238563817021,-0.0625
82.02390438247012,-0.057499997
82.02395238323813,-0.067499995
82.02400038400614,-0.07
82.02404838477415,-0.065
82.02409638554217,-0.06
82.02414438631017,-0.0725
82.02419238707819,-0.0725
82.0242403878462,-0.07
82.02428838861421,-0.0775
82.02433638938223,-0.08
82.02438439015023,-0.089999996
82.02443239091825,-0.082499996
82.02448039168627,-0.089999996
82.02452839245427,-0.0975
82.02457639322229,-0.0925
82.0246243939903,-0.0925
82.02467239475831,-0.1025
82.02472039552633,-0.11
82.02476839629433,-0.1175
82.02481639706235,-0.1125
82.02486439783036,-0.1175
82.02491239859837,-0.122499995
82.02496039936638,-0.122499995
82.0250084001344,-0.114999995
82.02505640090241,-0.1175
82.02510440167042,-0.107499994
82.02515240243844,-0.107499994
82.02520040320644,-0.099999994
82.02524840397446,-0.095
82.02529640474248,-0.0875
82.02534440551048,-0.089999996
82.0253924062785,-0.085
82.0254404070465,-0.085
82.02548840781452,-0.0775
82.02553640858254,-0.074999996
82.02558440935054,-0.0625
82.02563241011856,-0.055
82.02568041088657,-0.0725
82.02572841165458,-0.085
82.02577641242259,-0.1025
82.0258244131906,-0.105
82.02587241395862,-0.099999994
82.02592041472663,-0.107499994
82.02596841549465,-0.11
82.02601641626265,-0.114999995
82.02606441703067,-0.12
82.02611241779869,-0.12
82.02616041856669,-0.114999995
82.02620841933471,-0.122499995
82.02625642010271,-0.122499995
82.02630442087073,-0.114999995
82.02635242163875,-0.11
82.02640042240675,-0.105
82.02644842317477,-0.099999994
82.02649642394277,-0.099999994
82.02654442471079,-0.105
82.0265924254788,-0.105
82.02664042624681,-0.1175
82.02668842701483,-0.125
82.02673642778284,-0.125
82.02678442855085,-0.13
82.02683242931886,-0.1275
82.02688043008688,-0.13499999
82.0269284308549,-0.13499999
82.0269764316229,-0.1375
82.02702443239092,-0.13499999
82.02707243315892,-0.14
82.02712043392694,-0.13
82.02716843469496,-0.1325
82.02721643546296,-0.13
82.02726443623098,-0.122499995
82.02731243699898,-0.122499995
82.027360437767,-0.1275
82.027408438535,-0.1275
82.02745643930302,-0.122499995
82.02750444007104,-0.114999995
82.02755244083905,-0.114999995
82.02760044160706,-0.1175
82.02764844237507,-0.114999995
82.02769644314309,-0.1175
82.0277444439111,-0.122499995
82.02779244467911,-0.125
82.02784044544713,-0.1175
82.02788844621513,-0.12
82.02793644698315,-0.1025
82.02798444775117,-0.099999994
82.02803244851917,-0.1025
82.02808044928719,-0.105
82.02812845005519,-0.107499994
82.02817645082321,-0.11
82.02822445159121,-0.11
82.02827245235923,-0.1275
82.02832045312725,-0.13499999
82.02836845389525,-0.1325
82.02841645466327,-0.13
82.02846445543128,-0.14
82.0285124561993,-0.13
82.02856045696731,-0.1325
82.02860845773532,-0.1325
82.02865645850333,-0.125
82.02870445927134,-0.1275
82.02875246003936,-0.1175
82.02880046080737,-0.1125
82.02884846157538,-0.12
82.0288964623434,-0.11
82.0289444631114,-0.12
82.02899246387942,-0.1275
82.02904046464742,-0.12
82.02908846541544,-0.1175
82.02913646618346,-0.1175
82.02918446695146,-0.1175
82.02923246771948,-0.1275
82.02928046848749,-0.122499995
82.0293284692555,-0.1125
82.02937647002352,-0.114999995
82.02942447079153,-0.11
82.02947247155954,-0.107499994
82.02952047232755,-0.1125
82.02956847309557,-0.099999994
82.02961647386358,-0.0975
82.02966447463159,-0.089999996
82.0297124753996,-0.095
82.02976047616761,-0.0975
82.02980847693563,-0.0975
82.02985647770363,-0.0925
82.02990447847165,-0.095
82.02995247923967,-0.095
82.03000048000767,-0.0875
82.03004848077569,-0.085
82.0300964815437,-0.0875
82.03014448231171,-0.0975
82.03019248307973,-0.099999994
82.03024048384773,-0.1025
82.03028848461575,-0.105
82.03033648538376,-0.0975
82.03038448615177,-0.099999994
82.03043248691979,-0.11
82.0304804876878,-0.105
82.03052848845581,-0.11
82.03057648922382,-0.105
82.03062448999184,-0.1025
82.03067249075984,-0.105
82.03072049152786,-0.099999994
82.03076849229588,-0.0975
82.03081649306388,-0.107499994
82.0308644938319,-0.1025
82.0309124945999,-0.107499994
82.03096049536792,-0.107499994
82.03100849613594,-0.099999994
82.03105649690394,-0.105
82.03110449767196,-0.114999995
82.03115249843997,-0.0975
82.03120049920798,-0.1025
82.031248499976,-0.0975
82.031296500744,-0.0875
82.03134450151202,-0.085
82.03139250228003,-0.107499994
82.03144050304805,-0.095
82.03148850381605,-0.095
82.03153650458407,-0.095
82.03158450535209,-0.0975
82.03163250612009,-0.095
82.03168050688811,-0.0925
82.03172850765611,-0.089999996
82.03177650842413,-0.085
82.03182450919215,-0.0875
82.03187250996015,-0.082499996
82.03192051072817,-0.0875
82.03196851149617,-0.1025
82.03201651226419,-0.0975
82.0320645130322,-0.095
82.03211251380021,-0.089999996
82.03216051456823,-0.089999996
82.03220851533624,-0.095
82.03225651610425,-0.0925
82.03230451687226,-0.0975
82.03235251764028,-0.0875
82.0324005184083,-0.095
82.0324485191763,-0.0975
82.03249651994432,-0.0975
82.03254452071232,-0.0975
82.03259252148034,-0.0925
82.03264052224836,-0.089999996
82.03268852301636,-0.0875
82.03273652378438,-0.0775
82.03278452455238,-0.085
82.0328325253204,-0.067499995
82.0328805260884,-0.07
82.03292852685642,-0.067499995
82.03297652762444,-0.06
82.03302452839245,-0.055
82.03307252916046,-0.055
82.03312052992847,-0.044999998
82.03316853069649,-0.0525
82.0332165314645,-0.057499997
82.03326453223251,-0.044999998
82.03331253300053,-0.055
82.03336053376853,-0.0525
82.03340853453655,-0.057499997
82.03345653530457,-0.057499997
82.03350453607257,-0.055
82.03355253684059,-0.055
82.03360053760859,-0.04
82.03364853837661,-0.044999998
82.03369653914461,-0.06
82.03374453991263,-0.07
82.03379254068065,-0.067499995
82.03384054144865,-0.07
82.03388854221667,-0.07
82.03393654298468,-0.07
82.0339845437527,-0.0725
82.03403254452071,-0.065
82.03408054528872,-0.057499997
82.03412854605673,-0.0525
82.03417654682474,-0.0475
82.03422454759276,-0.0425
82.03427254836078,-0.0425
82.03432054912878,-0.035
82.0343685498968,-0.037499998
82.0344165506648,-0.055
82.03446455143282,-0.055
82.03451255220082,-0.0525
82.03456055296884,-0.0525
82.03460855373686,-0.055
82.03465655450486,-0.06
82.03470455527288,-0.0525
82.03475255604089,-0.049999997
82.0348005568089,-0.065
82.03484855757692,-0.06
82.03489655834493,-0.0625
82.03494455911294,-0.055
82.03499255988095,-0.049999997
82.03504056064897,-0.049999997
82.03508856141698,-0.057499997
82.03513656218499,-0.0475
82.035184562953,-0.057499997
82.03523256372101,-0.057499997
82.03528056448903,-0.04
82.03532856525703,-0.0475
82.03537656602505,-0.055
82.03542456679307,-0.0525
82.03547256756107,-0.0525
82.03552056832909,-0.0525
82.0355685690971,-0.0525
82.03561656986511,-0.0625
82.03566457063313,-0.057499997
82.03571257140113,-0.0525
82.03576057216915,-0.049999997
82.03580857293716,-0.044999998
82.03585657370517,-0.044999998
82.0359045744732,-0.0425
82.0359525752412,-0.049999997
82.03600057600922,-0.044999998
82.03604857677722,-0.035
82.03609657754524,-0.04
82.03614457831324,-0.037499998
82.03619257908126,-0.049999997
82.03624057984928,-0.0525
82.03628858061728,-0.057499997
82.0363365813853,-0.055
82.0363845821533,-0.0625
82.03643258292132,-0.055
82.03648058368934,-0.0475
82.03652858445734,-0.04
82.03657658522536,-0.0325
82.03662458599337,-0.0325
82.03667258676138,-0.024999999
82.0367205875294,-0.01
82.0367685882974,-0.005
82.03681658906542,-0.005
82.03686458983343,-0.0025
82.03691259060145,0.005
82.03696059136945,0.0025
82.03700859213747,0.0025
82.03705659290549,0.0
82.03710459367349,-0.005
82.03715259444151,-0.012499999
82.03720059520951,-0.01
82.03724859597753,-0.0025
82.03729659674555,-0.01
82.03734459751355,-0.01
82.03739259828157,-0.0075
82.03744059904957,-0.0075
82.03748859981759,-0.005
82.03753660058561,-0.005
82.03758460135361,-0.0075
82.03763260212163,-0.0075
82.03768060288964,-0.0075
82.03772860365765,-0.01
82.03777660442566,-0.0075
82.03782460519368,-0.005
82.0378726059617,0.0025
82.0379206067297,0.005
82.03796860749772,0.0025
82.03801660826572,0.005
82.03806460903374,0.0075
82.03811260980176,0.0175
82.03816061056976,0.01
82.03820861133778,0.015
82.03825661210578,0.01
82.0383046128738,0.024999999
82.03835261364182,0.022499999
82.03840061440982,0.012499999
82.03844861517784,0.024999999
82.03849661594585,0.022499999
82.03854461671386,0.0325
82.03859261748187,0.0275
82.03864061824989,0.022499999
82.0386886190179,0.03
82.03873661978591,0.04
82.03878462055393,0.03
82.03883262132193,0.0325
82.03888062208995,0.0325
82.03892862285797,0.055
82.03897662362597,0.057499997
82.03902462439399,0.0625
82.03907262516199,0.06
82.03912062593001,0.06
82.03916862669803,0.055
82.03921662746603,0.0775
82.03926462823405,0.07
82.03931262900205,0.074999996
82.03936062977007,0.074999996
82.03940863053808,0.0725
82.0394566313061,0.0775
82.03950463207411,0.089999996
82.03955263284212,0.089999996
82.03960063361014,0.089999996
82.03964863437814,0.0925
82.03969663514616,0.095
82.03974463591418,0.095
82.03979263668218,0.095
82.0398406374502,0.1025
82.0398886382182,0.0925
82.03993663898622,0.105
82.03998463975424,0.105
82.04003264052224,0.1025
82.04008064129026,0.1025
82.04012864205826,0.0975
82.04017664282628,0.11
82.04022464359429,0.1125
82.0402726443623,0.11
82.04032064513032,0.11
82.04036864589833,0.105
82.04041664666634,0.114999995
82.04046464743435,0.1275
82.04051264820237,0.13499999
82.04056064897038,0.12
82.04060864973839,0.1325
82.0406566505064,0.1375
82.04070465127441,0.1275
82.04075265204243,0.13
82.04080065281045,0.125
82.04084865357845,0.1275
82.04089665434647,0.122499995
82.04094465511447,0.125
82.04099265588249,0.122499995
82.0410406566505,0.1325
82.04108865741851,0.1275
82.04113665818653,0.122499995
82.04118465895453,0.125
82.04123265972255,0.122499995
82.04128066049056,0.122499995
82.04132866125858,0.125
82.0413766620266,0.11
82.0414246627946,0.105
82.04147266356262,0.114999995
82.04152066433062,0.107499994
82.04156866509864,0.105
82.04161666586666,0.11
82.04166466663466,0.107499994
82.04171266740268,0.1125
82.04176066817068,0.1175
82.0418086689387,0.122499995
82.0418566697067,0.12
82.04190467047472,0.1125
82.04195267124274,0.122499995
82.04200067201074,0.1175
82.04204867277876,0.1125
82.04209667354677,0.12
82.04214467431478,0.1275
82.0421926750828,0.122499995
82.0422406758508,0.1325
82.04228867661882,0.14
82.04233667738683,0.145
82.04238467815485,0.122499995
82.04243267892286,0.1175
82.04248067969087,0.107499994
82.04252868045889,0.12
82.04257668122689,0.1125
82.04262468199491,0.12
82.04267268276291,0.11
82.04272068353093,0.12
82.04276868429895,0.125
82.04281668506695,0.125
82.04286468583497,0.1375
82.04291268660297,0.1325
82.042960687371,0.13
82.04300868813901,0.13
82.04305668890701,0.14
82.04310468967503,0.1375
82.04315269044304,0.1375
82.04320069121106,0.14
82.04324869197907,0.1425
82.04329669274708,0.1325
82.0433446935151,0.13499999
82.0433926942831,0.145
82.04344069505112,0.145
82.04348869581912,0.14
82.04353669658714,0.145
82.04358469735516,0.14
82.04363269812316,0.14999999
82.04368069889118,0.1525
82.04372869965918,0.1475
82.0437767004272,0.155
82.04382470119522,0.14999999
82.04387270196322,0.16
82.04392070273124,0.155
82.04396870349925,0.155
82.04401670426726,0.1425
82.04406470503528,0.1575
82.04411270580329,0.14999999
82.0441607065713,0.14999999
82.04420870733931,0.16
82.04425670810733,0.16
82.04430470887533,0.155
82.04435270964335,0.16
82.04440071041137,0.1625
82.04444871117937,0.16499999
82.04449671194739,0.175
82.04454471271539,0.16749999
82.04459271348341,0.1775
82.04464071425143,0.1875
82.04468871501943,0.19749999
82.04473671578745,0.17999999
82.04478471655545,0.1775
82.04483271732347,0.175
82.04488071809149,0.1625
82.0449287188595,0.1725
82.04497671962751,0.16499999
82.04502472039552,0.1575
82.04507272116354,0.155
82.04512072193154,0.1525
82.04516872269956,0.1625
82.04521672346758,0.155
82.04526472423558,0.1525
82.0453127250036,0.1625
82.0453607257716,0.17
82.04540872653962,0.1775
82.04545672730764,0.16749999
82.04550472807564,0.1725
82.04555272884366,0.185
82.04560072961166,0.175
82.04564873037968,0.1775
82.0456967311477,0.185
82.0457447319157,0.185
82.04579273268372,0.175
82.04584073345173,0.1775
82.04588873421974,0.175
82.04593673498775,0.16749999
82.04598473575577,0.1775
82.04603273652378,0.1725
82.04608073729179,0.16749999
82.0461287380598,0.1725
82.04617673882781,0.16
82.04622473959583,0.155
82.04627274036385,0.155
82.04632074113185,0.1575
82.04636874189987,0.1575
82.04641674266787,0.14999999
82.04646474343589,0.1525
82.04651274420391,0.1575
82.04656074497191,0.1525
82.04660874573993,0.1525
82.04665674650794,0.145
82.04670474727595,0.1375
82.04675274804396,0.1425
82.04680074881198,0.13
82.04684874958,0.125
82.046896750348,0.1325
82.04694475111602,0.1325
82.04699275188402,0.1275
82.04704075265204,0.122499995
82.04708875342006,0.125
82.04713675418806,0.122499995
82.04718475495608,0.114999995
82.04723275572408,0.107499994
82.0472807564921,0.11
82.04732875726012,0.114999995
82.04737675802812,0.1125
82.04742475879614,0.114999995
82.04747275956414,0.099999994
82.04752076033216,0.11
82.04756876110017,0.1025
82.04761676186818,0.105
82.0476647626362,0.107499994
82.0477127634042,0.0925
82.04776076417222,0.0975
82.04780876494023,0.1025
82.04785676570825,0.0875
82.04790476647626,0.0975
82.04795276724427,0.099999994
82.04800076801229,0.082499996
82.04804876878029,0.0925
82.04809676954831,0.099999994
82.04814477031633,0.105
82.04819277108433,0.089999996
82.04824077185235,0.089999996
82.04828877262035,0.089999996
82.04833677338837,0.085
82.04838477415637,0.08
82.0484327749244,0.074999996
82.04848077569241,0.0775
82.04852877646042,0.089999996
82.04857677722843,0.074999996
82.04862477799644,0.0775
82.04867277876446,0.074999996
82.04872077953247,0.0775
82.04876878030048,0.089999996
82.0488167810685,0.089999996
82.0488647818365,0.08
82.04891278260452,0.095
82.04896078337254,0.08
82.04900878414054,0.085
82.04905678490856,0.0775
82.04910478567656,0.0875
82.04915278644458,0.074999996
82.04920078721258,0.0775
82.0492487879806,0.082499996
82.04929678874862,0.0775
82.04934478951662,0.0725
82.04939279028464,0.0775
82.04944079105265,0.08
82.04948879182066,0.082499996
82.04953679258868,0.0875
82.04958479335669,0.0875
82.0496327941247,0.082499996
82.04968079489271,0.0775
82.04972879566073,0.0925
82.04977679642874,0.0975
82.04982479719675,0.0875
82.04987279796477,0.095
82.04992079873277,0.0925
82.04996879950079,0.0975
82.05001680026879,0.095
82.05006480103681,0.089999996
82.05011280180483,0.095
82.05016080257283,0.0875
82.05020880334085,0.0875
82.05025680410886,0.085
82.05030480487687,0.0875
82.05035280564489,0.0875
82.0504008064129,0.08
82.05044880718091,0.0725
82.05049680794892,0.08
82.05054480871694,0.07
82.05059280948495,0.057499997
82.05064081025296,0.06
82.05068881102098,0.065
82.05073681178898,0.08
82.050784812557,0.08
82.050832813325,0.074999996
82.05088081409302,0.0725
82.05092881486104,0.085
82.05097681562904,0.085
82.05102481639706,0.08
82.05107281716506,0.0775
82.05112081793308,0.07
82.0511688187011,0.057499997
82.0512168194691,0.0625
82.05126482023712,0.057499997
82.05131282100513,0.049999997
82.05136082177314,0.049999997
82.05140882254116,0.0425
82.05145682330917,0.037499998
82.05150482407718,0.037499998
82.05155282484519,0.037499998
82.0516008256132,0.0525
82.05164882638121,0.0475
82.05169682714923,0.0425
82.05174482791725,0.057499997
82.05179282868525,0.0525
82.05184082945327,0.0625
82.05188883022127,0.065
82.05193683098929,0.057499997
82.05198483175731,0.0525
82.05203283252531,0.0525
82.05208083329333,0.0525
82.05212883406134,0.049999997
82.05217683482935,0.044999998
82.05222483559737,0.049999997
82.05227283636538,0.044999998
82.0523208371334,0.037499998
82.0523688379014,0.04
82.05241683866942,0.024999999
82.05246483943742,0.04
82.05251284020544,0.0275
82.05256084097346,0.035
82.05260884174146,0.035
82.05265684250948,0.037499998
82.05270484327748,0.044999998
82.0527528440455,0.0425
82.05280084481352,0.035
82.05284884558152,0.0275
82.05289684634954,0.035
82.05294484711754,0.024999999
82.05299284788556,0.005
82.05304084865358,0.005
82.05308884942158,0.012499999
82.0531368501896,0.02
82.0531848509576,0.0
82.05323285172562,0.005
82.05328085249363,0.01
82.05332885326165,0.02
82.05337685402966,0.0325
82.05342485479767,0.0325
82.05347285556569,0.0325
82.05352085633369,0.044999998
82.05356885710171,0.0325
82.05361685786973,0.03
82.05366485863773,0.037499998
82.05371285940575,0.03
82.05376086017375,0.0175
82.05380886094177,0.005
82.05385686170978,0.0
82.0539048624778,-0.0075
82.05395286324581,-0.0025
82.05400086401382,-0.01
82.05404886478183,-0.01
82.05409686554984,-0.012499999
82.05414486631786,-0.0025
82.05419286708587,0.0075
82.05424086785388,0.01
82.0542888686219,0.005
82.0543368693899,0.005
82.05438487015792,-0.0025
82.05443287092594,-0.005
82.05448087169394,0.0025
82.05452887246196,-0.005
82.05457687322996,0.0
82.05462487399798,0.01
82.05467287476598,-0.0025
82.054720875534,-0.005
82.05476887630202,0.0025
82.05481687707002,-0.0075
82.05486487783804,-0.01
82.05491287860605,0.0
82.05496087937406,-0.005
82.05500888014208,-0.005
82.05505688091009,-0.0025
82.0551048816781,-0.0075
82.05515288244611,0.0025
82.05520088321413,0.0175
82.05524888398215,0.012499999
82.05529688475015,0.01
82.05534488551817,0.015
82.05539288628617,0.01
82.05544088705419,0.015
82.0554888878222,0.0075
82.05553688859021,0.01
82.05558488935823,0.01
82.05563289012623,0.01
82.05568089089425,0.015
82.05572889166226,0.012499999
82.05577689243027,0.005
82.05582489319829,0.012499999
82.0558728939663,0.012499999
82.05592089473431,0.005
82.05596889550232,0.0
82.05601689627034,0.0025
82.05606489703835,0.0
82.05611289780636,0.0
82.05616089857438,-0.005
82.05620889934238,0.0075
82.0562569001104,0.0
82.0563049008784,0.0075
82.05635290164642,0.0025
82.05640090241444,0.01
82.05644890318244,0.012499999
82.05649690395046,0.005
82.05654490471846,-0.0025
82.05659290548648,-0.012499999
82.0566409062545,-0.012499999
82.0566889070225,-0.012499999
82.05673690779052,-0.005
82.05678490855853,-0.012499999
82.05683290932654,-0.022499999
82.05688091009456,-0.0175
82.05692891086257,-0.0175
82.05697691163058,-0.0275
82.05702491239859,-0.035
82.0570729131666,-0.0325
82.05712091393461,-0.0325
82.05716891470263,-0.0325
82.05721691547065,-0.0325
82.05726491623865,-0.0275
82.05731291700667,-0.0275
82.05736091777467,-0.03
82.05740891854269,-0.037499998
82.05745691931071,-0.035
82.05750492007871,-0.035
82.05755292084673,-0.037499998
82.05760092161474,-0.04
82.05764892238275,-0.037499998
82.05769692315077,-0.037499998
82.05774492391878,-0.044999998
82.0577929246868,-0.0425
82.0578409254548,-0.055
82.05788892622282,-0.044999998
82.05793692699082,-0.0425
82.05798492775884,-0.0425
82.05803292852686,-0.06
82.05808092929486,-0.08
82.05812893006288,-0.082499996
82.05817693083088,-0.082499996
82.0582249315989,-0.089999996
82.05827293236692,-0.0875
82.05832093313492,-0.089999996
82.05836893390294,-0.089999996
82.05841693467094,-0.08
82.05846493543896,-0.0775
82.05851293620698,-0.085
82.05856093697498,-0.0975
82.058608937743,-0.0975
82.058656938511,-0.089999996
82.05870493927902,-0.0925
82.05875294004703,-0.089999996
82.05880094081505,-0.0925
82.05884894158307,-0.08
82.05889694235107,-0.082499996
82.05894494311909,-0.08
82.05899294388709,-0.074999996
82.05904094465511,-0.085
82.05908894542313,-0.085
82.05913694619113,-0.089999996
82.05918494695915,-0.107499994
82.05923294772715,-0.105
82.05928094849517,-0.107499994
82.05932894926319,-0.1175
82.0593769500312,-0.107499994
82.05942495079921,-0.107499994
82.05947295156722,-0.099999994
82.05952095233523,-0.107499994
82.05956895310324,-0.0975
82.05961695387126,-0.099999994
82.05966495463927,-0.0875
82.05971295540728,-0.089999996
82.0597609561753,-0.085
82.0598089569433,-0.08
82.05985695771132,-0.085
82.05990495847934,-0.099999994
82.05995295924734,-0.105
82.06000096001536,-0.0925
82.06004896078336,-0.095
82.06009696155138,-0.107499994
82.0601449623194,-0.1125
82.0601929630874,-0.099999994
82.06024096385542,-0.1025
82.06028896462342,-0.1025
82.06033696539144,-0.095
82.06038496615945,-0.1025
82.06043296692746,-0.0925
82.06048096769548,-0.0925
82.06052896846349,-0.089999996
82.0605769692315,-0.0925
82.06062496999951,-0.099999994
82.06067297076753,-0.0925
82.06072097153555,-0.1025
82.06076897230355,-0.1025
82.06081697307157,-0.105
82.06086497383957,-0.1025
82.06091297460759,-0.107499994
82.06096097537561,-0.099999994
82.06100897614361,-0.114999995
82.06105697691163,-0.107499994
82.06110497767963,-0.105
82.06115297844765,-0.095
82.06120097921566,-0.0925
82.06124897998367,-0.0925
82.06129698075169,-0.0775
82.0613449815197,-0.0775
82.06139298228771,-0.07
82.06144098305572,-0.08
82.06148898382374,-0.0775
82.06153698459175,-0.0875
82.06158498535976,-0.082499996
82.06163298612778,-0.082499996
82.06168098689578,-0.074999996
82.0617289876638,-0.085
82.06177698843182,-0.0875
82.06182498919982,-0.089999996
82.06187298996784,-0.0925
82.06192099073584,-0.0875
82.06196899150386,-0.085
82.06201699227186,-0.085
82.06206499303988,-0.0725
82.0621129938079,-0.0725
82.0621609945759,-0.067499995
82.06220899534392,-0.065
