Tiempo (s),Datos
134.25733211731387,-0.02
134.25738011808187,-0.022499999
134.2574281188499,-0.02
134.2574761196179,-0.0175
134.2575241203859,-0.015
134.25757212115394,-0.02
134.25762012192195,0.0
134.25766812268995,0.0025
134.25771612345795,0.005
134.257764124226,-0.0025
134.257812124994,0.0
134.257860125762,-0.0025
134.25790812653003,-0.005
134.25795612729803,-0.0075
134.25800412806603,-0.012499999
134.25805212883407,-0.0175
134.25810012960207,-0.022499999
134.25814813037007,-0.024999999
134.25819613113808,-0.022499999
134.2582441319061,-0.0325
134.25829213267411,-0.037499998
134.25834013344212,-0.03
134.25838813421015,-0.035
134.25843613497815,-0.03
134.25848413574616,-0.02
134.25853213651416,-0.0325
134.2585801372822,-0.035
134.2586281380502,-0.024999999
134.2586761388182,-0.03
134.25872413958623,-0.04
134.25877214035424,-0.035
134.25882014112224,-0.0325
134.25886814189028,-0.044999998
134.25891614265828,-0.037499998
134.25896414342628,-0.0475
134.2590121441943,-0.0325
134.25906014496232,-0.037499998
134.25910814573032,-0.055
134.25915614649833,-0.0625
134.25920414726636,-0.0475
134.25925214803436,-0.057499997
134.25930014880237,-0.049999997
134.25934814957037,-0.049999997
134.2593961503384,-0.06
134.2594441511064,-0.06
134.2594921518744,-0.049999997
134.25954015264244,-0.055
134.25958815341045,-0.049999997
134.25963615417845,-0.0525
134.25968415494648,-0.055
134.2597321557145,-0.06
134.2597801564825,-0.067499995
134.2598281572505,-0.0725
134.25987615801853,-0.067499995
134.25992415878653,-0.074999996
134.25997215955454,-0.067499995
134.26002016032257,-0.0775
134.26006816109057,-0.067499995
134.26011616185858,-0.065
134.26016416262658,-0.065
134.2602121633946,-0.067499995
134.26026016416262,-0.07
134.26030816493062,-0.0725
134.26035616569865,-0.0775
134.26040416646666,-0.067499995
134.26045216723466,-0.08
134.2605001680027,-0.07
134.2605481687707,-0.07
134.2605961695387,-0.074999996
134.2606441703067,-0.074999996
134.26069217107474,-0.0775
134.26074017184274,-0.0725
134.26078817261075,-0.082499996
134.26083617337878,-0.07
134.26088417414678,-0.082499996
134.26093217491479,-0.082499996
134.2609801756828,-0.082499996
134.26102817645082,-0.085
134.26107617721883,-0.082499996
134.26112417798683,-0.0875
134.26117217875486,-0.0875
134.26122017952287,-0.089999996
134.26126818029087,-0.0925
134.2613161810589,-0.0925
134.2613641818269,-0.095
134.2614121825949,-0.099999994
134.2614601833629,-0.105
134.26150818413095,-0.107499994
134.26155618489895,-0.11
134.26160418566695,-0.095
134.261652186435,-0.0975
134.261700187203,-0.107499994
134.261748187971,-0.105
134.261796188739,-0.11
134.26184418950703,-0.114999995
134.26189219027503,-0.107499994
134.26194019104304,-0.1125
134.26198819181107,-0.1175
134.26203619257907,-0.122499995
134.26208419334708,-0.13
134.2621321941151,-0.1425
134.26218019488311,-0.145
134.26222819565112,-0.1325
134.26227619641912,-0.145
134.26232419718716,-0.16
134.26237219795516,-0.16499999
134.26242019872316,-0.155
134.2624681994912,-0.155
134.2625162002592,-0.1625
134.2625642010272,-0.16
134.2626122017952,-0.1625
134.26266020256324,-0.16
134.26270820333124,-0.155
134.26275620409925,-0.16
134.26280420486728,-0.1625
134.26285220563528,-0.155
134.2629002064033,-0.1375
134.26294820717132,-0.1475
134.26299620793932,-0.1475
134.26304420870733,-0.14
134.26309220947533,-0.13
134.26314021024336,-0.1125
134.26318821101137,-0.1125
134.26323621177937,-0.105
134.2632842125474,-0.12
134.2633322133154,-0.105
134.2633802140834,-0.122499995
134.26342821485142,-0.13
134.26347621561945,-0.122499995
134.26352421638745,-0.1275
134.26357221715546,-0.13
134.2636202179235,-0.13
134.2636682186915,-0.13
134.2637162194595,-0.122499995
134.26376422022753,-0.1175
134.26381222099553,-0.12
134.26386022176354,-0.114999995
134.26390822253154,-0.1125
134.26395622329957,-0.0975
134.26400422406758,-0.0975
134.26405222483558,-0.089999996
134.2641002256036,-0.0925
134.26414822637162,-0.0875
134.26419622713962,-0.0925
134.26424422790762,-0.0925
134.26429222867566,-0.0925
134.26434022944366,-0.0925
134.26438823021167,-0.085
134.2644362309797,-0.08
134.2644842317477,-0.0775
134.2645322325157,-0.074999996
134.26458023328374,-0.067499995
134.26462823405174,-0.074999996
134.26467623481975,-0.074999996
134.26472423558775,-0.065
134.26477223635578,-0.06
134.26482023712379,-0.0525
134.2648682378918,-0.055
134.26491623865982,-0.0475
134.26496423942783,-0.0625
134.26501224019583,-0.057499997
134.26506024096383,-0.049999997
134.26510824173187,-0.0525
134.26515624249987,-0.0525
134.26520424326787,-0.057499997
134.2652522440359,-0.0525
134.2653002448039,-0.055
134.26534824557191,-0.06
134.26539624633995,-0.067499995
134.26544424710795,-0.065
134.26549224787595,-0.065
134.26554024864396,-0.049999997
134.265588249412,-0.049999997
134.26563625018,-0.04
134.265684250948,-0.0475
134.26573225171603,-0.0475
134.26578025248403,-0.044999998
134.26582825325204,-0.049999997
134.26587625402004,-0.0625
134.26592425478808,-0.057499997
134.26597225555608,-0.067499995
134.26602025632408,-0.07
134.26606825709212,-0.0725
134.26611625786012,-0.07
134.26616425862812,-0.08
134.26621225939616,-0.08
134.26626026016416,-0.08
134.26630826093216,-0.08
134.26635626170017,-0.067499995
134.2664042624682,-0.06
134.2664522632362,-0.0625
134.2665002640042,-0.055
134.26654826477224,-0.057499997
134.26659626554024,-0.055
134.26664426630825,-0.0475
134.26669226707625,-0.0525
134.26674026784428,-0.06
134.2667882686123,-0.0525
134.2668362693803,-0.055
134.26688427014832,-0.049999997
134.26693227091633,-0.0425
134.26698027168433,-0.049999997
134.26702827245236,-0.04
134.26707627322037,-0.044999998
134.26712427398837,-0.0475
134.26717227475638,-0.037499998
134.2672202755244,-0.049999997
134.2672682762924,-0.0425
134.26731627706042,-0.0325
134.26736427782845,-0.0325
134.26741227859645,-0.037499998
134.26746027936446,-0.04
134.26750828013246,-0.035
134.2675562809005,-0.049999997
134.2676042816685,-0.0475
134.2676522824365,-0.04
134.26770028320453,-0.037499998
134.26774828397254,-0.049999997
134.26779628474054,-0.0425
134.26784428550857,-0.044999998
134.26789228627658,-0.0425
134.26794028704458,-0.04
134.26798828781259,-0.0525
134.26803628858062,-0.037499998
134.26808428934862,-0.0425
134.26813229011663,-0.035
134.26818029088466,-0.03
134.26822829165266,-0.0325
134.26827629242067,-0.0325
134.26832429318867,-0.022499999
134.2683722939567,-0.024999999
134.2684202947247,-0.015
134.2684682954927,-0.0175
134.26851629626074,-0.0175
134.26856429702875,-0.015
134.26861229779675,-0.0075
134.26866029856478,-0.015
134.2687082993328,-0.005
134.2687563001008,-0.005
134.2688043008688,-0.015
134.26885230163683,-0.0175
134.26890030240483,-0.0075
134.26894830317283,-0.0025
134.26899630394087,-0.0025
134.26904430470887,-0.01
134.26909230547687,0.0025
134.26914030624488,0.0
134.2691883070129,-0.0075
134.26923630778091,0.005
134.26928430854892,-0.01
134.26933230931695,-0.0075
134.26938031008495,-0.0025
134.26942831085296,-0.012499999
134.269476311621,-0.005
134.269524312389,0.0025
134.269572313157,0.0
134.269620313925,0.005
134.26966831469304,0.0025
134.26971631546104,-0.0025
134.26976431622904,0.0025
134.26981231699708,0.0
134.26986031776508,-0.01
134.26990831853308,-0.01
134.2699563193011,-0.0175
134.27000432006912,-0.022499999
134.27005232083712,-0.02
134.27010032160513,-0.024999999
134.27014832237316,-0.022499999
134.27019632314116,-0.0275
134.27024432390917,-0.012499999
134.2702923246772,-0.0175
134.2703403254452,-0.0275
134.2703883262132,-0.037499998
134.2704363269812,-0.024999999
134.27048432774924,-0.02
134.27053232851725,-0.024999999
134.27058032928525,-0.0325
134.27062833005328,-0.04
134.2706763308213,-0.015
134.2707243315893,-0.012499999
134.2707723323573,-0.024999999
134.27082033312533,-0.022499999
134.27086833389333,-0.015
134.27091633466134,-0.02
134.27096433542937,-0.024999999
134.27101233619737,-0.022499999
134.27106033696538,-0.0275
134.2711083377334,-0.035
134.2711563385014,-0.0325
134.27120433926942,-0.0475
134.27125234003742,-0.044999998
134.27130034080545,-0.0325
134.27134834157346,-0.0275
134.27139634234146,-0.035
134.2714443431095,-0.04
134.2714923438775,-0.055
134.2715403446455,-0.049999997
134.2715883454135,-0.055
134.27163634618154,-0.0425
134.27168434694954,-0.03
134.27173234771755,-0.0275
134.27178034848558,-0.02
134.27182834925358,-0.02
134.27187635002159,-0.0175
134.27192435078962,-0.012499999
134.27197235155762,-0.015
134.27202035232563,-0.015
134.27206835309363,-0.0025
134.27211635386166,-0.0025
134.27216435462967,-0.01
134.27221235539767,0.0025
134.2722603561657,0.0025
134.2723083569337,0.005
134.2723563577017,0.0075
134.27240435846971,0.012499999
134.27245235923775,0.015
134.27250036000575,0.01
134.27254836077375,0.01
134.2725963615418,0.02
134.2726443623098,0.035
134.2726923630778,0.0275
134.27274036384583,0.035
134.27278836461383,0.044999998
134.27283636538183,0.0475
134.27288436614984,0.0425
134.27293236691787,0.0525
134.27298036768588,0.057499997
134.27302836845388,0.055
134.2730763692219,0.057499997
134.27312436998992,0.057499997
134.27317237075792,0.055
134.27322037152592,0.057499997
134.27326837229396,0.0625
134.27331637306196,0.065
134.27336437382996,0.067499995
134.273412374598,0.0725
134.273460375366,0.0725
134.273508376134,0.06
134.27355637690204,0.065
134.27360437767004,0.057499997
134.27365237843804,0.0625
134.27370037920605,0.0625
134.27374837997408,0.07
134.27379638074208,0.06
134.2738443815101,0.044999998
134.27389238227812,0.0475
134.27394038304612,0.0275
134.27398838381413,0.024999999
134.27403638458213,0.0325
134.27408438535016,0.03
134.27413238611817,0.03
134.27418038688617,0.0275
134.2742283876542,0.03
134.2742763884222,0.0325
134.2743243891902,0.037499998
134.27437238995824,0.035
134.27442039072625,0.0425
134.27446839149425,0.04
134.27451639226226,0.0275
134.2745643930303,0.03
134.2746123937983,0.03
134.2746603945663,0.024999999
134.27470839533433,0.012499999
134.27475639610233,0.012499999
134.27480439687034,0.005
134.27485239763834,0.0025
134.27490039840637,0.01
134.27494839917438,0.005
134.27499639994238,-0.0025
134.2750444007104,0.0075
134.27509240147842,0.01
134.27514040224642,0.012499999
134.27518840301445,0.0075
134.27523640378246,0.015
134.27528440455046,0.0075
134.27533240531847,0.0175
134.2753804060865,0.012499999
134.2754284068545,0.022499999
134.2754764076225,0.0325
134.27552440839054,0.035
134.27557240915854,0.03
134.27562040992655,0.0425
134.27566841069455,0.0325
134.27571641146258,0.04
134.2757644122306,0.03
134.2758124129986,0.04
134.27586041376662,0.044999998
134.27590841453463,0.0475
134.27595641530263,0.0525
134.27600441607066,0.0475
134.27605241683867,0.057499997
134.27610041760667,0.06
134.27614841837467,0.0525
134.2761964191427,0.06
134.2762444199107,0.06
134.27629242067871,0.065
134.27634042144675,0.065
134.27638842221475,0.07
134.27643642298275,0.065
134.27648442375076,0.065
134.2765324245188,0.057499997
134.2765804252868,0.067499995
134.2766284260548,0.07
134.27667642682283,0.074999996
134.27672442759084,0.0725
134.27677242835884,0.0725
134.27682042912687,0.067499995
134.27686842989488,0.0725
134.27691643066288,0.065
134.27696443143088,0.07
134.27701243219892,0.055
134.27706043296692,0.0625
134.27710843373492,0.06
134.27715643450296,0.067499995
134.27720443527096,0.06
134.27725243603896,0.06
134.27730043680697,0.07
134.277348437575,0.067499995
134.277396438343,0.074999996
134.277444439111,0.0725
134.27749243987904,0.07
134.27754044064704,0.0625
134.27758844141505,0.074999996
134.27763644218308,0.0775
134.27768444295108,0.07
134.2777324437191,0.082499996
134.2777804444871,0.08
134.27782844525512,0.082499996
134.27787644602313,0.085
134.27792444679113,0.08
134.27797244755916,0.0775
134.27802044832717,0.07
134.27806844909517,0.082499996
134.27811644986318,0.082499996
134.2781644506312,0.085
134.2782124513992,0.085
134.27826045216722,0.0775
134.27830845293525,0.082499996
134.27835645370325,0.085
134.27840445447126,0.082499996
134.2784524552393,0.074999996
134.2785004560073,0.08
134.2785484567753,0.08
134.2785964575433,0.082499996
134.27864445831133,0.0925
134.27869245907934,0.082499996
134.27874045984734,0.089999996
134.27878846061537,0.085
134.27883646138338,0.089999996
134.27888446215138,0.095
134.27893246291939,0.099999994
134.27898046368742,0.085
134.27902846445542,0.0775
134.27907646522343,0.067499995
134.27912446599146,0.085
134.27917246675946,0.0725
134.27922046752747,0.0625
134.2792684682955,0.07
134.2793164690635,0.065
134.2793644698315,0.067499995
134.2794124705995,0.07
134.27946047136754,0.074999996
134.27950847213555,0.074999996
134.27955647290355,0.074999996
134.27960447367158,0.0775
134.2796524744396,0.0775
134.2797004752076,0.089999996
134.2797484759756,0.089999996
134.27979647674363,0.0925
134.27984447751163,0.0925
134.27989247827963,0.1025
134.27994047904767,0.107499994
134.27998847981567,0.1025
134.28003648058368,0.0875
134.2800844813517,0.0875
134.2801324821197,0.085
134.28018048288772,0.074999996
134.28022848365572,0.08
134.28027648442375,0.0775
134.28032448519176,0.0725
134.28037248595976,0.074999996
134.2804204867278,0.067499995
134.2804684874958,0.08
134.2805164882638,0.0775
134.2805644890318,0.082499996
134.28061248979984,0.08
134.28066049056784,0.0775
134.28070849133584,0.0875
134.28075649210388,0.085
134.28080449287188,0.082499996
134.28085249363988,0.08
134.28090049440792,0.074999996
134.28094849517592,0.0775
134.28099649594392,0.0725
134.28104449671193,0.065
134.28109249747996,0.07
134.28114049824796,0.0725
134.28118849901597,0.0725
134.281236499784,0.07
134.281284500552,0.0725
134.28133250132,0.074999996
134.281380502088,0.085
134.28142850285604,0.085
134.28147650362405,0.0875
134.28152450439205,0.099999994
134.28157250516009,0.1025
134.2816205059281,0.105
134.2816685066961,0.107499994
134.28171650746413,0.105
134.28176450823213,0.107499994
134.28181250900013,0.11
134.28186050976814,0.114999995
134.28190851053617,0.1125
134.28195651130417,0.105
134.28200451207218,0.1125
134.2820525128402,0.1175
134.2821005136082,0.1325
134.28214851437622,0.14
134.28219651514422,0.1325
134.28224451591225,0.1525
134.28229251668026,0.1575
134.28234051744826,0.16
134.2823885182163,0.1575
134.2824365189843,0.1625
134.2824845197523,0.1525
134.28253252052033,0.1525
134.28258052128834,0.145
134.28262852205634,0.14
134.28267652282435,0.1375
134.28272452359238,0.13
134.28277252436038,0.12
134.2828205251284,0.1175
134.28286852589642,0.122499995
134.28291652666442,0.12
134.28296452743243,0.125
134.28301252820043,0.125
134.28306052896846,0.12
134.28310852973647,0.1375
134.28315653050447,0.13
134.2832045312725,0.13
134.2832525320405,0.14
134.2833005328085,0.1375
134.28334853357654,0.13499999
134.28339653434455,0.13
134.28344453511255,0.125
134.28349253588055,0.122499995
134.2835405366486,0.13
134.2835885374166,0.13
134.2836365381846,0.114999995
134.28368453895263,0.1325
134.28373253972063,0.13499999
134.28378054048864,0.13
134.28382854125664,0.13
134.28387654202467,0.1375
134.28392454279268,0.125
134.28397254356068,0.114999995
134.2840205443287,0.125
134.28406854509672,0.114999995
134.28411654586472,0.1325
134.28416454663275,0.125
134.28421254740076,0.1175
134.28426054816876,0.1175
134.28430854893676,0.122499995
134.2843565497048,0.12
134.2844045504728,0.1125
134.2844525512408,0.107499994
134.28450055200884,0.122499995
134.28454855277684,0.114999995
134.28459655354484,0.1125
134.28464455431285,0.107499994
134.28469255508088,0.1025
134.28474055584888,0.099999994
134.2847885566169,0.105
134.28483655738492,0.1025
134.28488455815292,0.107499994
134.28493255892093,0.099999994
134.28498055968896,0.1025
134.28502856045696,0.105
134.28507656122497,0.099999994
134.28512456199297,0.107499994
134.285172562761,0.099999994
134.285220563529,0.095
134.285268564297,0.095
134.28531656506505,0.089999996
134.28536456583305,0.0925
134.28541256660105,0.0775
134.28546056736906,0.07
134.2855085681371,0.0725
134.2855565689051,0.067499995
134.2856045696731,0.07
134.28565257044113,0.065
134.28570057120913,0.0625
134.28574857197714,0.067499995
134.28579657274514,0.0625
134.28584457351317,0.065
134.28589257428118,0.057499997
134.28594057504918,0.0525
134.2859885758172,0.0625
134.28603657658522,0.07
134.28608457735322,0.07
134.28613257812125,0.074999996
134.28618057888926,0.065
134.28622857965726,0.074999996
134.28627658042527,0.06
134.2863245811933,0.065
134.2863725819613,0.065
134.2864205827293,0.067499995
134.28646858349734,0.065
134.28651658426534,0.057499997
134.28656458503335,0.0625
134.28661258580135,0.057499997
134.28666058656938,0.049999997
134.2867085873374,0.057499997
134.2867565881054,0.055
134.28680458887342,0.06
134.28685258964143,0.065
134.28690059040943,0.055
134.28694859117746,0.06
134.28699659194547,0.055
134.28704459271347,0.057499997
134.28709259348147,0.065
134.2871405942495,0.067499995
134.2871885950175,0.0725
134.28723659578552,0.067499995
134.28728459655355,0.082499996
134.28733259732155,0.0775
134.28738059808956,0.085
134.28742859885756,0.0925
134.2874765996256,0.0975
134.2875246003936,0.11
134.2875726011616,0.1025
134.28762060192963,0.099999994
134.28766860269764,0.0975
134.28771660346564,0.0975
134.28776460423367,0.0975
134.28781260500168,0.0975
134.28786060576968,0.089999996
134.28790860653768,0.11
134.28795660730572,0.11
134.28800460807372,0.105
134.28805260884172,0.1025
134.28810060960976,0.1025
134.28814861037776,0.0975
134.28819661114576,0.0925
134.28824461191377,0.0925
134.2882926126818,0.107499994
134.2883406134498,0.12
134.2883886142178,0.125
134.28843661498584,0.122499995
134.28848461575384,0.1325
134.28853261652185,0.1325
134.28858061728988,0.14
134.28862861805788,0.13499999
134.2886766188259,0.1325
134.2887246195939,0.14
134.28877262036193,0.14
134.28882062112993,0.122499995
134.28886862189793,0.13
134.28891662266597,0.1175
134.28896462343397,0.125
134.28901262420197,0.12
134.28906062496998,0.1125
134.289108625738,0.1175
134.289156626506,0.1175
134.28920462727402,0.122499995
134.28925262804205,0.1175
134.28930062881005,0.1175
134.28934862957806,0.1175
134.2893966303461,0.122499995
134.2894446311141,0.114999995
134.2894926318821,0.1125
134.2895406326501,0.12
134.28958863341813,0.114999995
134.28963663418614,0.1025
134.28968463495414,0.095
134.28973263572217,0.095
134.28978063649018,0.095
134.28982863725818,0.0975
134.2898766380262,0.095
134.28992463879422,0.099999994
134.28997263956222,0.089999996
134.29002064033023,0.0925
134.29006864109826,0.089999996
134.29011664186626,0.0975
134.29016464263427,0.0925
134.2902126434023,0.0875
134.2902606441703,0.099999994
134.2903086449383,0.099999994
134.2903566457063,0.089999996
134.29040464647434,0.0875
134.29045264724235,0.099999994
134.29050064801035,0.082499996
134.29054864877838,0.0725
134.2905966495464,0.055
134.2906446503144,0.057499997
134.2906926510824,0.057499997
134.29074065185043,0.057499997
134.29078865261843,0.067499995
134.29083665338644,0.065
134.29088465415447,0.07
134.29093265492247,0.08
134.29098065569048,0.074999996
134.2910286564585,0.0875
134.2910766572265,0.082499996
134.29112465799452,0.08
134.29117265876252,0.08
134.29122065953055,0.08
134.29126866029856,0.0775
134.29131666106656,0.065
134.2913646618346,0.0475
134.2914126626026,0.0475
134.2914606633706,0.0475
134.2915086641386,0.0275
134.29155666490664,0.0275
134.29160466567464,0.02
134.29165266644264,0.01
134.29170066721068,0.015
134.29174866797868,0.01
134.29179666874668,0.015
134.29184466951472,0.0075
134.29189267028272,0.0
134.29194067105072,-0.005
134.29198867181873,-0.005
134.29203667258676,-0.0025
134.29208467335476,-0.0075
134.29213267412277,-0.0025
134.2921806748908,-0.015
134.2922286756588,-0.02
134.2922766764268,-0.02
134.2923246771948,-0.012499999
134.29237267796285,-0.012499999
134.29242067873085,-0.0075
134.29246867949885,-0.01
134.29251668026689,-0.012499999
134.2925646810349,-0.015
134.2926126818029,-0.015
134.29266068257093,-0.012499999
134.29270868333893,-0.0075
134.29275668410693,-0.0075
134.29280468487494,-0.005
134.29285268564297,-0.02
134.29290068641097,-0.0175
134.29294868717898,-0.01
134.292996687947,-0.015
134.293044688715,-0.012499999
134.29309268948302,-0.02
134.29314069025102,-0.02
134.29318869101905,-0.02
134.29323669178706,-0.01
134.29328469255506,-0.015
134.2933326933231,-0.024999999
134.2933806940911,-0.02
134.2934286948591,-0.022499999
134.29347669562713,-0.0175
134.29352469639514,-0.0175
134.29357269716314,-0.012499999
134.29362069793115,-0.015
134.29366869869918,-0.022499999
134.29371669946718,-0.01
134.2937647002352,-0.0175
134.29381270100322,-0.0175
134.29386070177122,-0.0175
134.29390870253923,-0.015
134.29395670330723,-0.012499999
134.29400470407526,-0.005
134.29405270484327,-0.01
134.29410070561127,-0.0075
134.2941487063793,-0.01
134.2941967071473,-0.005
134.2942447079153,-0.0025
134.29429270868334,0.005
134.29434070945135,-0.0075
134.29438871021935,-0.005
134.29443671098736,-0.005
134.2944847117554,-0.005
134.2945327125234,0.0
134.2945807132914,-0.005
134.29462871405943,-0.005
134.29467671482743,-0.0075
134.29472471559544,-0.005
134.29477271636344,-0.012499999
134.29482071713147,-0.005
134.29486871789948,-0.01
134.29491671866748,-0.0175
134.2949647194355,-0.0175
134.29501272020352,-0.02
134.29506072097152,-0.0075
134.29510872173955,-0.015
134.29515672250756,-0.0275
134.29520472327556,-0.0175
134.29525272404356,-0.02
134.2953007248116,-0.022499999
134.2953487255796,-0.02
134.2953967263476,-0.04
134.29544472711564,-0.03
134.29549272788364,-0.035
134.29554072865164,-0.024999999
134.29558872941965,-0.015
134.29563673018768,-0.037499998
134.29568473095568,-0.035
134.2957327317237,-0.035
134.29578073249172,-0.024999999
134.29582873325973,-0.03
134.29587673402773,-0.0325
134.29592473479576,-0.04
134.29597273556377,-0.037499998
134.29602073633177,-0.02
134.29606873709977,-0.024999999
134.2961167378678,-0.0275
134.2961647386358,-0.022499999
134.2962127394038,0.0
134.29626074017185,-0.012499999
134.29630874093985,-0.012499999
134.29635674170785,-0.015
134.29640474247586,-0.0075
134.2964527432439,0.0025
134.2965007440119,0.0025
134.2965487447799,0.0075
134.29659674554793,0.0
134.29664474631593,0.0025
134.29669274708394,-0.0075
134.29674074785197,-0.01
134.29678874861997,-0.015
134.29683674938798,-0.02
134.29688475015598,-0.012499999
134.29693275092401,-0.01
134.29698075169202,-0.015
134.29702875246002,-0.01
134.29707675322805,-0.012499999
134.29712475399606,0.005
134.29717275476406,0.005
134.29722075553207,0.01
134.2972687563001,0.0075
134.2973167570681,0.015
134.2973647578361,0.024999999
134.29741275860414,0.0275
134.29746075937214,0.024999999
134.29750876014015,0.0275
134.29755676090818,0.0275
134.29760476167618,0.015
134.2976527624442,0.024999999
134.2977007632122,0.0175
134.29774876398022,0.0175
134.29779676474823,0.03
134.29784476551623,0.02
134.29789276628426,0.035
134.29794076705227,0.03
134.29798876782027,0.0325
134.29803676858828,0.0325
134.2980847693563,0.0475
134.2981327701243,0.0425
134.29818077089232,0.0425
134.29822877166035,0.0425
134.29827677242835,0.04
134.29832477319636,0.049999997
134.2983727739644,0.049999997
134.2984207747324,0.044999998
134.2984687755004,0.055
134.2985167762684,0.044999998
134.29856477703643,0.0475
134.29861277780444,0.057499997
134.29866077857244,0.049999997
134.29870877934047,0.057499997
134.29875678010848,0.057499997
134.29880478087648,0.055
134.29885278164448,0.065
134.29890078241252,0.07
134.29894878318052,0.085
134.29899678394852,0.08
134.29904478471656,0.074999996
134.29909278548456,0.065
134.29914078625256,0.067499995
134.2991887870206,0.065
134.2992367877886,0.065
134.2992847885566,0.057499997
134.2993327893246,0.0525
134.29938079009264,0.044999998
134.29942879086065,0.0475
134.29947679162865,0.055
134.29952479239668,0.057499997
134.29957279316469,0.057499997
134.2996207939327,0.0625
134.2996687947007,0.074999996
134.29971679546873,0.0775
134.29976479623673,0.074999996
134.29981279700473,0.0775
134.29986079777277,0.089999996
134.29990879854077,0.105
134.29995679930877,0.0975
134.3000048000768,0.105
134.3000528008448,0.1125
134.3001008016128,0.107499994
134.30014880238082,0.11
134.30019680314885,0.107499994
134.30024480391685,0.114999995
134.30029280468486,0.122499995
134.3003408054529,0.122499995
134.3003888062209,0.122499995
134.3004368069889,0.125
134.3004848077569,0.11
134.30053280852493,0.125
134.30058080929294,0.1275
134.30062881006094,0.1275
134.30067681082897,0.13499999
134.30072481159698,0.1375
134.30077281236498,0.1325
134.30082081313302,0.1325
134.30086881390102,0.1375
134.30091681466902,0.14
134.30096481543703,0.1525
134.30101281620506,0.14999999
134.30106081697306,0.155
134.30110881774107,0.1575
134.3011568185091,0.16749999
134.3012048192771,0.1575
134.3012528200451,0.1525
134.3013008208131,0.1625
134.30134882158114,0.17
134.30139682234915,0.16749999
134.30144482311715,0.16
134.30149282388518,0.17
134.3015408246532,0.16499999
134.3015888254212,0.16499999
134.30163682618922,0.1575
134.30168482695723,0.1525
134.30173282772523,0.1575
134.30178082849324,0.1525
134.30182882926127,0.1525
134.30187683002927,0.1625
134.30192483079728,0.1575
134.3019728315653,0.1625
134.3020208323333,0.1575
134.30206883310132,0.14999999
134.30211683386932,0.1525
134.30216483463735,0.1525
134.30221283540536,0.14999999
134.30226083617336,0.1525
134.3023088369414,0.16
134.3023568377094,0.155
134.3024048384774,0.1625
134.30245283924543,0.1575
134.30250084001344,0.16499999
134.30254884078144,0.16
134.30259684154944,0.16499999
134.30264484231748,0.17
134.30269284308548,0.16
134.30274084385348,0.1625
134.30278884462152,0.1625
134.30283684538952,0.16
134.30288484615753,0.16749999
134.30293284692553,0.16
134.30298084769356,0.16499999
134.30302884846157,0.16499999
134.30307684922957,0.1575
134.3031248499976,0.155
134.3031728507656,0.14999999
134.3032208515336,0.1425
134.30326885230164,0.1325
134.30331685306965,0.122499995
134.30336485383765,0.11
134.30341285460565,0.122499995
134.3034608553737,0.099999994
134.3035088561417,0.095
134.3035568569097,0.095
134.30360485767773,0.0875
134.30365285844573,0.074999996
134.30370085921373,0.074999996
134.30374885998174,0.082499996
134.30379686074977,0.095
134.30384486151777,0.08
134.30389286228578,0.0775
134.3039408630538,0.0875
134.30398886382181,0.105
134.30403686458982,0.11
134.30408486535785,0.1125
134.30413286612585,0.122499995
134.30418086689386,0.13
134.30422886766186,0.1325
134.3042768684299,0.1275
134.3043248691979,0.1375
134.3043728699659,0.13
134.30442087073394,0.13
134.30446887150194,0.1375
134.30451687226994,0.125
134.30456487303795,0.14999999
134.30461287380598,0.1375
134.30466087457398,0.1375
134.304708875342,0.13
134.30475687611002,0.1175
134.30480487687802,0.125
134.30485287764603,0.122499995
134.30490087841406,0.122499995
134.30494887918206,0.13
134.30499687995007,0.1325
134.30504488071807,0.1425
134.3050928814861,0.1475
134.3051408822541,0.1525
134.3051888830221,0.14999999
134.30523688379014,0.1475
134.30528488455815,0.1475
134.30533288532615,0.1575
134.30538088609416,0.155
134.3054288868622,0.1475
134.3054768876302,0.13
134.3055248883982,0.13
134.30557288916623,0.13
134.30562088993423,0.1275
134.30566889070224,0.125
134.30571689147027,0.12
134.30576489223827,0.12
134.30581289300628,0.13
134.30586089377428,0.13
134.3059088945423,0.13499999
134.30595689531032,0.14
134.30600489607832,0.145
134.30605289684635,0.1525
134.30610089761436,0.1475
134.30614889838236,0.1575
134.30619689915036,0.1575
134.3062448999184,0.1525
134.3062929006864,0.1525
134.3063409014544,0.16
134.30638890222244,0.1625
134.30643690299044,0.1575
134.30648490375845,0.1525
134.30653290452648,0.1625
134.30658090529448,0.16499999
134.30662890606249,0.1725
134.3066769068305,0.175
134.30672490759852,0.17
134.30677290836653,0.1725
134.30682090913453,0.17
134.30686890990256,0.1725
134.30691691067057,0.1725
134.30696491143857,0.175
134.30701291220657,0.17999999
134.3070609129746,0.1775
134.3071089137426,0.1725
134.3071569145106,0.1775
134.30720491527865,0.1625
134.30725291604665,0.155
134.30730091681465,0.145
134.3073489175827,0.1525
134.3073969183507,0.155
134.3074449191187,0.155
134.3074929198867,0.1575
134.30754092065473,0.1625
134.30758892142273,0.16499999
134.30763692219074,0.175
134.30768492295877,0.18249999
134.30773292372677,0.185
134.30778092449478,0.185
134.30782892526278,0.1925
134.30787692603081,0.19
134.30792492679882,0.17999999
134.30797292756682,0.1775
134.30802092833486,0.1725
134.30806892910286,0.1725
134.30811692987086,0.16499999
134.3081649306389,0.1575
134.3082129314069,0.1525
134.3082609321749,0.1525
134.3083089329429,0.155
134.30835693371094,0.16499999
134.30840493447894,0.16
134.30845293524695,0.155
134.30850093601498,0.16749999
134.30854893678298,0.1625
134.308596937551,0.1575
134.308644938319,0.1625
134.30869293908702,0.1725
134.30874093985503,0.16749999
134.30878894062303,0.175
134.30883694139106,0.16
134.30888494215907,0.14999999
134.30893294292707,0.1525
134.3089809436951,0.16
134.3090289444631,0.1475
134.3090769452311,0.1525
134.30912494599912,0.1475
134.30917294676715,0.145
134.30922094753515,0.1525
134.30926894830316,0.1425
134.3093169490712,0.1425
134.3093649498392,0.1475
134.3094129506072,0.1425
134.3094609513752,0.145
134.30950895214323,0.1425
134.30955695291124,0.1425
134.30960495367924,0.1375
134.30965295444727,0.13
134.30970095521528,0.1325
134.30974895598328,0.14
134.3097969567513,0.14
134.30984495751932,0.1425
134.30989295828732,0.1325
134.30994095905533,0.14
134.30998895982336,0.1425
134.31003696059136,0.14
134.31008496135937,0.145
134.3101329621274,0.1375
134.3101809628954,0.1375
134.3102289636634,0.1375
134.3102769644314,0.13499999
134.31032496519944,0.1325
134.31037296596745,0.1425
134.31042096673545,0.1425
134.31046896750348,0.1425
134.3105169682715,0.145
134.3105649690395,0.155
134.31061296980752,0.14999999
134.31066097057553,0.1575
134.31070897134353,0.1525
134.31075697211153,0.1575
134.31080497287957,0.155
134.31085297364757,0.145
134.31090097441557,0.155
134.3109489751836,0.1575
134.3109969759516,0.16499999
134.31104497671961,0.16
134.31109297748762,0.16
134.31114097825565,0.155
134.31118897902365,0.1525
134.31123697979166,0.16499999
134.3112849805597,0.1575
134.3113329813277,0.14
134.3113809820957,0.1475
134.31142898286373,0.145
134.31147698363174,0.13499999
134.31152498439974,0.125
134.31157298516774,0.1275
134.31162098593578,0.1325
134.31166898670378,0.12
134.31171698747178,0.114999995
134.31176498823982,0.107499994
134.31181298900782,0.0975
134.31186098977582,0.089999996
134.31190899054383,0.0875
134.31195699131186,0.082499996
134.31200499207986,0.07
134.31205299284787,0.0625
134.3121009936159,0.065
134.3121489943839,0.044999998
134.3121969951519,0.037499998
134.31224499591994,0.044999998
134.31229299668794,0.0325
134.31234099745595,0.0175
134.31238899822395,0.012499999
134.31243699899198,0.015
134.31248499976,0.02
134.312533000528,0.01
134.31258100129602,0.0025
134.31262900206403,0.0025
134.31267700283203,0.015
134.31272500360004,0.012499999
134.31277300436807,0.0175
134.31282100513607,0.02
134.31286900590408,0.03
134.3129170066721,0.035
134.3129650074401,0.035
134.31301300820812,0.035
134.31306100897615,0.0425
134.31310900974415,0.0525
134.31315701051216,0.057499997
134.31320501128016,0.0625
134.3132530120482,0.065
134.3133010128162,0.0525
134.3133490135842,0.044999998
134.31339701435223,0.0525
134.31344501512024,0.044999998
134.31349301588824,0.044999998
134.31354101665625,0.04
134.31358901742428,0.0325
134.31363701819228,0.035
134.31368501896029,0.035
134.31373301972832,0.037499998
134.31378102049632,0.035
134.31382902126433,0.0325
134.31387702203236,0.0325
134.31392502280036,0.035
134.31397302356837,0.035
134.31402102433637,0.0425
134.3140690251044,0.0425
134.3141170258724,0.044999998
134.3141650266404,0.0425
134.31421302740844,0.044999998
134.31426102817645,0.0325
134.31430902894445,0.022499999
134.31435702971245,0.0275
134.3144050304805,0.015
134.3144530312485,0.015
134.3145010320165,0.0175
134.31454903278453,0.0275
134.31459703355253,0.0175
134.31464503432053,0.024999999
134.31469303508857,0.022499999
134.31474103585657,0.022499999
134.31478903662457,0.022499999
134.31483703739258,0.0325
134.3148850381606,0.0325
134.31493303892861,0.037499998
134.31498103969662,0.0325
134.31502904046465,0.024999999
134.31507704123266,0.037499998
134.31512504200066,0.037499998
134.31517304276866,0.0425
134.3152210435367,0.037499998
134.3152690443047,0.037499998
134.3153170450727,0.037499998
134.31536504584074,0.0425
134.31541304660874,0.044999998
134.31546104737674,0.0525
134.31550904814478,0.055
134.31555704891278,0.065
134.31560504968078,0.085
134.3156530504488,0.082499996
134.31570105121682,0.074999996
134.31574905198482,0.0725
134.31579705275283,0.065
134.31584505352086,0.0775
134.31589305428886,0.07
134.31594105505687,0.055
134.31598905582487,0.057499997
134.3160370565929,0.055
134.3160850573609,0.057499997
134.3161330581289,0.06
134.31618105889694,0.06
134.31622905966495,0.0625
134.31627706043295,0.067499995
134.31632506120098,0.0775
134.316373061969,0.0775
134.316421062737,0.082499996
134.316469063505,0.082499996
134.31651706427303,0.08
134.31656506504103,0.089999996
134.31661306580904,0.099999994
134.31666106657707,0.099999994
134.31670906734507,0.11
134.31675706811308,0.105
134.31680506888108,0.1025
134.3168530696491,0.105
134.31690107041712,0.107499994
134.31694907118512,0.1175
134.31699707195315,0.122499995
134.31704507272116,0.1275
134.31709307348916,0.122499995
134.3171410742572,0.125
134.3171890750252,0.1325
134.3172370757932,0.13
134.3172850765612,0.1325
134.31733307732924,0.1275
134.31738107809724,0.1375
134.31742907886525,0.13499999
134.31747707963328,0.13499999
134.31752508040128,0.1425
134.3175730811693,0.1375
134.3176210819373,0.14
134.31766908270532,0.13499999
134.31771708347333,0.125
134.31776508424133,0.13
134.31781308500936,0.125
134.31786108577737,0.122499995
134.31790908654537,0.1125
134.3179570873134,0.1175
134.3180050880814,0.107499994
134.3180530888494,0.099999994
134.31810108961741,0.099999994
134.31814909038545,0.095
134.31819709115345,0.0925
134.31824509192145,0.089999996
134.3182930926895,0.0875
134.3183410934575,0.08
134.3183890942255,0.082499996
134.3184370949935,0.07
134.31848509576153,0.07
134.31853309652953,0.07
134.31858109729754,0.049999997
134.31862909806557,0.057499997
134.31867709883358,0.0625
134.31872509960158,0.055
134.3187731003696,0.0525
134.31882110113762,0.0425
134.31886910190562,0.0525
134.31891710267362,0.035
134.31896510344166,0.0325
134.31901310420966,0.037499998
134.31906110497766,0.035
134.3191091057457,0.0275
134.3191571065137,0.03
134.3192051072817,0.024999999
134.3192531080497,0.0175
134.31930110881774,0.02
134.31934910958574,0.01
134.31939711035375,0.0175
134.31944511112178,0.0075
134.31949311188978,-0.005
134.3195411126578,-0.0025
134.31958911342582,0.0
134.31963711419382,0.0
134.31968511496183,-0.01
134.31973311572983,-0.01
134.31978111649786,-0.0075
134.31982911726587,-0.015
134.31987711803387,-0.01
134.3199251188019,-0.005
134.3199731195699,-0.01
134.3200211203379,-0.012499999
134.32006912110592,0.0
134.32011712187395,-0.01
134.32016512264195,-0.005
134.32021312340996,-0.01
134.320261124178,-0.0075
134.320309124946,-0.015
134.320357125714,-0.015
134.32040512648203,-0.0075
134.32045312725003,-0.012499999
134.32050112801804,-0.02
134.32054912878604,-0.0175
134.32059712955407,-0.024999999
134.32064513032208,-0.02
134.32069313109008,-0.0175
134.3207411318581,-0.012499999
134.32078913262612,-0.01
134.32083713339412,-0.01
134.32088513416213,-0.01
134.32093313493016,-0.005
134.32098113569816,-0.01
134.32102913646617,-0.015
134.3210771372342,-0.024999999
134.3211251380022,-0.0275
134.3211731387702,-0.0325
134.32122113953824,-0.0175
134.32126914030624,-0.0325
134.32131714107425,-0.037499998
134.32136514184225,-0.044999998
134.32141314261028,-0.04
134.3214611433783,-0.055
134.3215091441463,-0.06
134.32155714491432,-0.0625
134.32160514568233,-0.065
134.32165314645033,-0.0625
134.32170114721833,-0.0525
134.32174914798637,-0.04
134.32179714875437,-0.055
134.32184514952237,-0.06
134.3218931502904,-0.055
134.3219411510584,-0.057499997
134.32198915182641,-0.0525
134.32203715259445,-0.0525
134.32208515336245,-0.07
134.32213315413046,-0.0725
134.32218115489846,-0.0725
134.3222291556665,-0.0625
134.3222771564345,-0.074999996
134.3223251572025,-0.0725
134.32237315797053,-0.082499996
134.32242115873854,-0.095
134.32246915950654,-0.0925
134.32251716027454,-0.085
134.32256516104258,-0.085
134.32261316181058,-0.08
134.32266116257858,-0.089999996
134.32270916334662,-0.099999994
134.32275716411462,-0.0925
134.32280516488262,-0.0875
134.32285316565066,-0.095
134.32290116641866,-0.0975
134.32294916718666,-0.099999994
134.32299716795467,-0.105
134.3230451687227,-0.1025
134.3230931694907,-0.099999994
134.3231411702587,-0.105
134.32318917102674,-0.107499994
134.32323717179474,-0.114999995
134.32328517256275,-0.125
134.32333317333075,-0.1175
134.32338117409878,-0.1175
134.3234291748668,-0.122499995
134.3234771756348,-0.1175
134.32352517640282,-0.13
134.32357317717083,-0.1325
134.32362117793883,-0.1325
134.32366917870687,-0.12
134.32371717947487,-0.13
134.32376518024287,-0.12
134.32381318101088,-0.13
134.3238611817789,-0.13
134.3239091825469,-0.145
134.32395718331492,-0.16
134.32400518408295,-0.155
134.32405318485095,-0.14999999
134.32410118561896,-0.145
134.32414918638696,-0.1425
134.324197187155,-0.1375
134.324245187923,-0.1375
134.324293188691,-0.12
134.32434118945903,-0.107499994
134.32438919022704,-0.114999995
134.32443719099504,-0.105
134.32448519176307,-0.1025
134.32453319253108,-0.107499994
134.32458119329908,-0.107499994
134.3246291940671,-0.1125
134.32467719483512,-0.11
134.32472519560312,-0.1275
134.32477319637113,-0.122499995
134.32482119713916,-0.125
134.32486919790716,-0.1325
134.32491719867517,-0.14
134.32496519944317,-0.122499995
134.3250132002112,-0.13499999
134.3250612009792,-0.13499999
134.3251092017472,-0.1275
134.32515720251524,-0.13
134.32520520328325,-0.1375
134.32525320405125,-0.1425
134.32530120481928,-0.1425
134.3253492055873,-0.1375
134.3253972063553,-0.13499999
134.3254452071233,-0.145
134.32549320789133,-0.1525
134.32554120865933,-0.1475
134.32558920942733,-0.1375
134.32563721019537,-0.14
134.32568521096337,-0.1475
134.32573321173138,-0.1475
134.32578121249938,-0.145
134.3258292132674,-0.14
134.32587721403542,-0.14
134.32592521480342,-0.14999999
134.32597321557145,-0.14999999
134.32602121633946,-0.1375
134.32606921710746,-0.14999999
134.3261172178755,-0.14999999
134.3261652186435,-0.14
134.3262132194115,-0.1525
134.3262612201795,-0.145
134.32630922094754,-0.14
134.32635722171554,-0.14999999
134.32640522248354,-0.1525
134.32645322325158,-0.1525
134.32650122401958,-0.14999999
134.32654922478758,-0.1525
134.3265972255556,-0.1425
134.32664522632362,-0.155
134.32669322709162,-0.14999999
134.32674122785963,-0.14999999
134.32678922862766,-0.1475
134.32683722939566,-0.1475
134.32688523016367,-0.145
134.3269332309317,-0.1425
134.3269812316997,-0.14999999
134.3270292324677,-0.1575
134.3270772332357,-0.1475
134.32712523400374,-0.14999999
134.32717323477175,-0.1475
134.32722123553975,-0.16749999
134.32726923630779,-0.155
134.3273172370758,-0.16749999
134.3273652378438,-0.16749999
134.3274132386118,-0.16499999
134.32746123937983,-0.1725
134.32750924014783,-0.17
134.32755724091584,-0.1775
134.32760524168387,-0.17999999
134.32765324245187,-0.175
134.32770124321988,-0.1775
134.3277492439879,-0.16499999
134.3277972447559,-0.16749999
134.32784524552392,-0.16
134.32789324629192,-0.1625
134.32794124705995,-0.1575
134.32798924782796,-0.16499999
134.32803724859596,-0.16499999
134.328085249364,-0.16499999
134.328133250132,-0.16499999
134.3281812509,-0.16
134.328229251668,-0.17
134.32827725243604,-0.1775
134.32832525320404,-0.1775
134.32837325397205,-0.175
134.32842125474008,-0.185
134.32846925550808,-0.19
134.3285172562761,-0.19749999
134.3285652570441,-0.19999999
134.32861325781212,-0.19999999
134.32866125858013,-0.21249999
134.32870925934813,-0.22
134.32875726011616,-0.225
134.32880526088417,-0.2325
134.32885326165217,-0.235
134.3289012624202,-0.24249999
134.3289492631882,-0.24249999
134.3289972639562,-0.2575
134.32904526472421,-0.26999998
134.32909326549225,-0.265
134.32914126626025,-0.28
134.32918926702826,-0.2875
134.3292372677963,-0.2925
134.3292852685643,-0.29749998
134.3293332693323,-0.29749998
134.3293812701003,-0.29
134.32942927086833,-0.2925
134.32947727163634,-0.2875
134.32952527240434,-0.2875
134.32957327317237,-0.28
134.32962127394038,-0.285
134.32966927470838,-0.275
134.3297172754764,-0.2725
134.32976527624442,-0.26
134.32981327701242,-0.255
134.32986127778042,-0.2525
134.32990927854846,-0.25
134.32995727931646,-0.24499999
134.33000528008446,-0.2525
134.3300532808525,-0.25
134.3301012816205,-0.265
134.3301492823885,-0.26749998
134.3301972831565,-0.26749998
134.33024528392454,-0.265
134.33029328469254,-0.2625
134.33034128546055,-0.2575
134.33038928622858,-0.25
134.33043728699658,-0.24
134.3304852877646,-0.24499999
134.33053328853262,-0.2375
134.33058128930062,-0.2325
134.33062929006863,-0.22999999
134.33067729083663,-0.2325
134.33072529160467,-0.235
134.33077329237267,-0.22749999
134.33082129314067,-0.22749999
134.3308692939087,-0.2175
134.3309172946767,-0.235
134.3309652954447,-0.24
134.33101329621272,-0.24249999
134.33106129698075,-0.24
134.33110929774875,-0.24499999
134.33115729851676,-0.25
134.3312052992848,-0.24499999
134.3312533000528,-0.24749999
134.3313013008208,-0.24249999
134.33134930158883,-0.24249999
134.33139730235683,-0.24249999
134.33144530312484,-0.2325
134.33149330389284,-0.225
134.33154130466087,-0.2325
134.33158930542888,-0.2375
134.33163730619688,-0.2375
134.3316853069649,-0.24499999
134.33173330773292,-0.255
134.33178130850092,-0.25
134.33182930926893,-0.25
134.33187731003696,-0.25
134.33192531080496,-0.25
134.33197331157297,-0.24249999
134.332021312341,-0.24249999
134.332069313109,-0.2325
134.332117313877,-0.2325
134.33216531464504,-0.2375
134.33221331541304,-0.2375
134.33226131618105,-0.22
134.33230931694905,-0.21249999
134.33235731771708,-0.205
134.3324053184851,-0.2075
134.3324533192531,-0.21
134.33250132002112,-0.2225
134.33254932078913,-0.2225
134.33259732155713,-0.22
134.33264532232513,-0.2175
134.33269332309317,-0.2225
134.33274132386117,-0.22
134.33278932462918,-0.22
134.3328373253972,-0.225
134.3328853261652,-0.2175
134.33293332693322,-0.22
134.33298132770125,-0.2025
134.33302932846925,-0.19749999
134.33307732923726,-0.2025
134.33312533000526,-0.1875
134.3331733307733,-0.1875
134.3332213315413,-0.18249999
134.3332693323093,-0.175
134.33331733307733,-0.185
134.33336533384534,-0.1775
134.33341333461334,-0.17999999
134.33346133538134,-0.17999999
134.33350933614938,-0.17999999
134.33355733691738,-0.17
134.33360533768538,-0.16749999
134.33365333845342,-0.1625
134.33370133922142,-0.155
134.33374933998942,-0.1625
134.33379734075746,-0.16
134.33384534152546,-0.16
134.33389334229346,-0.14
134.33394134306147,-0.1475
134.3339893438295,-0.1525
134.3340373445975,-0.14999999
134.3340853453655,-0.145
134.33413334613354,-0.1475
134.33418134690154,-0.155
134.33422934766955,-0.1475
134.33427734843755,-0.1475
134.33432534920559,-0.1525
134.3343733499736,-0.14999999
134.3344213507416,-0.155
134.33446935150963,-0.1625
134.33451735227763,-0.155
134.33456535304563,-0.16749999
134.33461335381367,-0.16749999
134.33466135458167,-0.16749999
134.33470935534967,-0.1575
134.33475735611768,-0.17
134.3348053568857,-0.17
134.3348533576537,-0.16
134.33490135842172,-0.1625
134.33494935918975,-0.16
134.33499735995775,-0.16
134.33504536072576,-0.14999999
134.33509336149376,-0.1525
134.3351413622618,-0.14999999
134.3351893630298,-0.14999999
134.3352373637978,-0.1425
134.33528536456583,-0.1475
134.33533336533384,-0.1425
134.33538136610184,-0.13
134.33542936686987,-0.1325
134.33547736763788,-0.13499999
134.33552536840588,-0.122499995
134.3355733691739,-0.125
134.33562136994192,-0.12
134.33566937070992,-0.114999995
134.33571737147793,-0.12
134.33576537224596,-0.105
134.33581337301396,-0.1025
134.33586137378197,-0.107499994
134.33590937454997,-0.0975
134.335957375318,-0.089999996
134.336005376086,-0.085
134.336053376854,-0.082499996
134.33610137762204,-0.085
134.33614937839005,-0.08
134.33619737915805,-0.0725
134.33624537992608,-0.0725
134.3362933806941,-0.0725
134.3363413814621,-0.067499995
134.3363893822301,-0.07
134.33643738299813,-0.0725
134.33648538376613,-0.082499996
134.33653338453414,-0.074999996
134.33658138530217,-0.082499996
134.33662938607017,-0.085
134.33667738683818,-0.0875
134.33672538760618,-0.085
134.3367733883742,-0.089999996
134.33682138914222,-0.085
134.33686938991022,-0.074999996
134.33691739067825,-0.074999996
134.33696539144626,-0.074999996
134.33701339221426,-0.08
134.3370613929823,-0.067499995
134.3371093937503,-0.065
134.3371573945183,-0.065
134.3372053952863,-0.07
134.33725339605434,-0.0725
134.33730139682234,-0.0625
134.33734939759034,-0.057499997
134.33739739835838,-0.0525
134.33744539912638,-0.06
134.33749339989438,-0.06
134.3375414006624,-0.055
134.33758940143042,-0.057499997
134.33763740219842,-0.065
134.33768540296643,-0.067499995
134.33773340373446,-0.08
134.33778140450246,-0.0775
134.33782940527047,-0.0975
134.3378774060385,-0.089999996
134.3379254068065,-0.0975
134.3379734075745,-0.105
134.3380214083425,-0.114999995
134.33806940911055,-0.125
134.33811740987855,-0.145
134.33816541064655,-0.1625
134.33821341141459,-0.1625
134.3382614121826,-0.16
134.3383094129506,-0.16
134.3383574137186,-0.1625
134.33840541448663,-0.1475
134.33845341525463,-0.14
134.33850141602264,-0.1475
134.33854941679067,-0.1525
134.33859741755867,-0.155
134.33864541832668,-0.145
134.3386934190947,-0.1425
134.3387414198627,-0.14
134.33878942063072,-0.1475
134.33883742139872,-0.1475
134.33888542216675,-0.14999999
134.33893342293476,-0.1425
134.33898142370276,-0.1575
134.3390294244708,-0.1475
134.3390774252388,-0.145
134.3391254260068,-0.13499999
134.3391734267748,-0.14999999
134.33922142754284,-0.13499999
134.33926942831084,-0.13
134.33931742907885,-0.1275
134.33936542984688,-0.13
134.33941343061488,-0.122499995
134.3394614313829,-0.1275
134.33950943215092,-0.13
134.33955743291892,-0.13
134.33960543368693,-0.1175
134.33965343445493,-0.1325
134.33970143522296,-0.1275
134.33974943599097,-0.125
134.33979743675897,-0.1275
134.339845437527,-0.12
134.339893438295,-0.114999995
134.339941439063,-0.114999995
134.33998943983102,-0.114999995
134.34003744059905,-0.114999995
134.34008544136705,-0.114999995
134.34013344213506,-0.12
134.3401814429031,-0.12
134.3402294436711,-0.12
134.3402774444391,-0.114999995
134.34032544520713,-0.13
134.34037344597513,-0.125
134.34042144674314,-0.1275
134.34046944751114,-0.13499999
134.34051744827917,-0.14
134.34056544904718,-0.1525
134.34061344981518,-0.14999999
134.3406614505832,-0.1625
134.34070945135122,-0.1525
134.34075745211922,-0.14999999
134.34080545288722,-0.1525
134.34085345365526,-0.145
134.34090145442326,-0.1325
134.34094945519126,-0.125
134.3409974559593,-0.1175
134.3410454567273,-0.105
134.3410934574953,-0.099999994
134.34114145826334,-0.0925
134.34118945903134,-0.0925
134.34123745979934,-0.082499996
134.34128546056735,-0.0975
134.34133346133538,-0.08
134.34138146210339,-0.0875
134.3414294628714,-0.0875
134.34147746363942,-0.0725
134.34152546440743,-0.0725
134.34157346517543,-0.0775
134.34162146594343,-0.065
134.34166946671147,-0.067499995
134.34171746747947,-0.065
134.34176546824747,-0.049999997
134.3418134690155,-0.044999998
134.3418614697835,-0.0425
134.3419094705515,-0.0525
134.34195747131955,-0.055
134.34200547208755,-0.057499997
134.34205347285555,-0.0525
134.34210147362356,-0.049999997
134.3421494743916,-0.049999997
134.3421974751596,-0.044999998
134.3422454759276,-0.0525
134.34229347669563,-0.0525
134.34234147746363,-0.057499997
134.34238947823164,-0.057499997
134.34243747899964,-0.067499995
134.34248547976767,-0.074999996
134.34253348053568,-0.07
134.34258148130368,-0.067499995
134.34262948207171,-0.0775
134.34267748283972,-0.074999996
134.34272548360772,-0.08
134.34277348437575,-0.0925
134.34282148514376,-0.089999996
134.34286948591176,-0.0875
134.34291748667977,-0.095
134.3429654874478,-0.0925
134.3430134882158,-0.105
134.3430614889838,-0.107499994
134.34310948975184,-0.0975
134.34315749051984,-0.107499994
134.34320549128785,-0.107499994
134.34325349205585,-0.0975
134.34330149282388,-0.1025
134.3433494935919,-0.0975
134.3433974943599,-0.099999994
134.34344549512792,-0.095
134.34349349589593,-0.1025
134.34354149666393,-0.1025
134.34358949743196,-0.089999996
134.34363749819997,-0.0875
134.34368549896797,-0.095
134.34373349973598,-0.0975
134.343781500504,-0.089999996
134.343829501272,-0.08
134.34387750204002,-0.085
134.34392550280805,-0.067499995
134.34397350357605,-0.074999996
134.34402150434406,-0.0775
134.34406950511206,-0.07
134.3441175058801,-0.085
134.3441655066481,-0.08
134.3442135074161,-0.07
134.34426150818413,-0.085
134.34430950895214,-0.089999996
134.34435750972014,-0.0875
134.34440551048817,-0.085
134.34445351125618,-0.074999996
134.34450151202418,-0.0875
134.34454951279218,-0.082499996
134.34459751356022,-0.082499996
134.34464551432822,-0.0925
134.34469351509622,-0.0875
134.34474151586426,-0.0875
134.34478951663226,-0.085
134.34483751740026,-0.089999996
134.34488551816827,-0.095
134.3449335189363,-0.099999994
134.3449815197043,-0.0975
134.3450295204723,-0.0975
134.34507752124034,-0.095
134.34512552200835,-0.095
134.34517352277635,-0.125
134.34522152354438,-0.1125
134.34526952431239,-0.105
134.3453175250804,-0.1175
134.3453655258484,-0.12
134.34541352661643,-0.1375
134.34546152738443,-0.1325
134.34550952815243,-0.13499999
134.34555752892047,-0.13
134.34560552968847,-0.122499995
134.34565353045647,-0.1425
134.34570153122448,-0.1575
134.3457495319925,-0.14999999
134.3457975327605,-0.14999999
134.34584553352852,-0.1425
134.34589353429655,-0.155
134.34594153506455,-0.1575
134.34598953583256,-0.14999999
134.3460375366006,-0.14
134.3460855373686,-0.145
134.3461335381366,-0.145
134.3461815389046,-0.14
134.34622953967263,-0.1175
134.34627754044064,-0.1325
134.34632554120864,-0.122499995
134.34637354197667,-0.125
134.34642154274468,-0.11
134.34646954351268,-0.1125
134.3465175442807,-0.1125
134.34656554504872,-0.1025
134.34661354581672,-0.099999994
134.34666154658473,-0.11
134.34670954735276,-0.1175
134.34675754812076,-0.125
134.34680554888877,-0.1175
134.3468535496568,-0.1175
134.3469015504248,-0.1125
134.3469495511928,-0.12
134.3469975519608,-0.1125
134.34704555272884,-0.1175
134.34709355349685,-0.105
134.34714155426485,-0.0925
134.34718955503288,-0.105
134.3472375558009,-0.099999994
134.3472855565689,-0.0925
134.3473335573369,-0.085
134.34738155810493,-0.0875
134.34742955887293,-0.0925
134.34747755964094,-0.085
134.34752556040897,-0.095
134.34757356117697,-0.0975
134.34762156194498,-0.099999994
134.347669562713,-0.105
134.347717563481,-0.1125
134.34776556424902,-0.105
134.34781356501702,-0.107499994
134.34786156578505,-0.114999995
134.34790956655306,-0.11
134.34795756732106,-0.1125
134.3480055680891,-0.107499994
134.3480535688571,-0.1025
134.3481015696251,-0.099999994
134.3481495703931,-0.0925
134.34819757116114,-0.0925
134.34824557192914,-0.095
134.34829357269714,-0.0975
134.34834157346518,-0.0925
134.34838957423318,-0.0925
134.34843757500118,-0.1025
134.34848557576922,-0.0975
134.34853357653722,-0.0925
134.34858157730523,-0.099999994
134.34862957807323,-0.095
134.34867757884126,-0.1025
134.34872557960927,-0.095
134.34877358037727,-0.0975
134.3488215811453,-0.0925
134.3488695819133,-0.082499996
134.3489175826813,-0.082499996
134.3489655834493,-0.0775
134.34901358421735,-0.08
134.34906158498535,-0.085
134.34910958575335,-0.089999996
134.3491575865214,-0.0925
134.3492055872894,-0.089999996
134.3492535880574,-0.0975
134.34930158882543,-0.1025
134.34934958959343,-0.105
134.34939759036143,-0.1025
134.34944559112944,-0.099999994
134.34949359189747,-0.1025
134.34954159266547,-0.095
134.34958959343348,-0.0975
134.3496375942015,-0.089999996
134.34968559496951,-0.082499996
134.34973359573752,-0.074999996
134.34978159650552,-0.08
134.34982959727355,-0.08
134.34987759804156,-0.067499995
134.34992559880956,-0.0625
134.3499735995776,-0.065
134.3500216003456,-0.0625
134.3500696011136,-0.0625
134.35011760188164,-0.065
134.35016560264964,-0.067499995
134.35021360341764,-0.0525
134.35026160418565,-0.055
134.35030960495368,-0.055
134.35035760572168,-0.06
134.3504056064897,-0.055
134.35045360725772,-0.0525
134.35050160802572,-0.06
134.35054960879373,-0.049999997
134.35059760956173,-0.055
134.35064561032976,-0.055
134.35069361109777,-0.0525
134.35074161186577,-0.049999997
134.3507896126338,-0.049999997
134.3508376134018,-0.057499997
134.3508856141698,-0.0525
134.35093361493784,-0.057499997
134.35098161570585,-0.0525
134.35102961647385,-0.06
134.35107761724186,-0.055
134.3511256180099,-0.0525
134.3511736187779,-0.06
134.3512216195459,-0.057499997
134.35126962031393,-0.06
134.35131762108193,-0.057499997
134.35136562184994,-0.057499997
134.35141362261794,-0.055
134.35146162338597,-0.065
134.35150962415398,-0.049999997
134.35155762492198,-0.0475
134.35160562569,-0.037499998
134.35165362645802,-0.0525
134.35170162722602,-0.044999998
134.35174962799405,-0.0525
134.35179762876206,-0.04
134.35184562953006,-0.044999998
134.35189363029806,-0.049999997
134.3519416310661,-0.0425
134.3519896318341,-0.0425
134.3520376326021,-0.03
134.35208563337014,-0.037499998
134.35213363413814,-0.037499998
134.35218163490615,-0.037499998
134.35222963567415,-0.035
134.35227763644218,-0.04
134.35232563721019,-0.037499998
134.3523736379782,-0.03
134.35242163874622,-0.0275
134.35246963951423,-0.0275
134.35251764028223,-0.0325
134.35256564105026,-0.015
134.35261364181827,-0.0275
134.35266164258627,-0.024999999
134.35270964335427,-0.015
134.3527576441223,-0.024999999
134.3528056448903,-0.01
134.3528536456583,-0.015
134.35290164642635,-0.012499999
134.35294964719435,-0.015
134.35299764796235,-0.0175
134.35304564873036,-0.01
134.3530936494984,-0.015
134.3531416502664,-0.012499999
134.3531896510344,-0.0075
134.35323765180243,-0.005
134.35328565257043,0.0
134.35333365333844,0.0
134.35338165410647,-0.0025
134.35342965487447,-0.0075
134.35347765564248,-0.005
134.35352565641048,-0.01
134.35357365717852,-0.015
134.35362165794652,-0.024999999
134.35366965871452,-0.022499999
134.35371765948256,-0.035
134.35376566025056,-0.02
134.35381366101856,-0.022499999
134.35386166178657,-0.0175
134.3539096625546,-0.024999999
134.3539576633226,-0.0275
134.3540056640906,-0.012499999
134.35405366485864,-0.0075
134.35410166562664,-0.0075
134.35414966639465,0.005
134.35419766716268,0.005
134.35424566793068,0.02
134.3542936686987,0.012499999
134.3543416694667,0.0025
134.35438967023472,-0.0025
134.35443767100273,-0.005
134.35448567177073,-0.005
134.35453367253876,0.0025
134.35458167330677,0.0025
134.35462967407477,-0.012499999
134.35467767484278,0.0
134.3547256756108,0.0025
134.3547736763788,-0.012499999
134.35482167714682,-0.022499999
134.35486967791485,-0.022499999
134.35491767868285,-0.0175
134.35496567945086,-0.015
134.3550136802189,0.0075
134.3550616809869,0.0025
134.3551096817549,0.005
134.3551576825229,0.02
134.35520568329093,0.024999999
134.35525368405894,0.024999999
134.35530168482694,0.03
134.35534968559497,0.037499998
134.35539768636298,0.035
134.35544568713098,0.037499998
134.35549368789898,0.0425
134.35554168866702,0.04
134.35558968943502,0.044999998
134.35563769020303,0.0425
134.35568569097106,0.03
134.35573369173906,0.035
134.35578169250707,0.0275
134.3558296932751,0.0325
134.3558776940431,0.037499998
134.3559256948111,0.04
134.3559736955791,0.0475
134.35602169634714,0.044999998
134.35606969711515,0.049999997
134.35611769788315,0.0525
134.35616569865118,0.0475
134.3562136994192,0.0425
134.3562617001872,0.049999997
134.3563097009552,0.055
134.35635770172323,0.037499998
134.35640570249123,0.049999997
134.35645370325923,0.044999998
134.35650170402727,0.0425
134.35654970479527,0.049999997
134.35659770556327,0.0475
134.3566457063313,0.055
134.3566937070993,0.049999997
134.35674170786731,0.04
134.35678970863532,0.055
134.35683770940335,0.055
134.35688571017135,0.044999998
134.35693371093936,0.057499997
134.3569817117074,0.06
134.3570297124754,0.049999997
134.3570777132434,0.0525
134.3571257140114,0.049999997
134.35717371477944,0.04
134.35722171554744,0.0325
134.35726971631544,0.015
134.35731771708348,0.015
134.35736571785148,0.022499999
134.35741371861948,0.035
134.35746171938752,0.022499999
134.35750972015552,0.03
134.35755772092352,0.0275
134.35760572169153,0.04
134.35765372245956,0.049999997
134.35770172322756,0.0625
134.35774972399557,0.06
134.3577977247636,0.057499997
134.3578457255316,0.049999997
134.3578937262996,0.0525
134.3579417270676,0.0525
134.35798972783564,0.0475
134.35803772860365,0.0475
134.35808572937165,0.0425
134.35813373013968,0.037499998
134.3581817309077,0.03
134.3582297316757,0.02
134.35827773244372,0.012499999
134.35832573321173,0.0175
134.35837373397973,0.0075
134.35842173474774,0.0075
134.35846973551577,0.0075
134.35851773628377,-0.0025
134.35856573705178,-0.0075
134.3586137378198,-0.012499999
134.3586617385878,-0.01
134.35870973935582,-0.0075
134.35875774012382,-0.02
134.35880574089185,-0.0275
134.35885374165986,-0.03
134.35890174242786,-0.0325
134.3589497431959,-0.024999999
134.3589977439639,-0.0325
134.3590457447319,-0.0175
134.35909374549993,-0.0275
134.35914174626794,-0.037499998
134.35918974703594,-0.0425
134.35923774780395,-0.03
134.35928574857198,-0.0275
134.35933374933998,-0.0275
134.35938175010799,-0.03
134.35942975087602,-0.022499999
134.35947775164402,-0.024999999
134.35952575241203,-0.024999999
134.35957375318003,-0.02
134.35962175394806,-0.012499999
134.35966975471607,-0.012499999
134.35971775548407,-0.012499999
134.3597657562521,-0.0075
134.3598137570201,0.0
134.3598617577881,0.005
134.35990975855614,-0.0025
134.35995775932415,0.005
134.36000576009215,0.005
134.36005376086015,0.0025
134.3601017616282,0.0025
134.3601497623962,0.005
134.3601977631642,0.0025
134.36024576393223,0.005
134.36029376470023,0.005
134.36034176546823,0.0175
134.36038976623624,0.012499999
134.36043776700427,0.0075
134.36048576777227,0.0025
134.36053376854028,0.0025
134.3605817693083,0.01
134.36062977007632,0.0175
134.36067777084432,0.0175
134.36072577161235,0.015
134.36077377238036,0.015
134.36082177314836,0.0175
134.36086977391636,0.0175
134.3609177746844,0.01
134.3609657754524,0.015
134.3610137762204,0.022499999
134.36106177698844,0.02
134.36110977775644,0.0175
134.36115777852444,0.015
134.36120577929245,0.015
134.36125378006048,0.015
134.36130178082848,0.02
134.3613497815965,0.015
134.36139778236452,0.012499999
134.36144578313252,0.015
134.36149378390053,0.022499999
134.36154178466856,0.01
134.36158978543656,0.005
134.36163778620457,0.0075
134.36168578697257,0.012499999
134.3617337877406,0.0
134.3617817885086,0.005
134.3618297892766,0.01
134.36187779004464,0.005
134.36192579081265,0.0
134.36197379158065,-0.0025
134.36202179234866,-0.015
134.3620697931167,-0.005
134.3621177938847,-0.015
134.3621657946527,-0.0175
134.36221379542073,-0.024999999
134.36226179618873,-0.02
134.36230979695674,-0.0475
134.36235779772477,-0.0525
134.36240579849277,-0.0625
134.36245379926078,-0.0525
134.36250180002878,-0.055
134.3625498007968,-0.065
134.36259780156482,-0.0775
134.36264580233282,-0.07
134.36269380310085,-0.057499997
134.36274180386886,-0.0475
134.36278980463686,-0.055
134.36283780540487,-0.049999997
134.3628858061729,-0.044999998
134.3629338069409,-0.0425
134.3629818077089,-0.044999998
134.36302980847694,-0.04
134.36307780924494,-0.02
134.36312581001295,-0.022499999
134.36317381078098,-0.0175
134.36322181154898,-0.0075
134.363269812317,-0.01
134.363317813085,-0.02
134.36336581385302,-0.01
134.36341381462103,-0.02
134.36346181538903,-0.0325
134.36350981615706,-0.0275
134.36355781692507,-0.0325
134.36360581769307,-0.0275
134.36365381846107,-0.0275
134.3637018192291,-0.022499999
134.3637498199971,-0.022499999
134.36379782076511,-0.024999999
134.36384582153315,-0.02
134.36389382230115,-0.012499999
134.36394182306915,-0.01
134.3639898238372,-0.0025
134.3640378246052,0.0025
134.3640858253732,0.0
134.3641338261412,0.0
134.36418182690923,0.005
134.36422982767724,0.005
134.36427782844524,0.0025
134.36432582921327,0.0
134.36437382998128,0.0075
134.36442183074928,0.0025
134.36446983151728,0.0075
134.36451783228532,0.005
134.36456583305332,0.012499999
134.36461383382132,0.005
134.36466183458936,0.0025
134.36470983535736,0.0
134.36475783612536,0.0
134.3648058368934,0.0075
134.3648538376614,0.01
134.3649018384294,0.0
134.3649498391974,-0.0025
134.36499783996544,-0.012499999
134.36504584073344,-0.01
134.36509384150145,-0.012499999
134.36514184226948,-0.012499999
134.36518984303748,-0.0175
134.3652378438055,-0.03
134.3652858445735,-0.0325
134.36533384534152,-0.035
134.36538184610953,-0.035
134.36542984687753,-0.037499998
134.36547784764556,-0.035
134.36552584841357,-0.04
134.36557384918157,-0.04
134.3656218499496,-0.0275
134.3656698507176,-0.024999999
134.3657178514856,-0.037499998
134.36576585225362,-0.0475
134.36581385302165,-0.06
134.36586185378965,-0.057499997
134.36590985455766,-0.0775
134.3659578553257,-0.082499996
134.3660058560937,-0.082499996
134.3660538568617,-0.089999996
134.3661018576297,-0.0875
134.36614985839773,-0.095
134.36619785916574,-0.089999996
134.36624585993374,-0.0975
134.36629386070177,-0.089999996
134.36634186146978,-0.085
134.36638986223778,-0.08
134.3664378630058,-0.08
134.36648586377382,-0.0725
134.36653386454182,-0.0725
134.36658186530983,-0.074999996
134.36662986607786,-0.0625
134.36667786684586,-0.0725
134.36672586761387,-0.067499995
134.3667738683819,-0.074999996
134.3668218691499,-0.065
134.3668698699179,-0.0725
134.3669178706859,-0.0725
134.36696587145394,-0.0625
134.36701387222195,-0.0725
134.36706187298995,-0.067499995
134.36710987375798,-0.0625
134.367157874526,-0.065
134.367205875294,-0.0625
134.36725387606202,-0.07
134.36730187683003,-0.07
134.36734987759803,-0.065
134.36739787836603,-0.0625
134.36744587913407,-0.074999996
134.36749387990207,-0.07
134.36754188067007,-0.0625
134.3675898814381,-0.065
134.3676378822061,-0.0725
134.36768588297411,-0.07
134.36773388374212,-0.067499995
134.36778188451015,-0.06
134.36782988527816,-0.0625
134.36787788604616,-0.0625
134.3679258868142,-0.0625
134.3679738875822,-0.06
134.3680218883502,-0.057499997
134.36806988911823,-0.065
134.36811788988624,-0.06
134.36816589065424,-0.057499997
134.36821389142224,-0.0625
134.36826189219028,-0.057499997
134.36830989295828,-0.0425
134.36835789372628,-0.04
134.36840589449432,-0.044999998
134.36845389526232,-0.0475
134.36850189603032,-0.037499998
134.36854989679833,-0.037499998
134.36859789756636,-0.024999999
134.36864589833436,-0.0275
134.36869389910237,-0.037499998
134.3687418998704,-0.0275
134.3687899006384,-0.022499999
134.3688379014064,-0.02
134.36888590217444,-0.022499999
134.36893390294244,-0.024999999
134.36898190371045,-0.0275
134.36902990447845,-0.035
134.36907790524648,-0.022499999
134.3691259060145,-0.02
134.3691739067825,-0.02
134.36922190755052,-0.024999999
134.36926990831853,-0.0175
134.36931790908653,-0.02
134.36936590985454,-0.024999999
134.36941391062257,-0.0275
134.36946191139057,-0.03
134.36950991215858,-0.024999999
134.3695579129266,-0.03
134.3696059136946,-0.037499998
134.36965391446262,-0.04
134.36970191523065,-0.0425
134.36974991599865,-0.049999997
134.36979791676666,-0.0425
134.36984591753466,-0.0525
134.3698939183027,-0.049999997
134.3699419190707,-0.0525
134.3699899198387,-0.049999997
134.37003792060673,-0.049999997
134.37008592137474,-0.044999998
134.37013392214274,-0.049999997
134.37018192291075,-0.044999998
134.37022992367878,-0.055
134.37027792444678,-0.055
134.3703259252148,-0.057499997
134.37037392598282,-0.057499997
134.37042192675082,-0.0625
134.37046992751883,-0.07
134.37051792828686,-0.074999996
134.37056592905486,-0.08
134.37061392982287,-0.089999996
134.37066193059087,-0.0875
134.3707099313589,-0.08
134.3707579321269,-0.085
134.3708059328949,-0.0925
134.37085393366294,-0.0925
134.37090193443095,-0.099999994
134.37094993519895,-0.107499994
134.37099793596695,-0.12
134.371045936735,-0.13
134.371093937503,-0.1325
134.371141938271,-0.13
134.37118993903903,-0.155
134.37123793980703,-0.14
134.37128594057504,-0.1525
134.37133394134307,-0.14999999
134.37138194211107,-0.155
134.37142994287908,-0.16
134.37147794364708,-0.1625
134.3715259444151,-0.16749999
134.37157394518312,-0.16499999
134.37162194595112,-0.1625
134.37166994671915,-0.14
134.37171794748716,-0.13499999
134.37176594825516,-0.12
134.37181394902316,-0.125
134.3718619497912,-0.1125
134.3719099505592,-0.099999994
134.3719579513272,-0.11
134.37200595209524,-0.0925
134.37205395286324,-0.0975
134.37210195363124,-0.085
134.37214995439925,-0.0775
134.37219795516728,-0.08
134.37224595593528,-0.074999996
134.3722939567033,-0.074999996
134.37234195747132,-0.082499996
134.37238995823932,-0.0775
134.37243795900733,-0.074999996
134.37248595977536,-0.08
134.37253396054336,-0.0725
134.37258196131137,-0.074999996
134.37262996207937,-0.074999996
134.3726779628474,-0.074999996
134.3727259636154,-0.074999996
134.3727739643834,-0.0875
134.37282196515145,-0.0875
134.37286996591945,-0.089999996
134.37291796668745,-0.095
134.37296596745546,-0.105
134.3730139682235,-0.095
134.3730619689915,-0.099999994
134.3731099697595,-0.1125
134.37315797052753,-0.1125
134.37320597129553,-0.105
134.37325397206354,-0.1125
134.37330197283157,-0.1125
134.37334997359957,-0.114999995
134.37339797436758,-0.12
134.37344597513558,-0.114999995
134.3734939759036,-0.1175
134.37354197667162,-0.122499995
134.37358997743962,-0.114999995
134.37363797820765,-0.114999995
134.37368597897566,-0.107499994
134.37373397974366,-0.11
134.37378198051167,-0.1175
134.3738299812797,-0.1275
134.3738779820477,-0.13
134.3739259828157,-0.14
134.37397398358374,-0.14999999
134.37402198435174,-0.145
134.37406998511975,-0.14999999
134.37411798588778,-0.1375
134.37416598665578,-0.14
134.3742139874238,-0.13
134.3742619881918,-0.145
134.37430998895982,-0.1325
134.37435798972783,-0.125
134.37440599049583,-0.13
134.37445399126386,-0.1275
134.37450199203187,-0.125
134.37454999279987,-0.1325
134.37459799356787,-0.13
134.3746459943359,-0.1375
134.3746939951039,-0.1525
134.37474199587191,-0.155
134.37478999663995,-0.16
134.37483799740795,-0.1575
134.37488599817596,-0.1625
134.374933998944,-0.1625
134.374981999712,-0.1525
134.37503000048,-0.16
134.375078001248,-0.14999999
134.37512600201603,-0.145
134.37517400278404,-0.1475
134.37522200355204,-0.14999999
134.37527000432007,-0.1625
134.37531800508808,-0.145
134.37536600585608,-0.145
134.37541400662408,-0.155
134.37546200739212,-0.155
134.37551000816012,-0.1475
134.37555800892812,-0.1475
134.37560600969616,-0.155
134.37565401046416,-0.1475
134.37570201123216,-0.14999999
134.3757500120002,-0.14
134.3757980127682,-0.14999999
134.3758460135362,-0.155
134.3758940143042,-0.155
134.37594201507224,-0.16499999
134.37599001584024,-0.1725
134.37603801660825,-0.16499999
134.37608601737628,-0.17
134.37613401814428,-0.16749999
134.3761820189123,-0.1725
134.3762300196803,-0.1725
134.37627802044832,-0.16499999
134.37632602121633,-0.175
134.37637402198433,-0.16749999
134.37642202275237,-0.175
134.37647002352037,-0.1875
134.37651802428837,-0.185
134.3765660250564,-0.19
134.3766140258244,-0.1925
134.3766620265924,-0.19
134.37671002736042,-0.18249999
134.37675802812845,-0.19
134.37680602889645,-0.1925
134.37685402966446,-0.185
134.3769020304325,-0.17999999
134.3769500312005,-0.195
134.3769980319685,-0.1875
134.3770460327365,-0.18249999
134.37709403350453,-0.185
134.37714203427254,-0.1775
134.37719003504054,-0.17999999
134.37723803580857,-0.17999999
134.37728603657658,-0.185
134.37733403734458,-0.17999999
134.37738203811261,-0.16749999
134.37743003888062,-0.17
134.37747803964862,-0.1625
134.37752604041663,-0.1625
134.37757404118466,-0.1575
134.37762204195266,-0.16
134.37767004272067,-0.16499999
134.3777180434887,-0.1575
134.3777660442567,-0.16499999
134.3778140450247,-0.155
134.3778620457927,-0.1575
134.37791004656074,-0.155
134.37795804732875,-0.1475
134.37800604809675,-0.14999999
134.37805404886478,-0.1475
134.3781020496328,-0.145
134.3781500504008,-0.1475
134.37819805116882,-0.14
134.37824605193683,-0.1375
134.37829405270483,-0.1325
134.37834205347284,-0.1375
134.37839005424087,-0.1475
134.37843805500887,-0.14
134.37848605577688,-0.1425
134.3785340565449,-0.1475
134.3785820573129,-0.1475
134.37863005808092,-0.1375
134.37867805884892,-0.1525
134.37872605961695,-0.14
134.37877406038496,-0.1475
134.37882206115296,-0.1375
134.378870061921,-0.1425
134.378918062689,-0.14
134.378966063457,-0.14999999
134.37901406422503,-0.1575
134.37906206499304,-0.17
134.37911006576104,-0.16
134.37915806652904,-0.16749999
134.37920606729708,-0.1725
134.37925406806508,-0.1725
134.37930206883308,-0.17999999
134.37935006960112,-0.17
134.37939807036912,-0.1725
134.37944607113712,-0.1725
134.37949407190513,-0.185
134.37954207267316,-0.1725
134.37959007344116,-0.16749999
134.37963807420917,-0.1775
134.3796860749772,-0.185
134.3797340757452,-0.1775
134.3797820765132,-0.1725
134.37983007728124,-0.1725
134.37987807804925,-0.17
134.37992607881725,-0.1725
134.37997407958525,-0.16749999
134.38002208035329,-0.185
134.3800700811213,-0.19
134.3801180818893,-0.205
134.38016608265733,-0.2075
134.38021408342533,-0.19999999
134.38026208419333,-0.2075
134.38031008496134,-0.2175
134.38035808572937,-0.2075
134.38040608649737,-0.2025
134.38045408726538,-0.205
134.3805020880334,-0.21249999
134.3805500888014,-0.21
134.38059808956942,-0.2075
134.38064609033745,-0.195
134.38069409110545,-0.19999999
134.38074209187346,-0.195
134.38079009264146,-0.19999999
134.3808380934095,-0.2025
134.3808860941775,-0.205
134.3809340949455,-0.21249999
134.38098209571353,-0.21499999
134.38103009648154,-0.2175
134.38107809724954,-0.2175
134.38112609801755,-0.21
134.38117409878558,-0.195
134.38122209955358,-0.19999999
134.3812701003216,-0.21249999
134.38131810108962,-0.21249999
134.38136610185762,-0.195
134.38141410262563,-0.195
134.38146210339366,-0.19749999
134.38151010416166,-0.195
134.38155810492967,-0.195
134.38160610569767,-0.18249999
134.3816541064657,-0.18249999
134.3817021072337,-0.185
134.3817501080017,-0.18249999
134.38179810876974,-0.1925
134.38184610953775,-0.17999999
134.38189411030575,-0.17999999
134.38194211107376,-0.19
134.3819901118418,-0.185
134.3820381126098,-0.175
134.3820861133778,-0.1775
134.38213411414583,-0.1775
134.38218211491383,-0.16749999
134.38223011568184,-0.1575
134.38227811644987,-0.1425
134.38232611721787,-0.1425
134.38237411798588,-0.1525
134.38242211875388,-0.155
134.3824701195219,-0.145
134.38251812028992,-0.145
134.38256612105792,-0.14999999
134.38261412182595,-0.145
134.38266212259396,-0.14999999
134.38271012336196,-0.14999999
134.38275812412996,-0.1475
134.382806124898,-0.145
134.382854125666,-0.14
134.382902126434,-0.1325
134.38295012720204,-0.13499999
134.38299812797004,-0.125
134.38304612873804,-0.114999995
134.38309412950608,-0.11
134.38314213027408,-0.1025
134.38319013104208,-0.105
134.3832381318101,-0.095
134.38328613257812,-0.099999994
134.38333413334612,-0.089999996
134.38338213411413,-0.0975
134.38343013488216,-0.099999994
134.38347813565017,-0.1025
134.38352613641817,-0.085
134.38357413718617,-0.0925
134.3836221379542,-0.089999996
134.3836701387222,-0.0875
134.3837181394902,-0.082499996
134.38376614025825,-0.082499996
134.38381414102625,-0.08
134.38386214179425,-0.0775
134.38391014256229,-0.085
134.3839581433303,-0.074999996
134.3840061440983,-0.08
134.3840541448663,-0.0775
134.38410214563433,-0.074999996
134.38415014640233,-0.067499995
134.38419814717034,-0.065
134.38424614793837,-0.0625
134.38429414870637,-0.065
134.38434214947438,-0.0625
134.38439015024238,-0.049999997
134.38443815101041,-0.067499995
134.38448615177842,-0.06
134.38453415254642,-0.057499997
134.38458215331445,-0.055
134.38463015408246,-0.0475
134.38467815485046,-0.057499997
134.3847261556185,-0.0525
134.3847741563865,-0.055
134.3848221571545,-0.0525
134.3848701579225,-0.0525
134.38491815869054,-0.055
134.38496615945854,-0.0525
134.38501416022655,-0.057499997
134.38506216099458,-0.067499995
134.38511016176258,-0.055
134.3851581625306,-0.06
134.3852061632986,-0.055
134.38525416406662,-0.057499997
134.38530216483463,-0.057499997
134.38535016560263,-0.055
134.38539816637066,-0.057499997
134.38544616713867,-0.0525
134.38549416790667,-0.044999998
134.3855421686747,-0.0525
134.3855901694427,-0.0475
134.3856381702107,-0.0425
134.38568617097872,-0.055
134.38573417174675,-0.055
134.38578217251475,-0.0475
134.38583017328276,-0.049999997
134.3858781740508,-0.035
134.3859261748188,-0.04
134.3859741755868,-0.044999998
134.3860221763548,-0.0475
134.38607017712283,-0.035
134.38611817789084,-0.035
134.38616617865884,-0.037499998
134.38621417942687,-0.0325
134.38626218019488,-0.024999999
134.38631018096288,-0.022499999
134.3863581817309,-0.0325
134.38640618249892,-0.02
134.38645418326692,-0.035
134.38650218403492,-0.0325
134.38655018480296,-0.0325
134.38659818557096,-0.0425
134.38664618633896,-0.04
134.386694187107,-0.0325
134.386742187875,-0.0325
134.386790188643,-0.035
134.386838189411,-0.024999999
134.38688619017904,-0.0325
134.38693419094704,-0.012499999
134.38698219171505,-0.02
134.38703019248308,-0.022499999
134.38707819325109,-0.015
134.3871261940191,-0.02
134.38717419478712,-0.0075
134.38722219555513,-0.0075
134.38727019632313,-0.01
134.38731819709113,0.005
134.38736619785917,0.0075
134.38741419862717,0.015
134.38746219939517,0.01
134.3875102001632,0.0075
134.3875582009312,0.015
134.3876062016992,0.0075
134.38765420246722,0.012499999
134.38770220323525,0.0175
134.38775020400325,0.015
134.38779820477126,0.015
134.3878462055393,0.022499999
134.3878942063073,0.024999999
134.3879422070753,0.02
134.38799020784333,0.02
134.38803820861133,0.015
134.38808620937934,0.005
134.38813421014734,0.012499999
134.38818221091537,0.005
134.38823021168338,0.0
134.38827821245138,0.005
134.38832621321941,0.022499999
134.38837421398742,0.03
134.38842221475542,0.0325
134.38847021552343,0.0325
134.38851821629146,0.03
134.38856621705946,0.03
134.38861421782747,0.0275
134.3886622185955,0.0175
134.3887102193635,0.024999999
134.3887582201315,0.02
134.38880622089954,0.012499999
134.38885422166754,0.01
134.38890222243555,0.005
134.38895022320355,0.01
134.38899822397158,0.005
134.3890462247396,0.012499999
134.3890942255076,0.01
134.38914222627562,0.0075
134.38919022704363,0.01
134.38923822781163,0.012499999
134.38928622857964,0.01
134.38933422934767,0.01
134.38938223011567,0.01
134.38943023088368,0.0175
134.3894782316517,0.01
134.3895262324197,0.012499999
134.38957423318772,0.01
134.38962223395575,0.015
134.38967023472375,0.0
134.38971823549176,0.0025
134.38976623625976,0.005
134.3898142370278,0.0
134.3898622377958,0.0025
134.3899102385638,-0.01
134.38995823933183,-0.01
134.39000624009984,-0.005
134.39005424086784,-0.0025
134.39010224163584,0.0
134.39015024240388,0.01
134.39019824317188,0.005
134.39024624393988,0.0025
134.39029424470792,0.01
134.39034224547592,0.01
134.39039024624392,0.012499999
134.39043824701196,0.0025
134.39048624777996,-0.005
134.39053424854797,0.0025
134.39058224931597,0.0
134.390630250084,-0.0075
134.390678250852,0.0025
134.39072625162,-0.0025
134.39077425238804,0.015
134.39082225315605,0.015
134.39087025392405,0.02
134.39091825469205,0.02
134.39096625546009,0.0275
134.3910142562281,0.044999998
134.3910622569961,0.0525
134.39111025776413,0.0475
134.39115825853213,0.049999997
134.39120625930013,0.0525
134.39125426006817,0.0425
134.39130226083617,0.044999998
134.39135026160417,0.037499998
134.39139826237218,0.03
134.3914462631402,0.024999999
134.3914942639082,0.024999999
134.39154226467622,0.024999999
134.39159026544425,0.022499999
134.39163826621225,0.02
134.39168626698026,0.015
134.39173426774826,0.022499999
134.3917822685163,0.02
134.3918302692843,0.0275
134.3918782700523,0.0175
134.39192627082033,0.01
134.39197427158834,0.0025
134.39202227235634,-0.0025
134.39207027312438,-0.0025
134.39211827389238,0.0
134.39216627466038,-0.0075
134.3922142754284,-0.01
134.39226227619642,-0.0175
134.39231027696442,-0.024999999
134.39235827773243,-0.02
134.39240627850046,-0.04
134.39245427926846,-0.03
134.39250228003647,-0.03
134.39255028080447,-0.0425
134.3925982815725,-0.044999998
134.3926462823405,-0.037499998
134.3926942831085,-0.0475
134.39274228387654,-0.0425
134.39279028464455,-0.044999998
134.39283828541255,-0.0425
134.39288628618058,-0.049999997
134.3929342869486,-0.035
134.3929822877166,-0.0325
134.3930302884846,-0.037499998
134.39307828925263,-0.0325
134.39312629002063,-0.0275
134.39317429078864,-0.0275
134.39322229155667,-0.024999999
134.39327029232467,-0.022499999
134.39331829309268,-0.012499999
134.39336629386068,-0.015
134.3934142946287,-0.015
134.39346229539672,-0.0075
134.39351029616472,-0.0075
134.39355829693275,0.0025
134.39360629770076,-0.0025
134.39365429846876,0.0025
134.3937022992368,0.0
134.3937503000048,-0.0025
134.3937983007728,0.0025
134.3938463015408,-0.005
134.39389430230884,-0.0025
134.39394230307684,0.0025
134.39399030384484,-0.005
134.39403830461288,0.005
134.39408630538088,0.0025
134.39413430614889,0.0
134.3941823069169,0.0025
134.39423030768492,0.005
134.39427830845293,-0.0025
134.39432630922093,0.005
134.39437430998896,-0.01
134.39442231075697,-0.01
134.39447031152497,-0.012499999
134.394518312293,-0.0075
134.394566313061,-0.0075
134.394614313829,-0.015
134.394662314597,-0.012499999
134.39471031536505,-0.012499999
134.39475831613305,-0.0075
134.39480631690105,-0.005
134.3948543176691,-0.005
134.3949023184371,0.0025
134.3949503192051,0.0075
134.3949983199731,0.005
134.39504632074113,0.012499999
134.39509432150913,0.005
134.39514232227714,0.005
134.39519032304517,0.005
134.39523832381317,0.01
134.39528632458118,0.015
134.3953343253492,0.01
134.39538232611721,0.015
134.39543032688522,0.02
134.39547832765322,0.0075
134.39552632842125,0.0075
134.39557432918926,0.015
134.39562232995726,0.0075
134.3956703307253,-0.005
134.3957183314933,-0.012499999
134.3957663322613,-0.0075
134.3958143330293,-0.005
134.39586233379734,0.0025
134.39591033456534,-0.0075
134.39595833533335,-0.0075
134.39600633610138,-0.0075
134.39605433686938,0.0
134.3961023376374,-0.012499999
134.39615033840542,-0.01
134.39619833917342,-0.0075
134.39624633994143,0.0
134.39629434070943,0.012499999
134.39634234147746,0.012499999
134.39639034224547,0.015
134.39643834301347,0.02
134.3964863437815,0.03
134.3965343445495,0.035
134.3965823453175,0.035
134.39663034608552,0.0275
134.39667834685355,0.0175
134.39672634762155,0.0075
134.39677434838956,0.0
134.3968223491576,0.0
134.3968703499256,-0.012499999
134.3969183506936,-0.012499999
134.39696635146163,-0.024999999
134.39701435222963,-0.02
134.39706235299764,-0.024999999
134.39711035376564,-0.035
134.39715835453367,-0.0275
134.39720635530168,-0.035
134.39725435606968,-0.03
134.3973023568377,-0.037499998
134.39735035760572,-0.0325
134.39739835837372,-0.035
134.39744635914172,-0.0425
134.39749435990976,-0.04
134.39754236067776,-0.0475
134.39759036144576,-0.0525
134.3976383622138,-0.044999998
134.3976863629818,-0.049999997
134.3977343637498,-0.037499998
134.39778236451784,-0.0525
134.39783036528584,-0.0425
134.39787836605385,-0.0425
134.39792636682185,-0.044999998
134.39797436758988,-0.037499998
134.39802236835789,-0.0275
134.3980703691259,-0.03
134.39811836989392,-0.022499999
134.39816637066193,-0.022499999
134.39821437142993,-0.022499999
134.39826237219793,-0.01
134.39831037296597,-0.02
134.39835837373397,-0.015
134.39840637450197,-0.022499999
134.39845437527,-0.022499999
134.398502376038,-0.03
134.398550376806,-0.024999999
134.39859837757405,-0.0325
134.39864637834205,-0.0325
134.39869437911005,-0.0325
134.39874237987806,-0.0325
134.3987903806461,-0.022499999
134.3988383814141,-0.024999999
134.3988863821821,-0.0175
134.39893438295013,-0.01
134.39898238371813,0.005
134.39903038448614,-0.0075
134.39907838525414,-0.01
134.39912638602217,-0.015
134.39917438679018,-0.012499999
134.39922238755818,-0.012499999
134.39927038832622,-0.02
134.39931838909422,-0.024999999
134.39936638986222,-0.02
134.39941439063026,-0.0325
134.39946239139826,-0.035
134.39951039216626,-0.035
134.39955839293427,-0.044999998
134.3996063937023,-0.035
134.3996543944703,-0.0325
134.3997023952383,-0.0325
134.39975039600634,-0.0275
134.39979839677434,-0.04
134.39984639754235,-0.04
134.39989439831035,-0.0475
134.39994239907838,-0.049999997
134.3999903998464,-0.049999997
134.4000384006144,-0.06
134.40008640138242,-0.065
134.40013440215043,-0.065
134.40018240291843,-0.07
134.40023040368646,-0.0725
134.40027840445447,-0.0725
134.40032640522247,-0.0775
134.40037440599048,-0.074999996
134.4004224067585,-0.0725
134.4004704075265,-0.07
134.40051840829452,-0.0725
134.40056640906255,-0.07
134.40061440983055,-0.07
134.40066241059856,-0.0725
134.40071041136656,-0.065
134.4007584121346,-0.0725
134.4008064129026,-0.07
134.4008544136706,-0.08
134.40090241443863,-0.085
134.40095041520664,-0.08
134.40099841597464,-0.085
134.40104641674267,-0.082499996
134.40109441751068,-0.082499996
134.40114241827868,-0.0775
134.40119041904669,-0.089999996
134.40123841981472,-0.0925
134.40128642058272,-0.0875
134.40133442135073,-0.089999996
134.40138242211876,-0.085
134.40143042288676,-0.0875
134.40147842365477,-0.0875
134.40152642442277,-0.0875
134.4015744251908,-0.0875
134.4016224259588,-0.0775
134.4016704267268,-0.074999996
134.40171842749484,-0.067499995
134.40176642826285,-0.07
134.40181442903085,-0.0725
134.40186242979888,-0.067499995
134.4019104305669,-0.0775
134.4019584313349,-0.067499995
134.4020064321029,-0.07
134.40205443287093,-0.057499997
134.40210243363893,-0.067499995
134.40215043440693,-0.06
134.40219843517497,-0.0725
134.40224643594297,-0.0625
134.40229443671097,-0.0625
134.40234243747898,-0.06
134.402390438247,-0.0525
134.40243843901501,-0.06
134.40248643978302,-0.0625
134.40253444055105,-0.057499997
134.40258244131905,-0.055
134.40263044208706,-0.0625
134.4026784428551,-0.065
134.4027264436231,-0.0625
134.4027744443911,-0.0525
134.4028224451591,-0.055
134.40287044592714,-0.06
134.40291844669514,-0.065
134.40296644746314,-0.06
134.40301444823118,-0.0425
134.40306244899918,-0.049999997
134.40311044976718,-0.049999997
134.4031584505352,-0.055
134.40320645130322,-0.055
134.40325445207122,-0.055
134.40330245283923,-0.057499997
134.40335045360726,-0.057499997
134.40339845437526,-0.044999998
134.40344645514327,-0.049999997
134.4034944559113,-0.044999998
134.4035424566793,-0.055
134.4035904574473,-0.07
134.4036384582153,-0.067499995
134.40368645898334,-0.067499995
134.40373445975135,-0.0725
134.40378246051935,-0.0775
134.40383046128738,-0.0725
134.4038784620554,-0.08
134.4039264628234,-0.0725
134.4039744635914,-0.06
134.40402246435943,-0.0625
134.40407046512743,-0.067499995
134.40411846589544,-0.0625
134.40416646666347,-0.057499997
134.40421446743147,-0.049999997
134.40426246819948,-0.0525
134.4043104689675,-0.0625
134.4043584697355,-0.065
134.40440647050352,-0.0725
134.40445447127152,-0.07
134.40450247203955,-0.0625
134.40455047280756,-0.055
134.40459847357556,-0.065
134.4046464743436,-0.0625
134.4046944751116,-0.06
134.4047424758796,-0.07
134.4047904766476,-0.074999996
134.40483847741564,-0.0725
134.40488647818364,-0.08
134.40493447895165,-0.0775
134.40498247971968,-0.07
134.40503048048768,-0.065
134.40507848125569,-0.055
134.40512648202372,-0.0525
134.40517448279172,-0.0475
134.40522248355973,-0.0525
134.40527048432773,-0.037499998
134.40531848509576,-0.04
134.40536648586377,-0.0425
134.40541448663177,-0.0325
134.4054624873998,-0.035
134.4055104881678,-0.035
134.4055584889358,-0.04
134.4056064897038,-0.0475
134.40565449047185,-0.055
134.40570249123985,-0.06
134.40575049200785,-0.055
134.4057984927759,-0.049999997
134.4058464935439,-0.044999998
134.4058944943119,-0.049999997
134.40594249507993,-0.0425
134.40599049584793,-0.0475
134.40603849661593,-0.04
134.40608649738394,-0.0425
134.40613449815197,-0.049999997
134.40618249891997,-0.0475
134.40623049968798,-0.0425
134.406278500456,-0.04
134.40632650122402,-0.0425
134.40637450199202,-0.049999997
134.40642250276002,-0.0625
134.40647050352806,-0.057499997
134.40651850429606,-0.055
134.40656650506406,-0.0475
134.4066145058321,-0.044999998
134.4066625066001,-0.049999997
134.4067105073681,-0.04
134.40675850813614,-0.037499998
134.40680650890414,-0.0325
134.40685450967214,-0.03
134.40690251044015,-0.03
134.40695051120818,-0.035
134.40699851197618,-0.02
134.4070465127442,-0.015
134.40709451351222,-0.0175
134.40714251428022,-0.03
134.40719051504823,-0.022499999
134.40723851581623,-0.035
134.40728651658426,-0.035
134.40733451735227,-0.0425
134.40738251812027,-0.037499998
134.4074305188883,-0.03
134.4074785196563,-0.0175
134.4075265204243,-0.0175
134.40757452119234,-0.01
134.40762252196035,0.0025
134.40767052272835,0.005
134.40771852349636,0.012499999
134.4077665242644,0.01
134.4078145250324,0.01
134.4078625258004,0.0
134.40791052656843,-0.0025
134.40795852733643,0.0025
134.40800652810444,-0.005
134.40805452887244,-0.022499999
134.40810252964047,-0.03
134.40815053040848,-0.0325
134.40819853117648,-0.0325
134.4082465319445,-0.037499998
134.40829453271252,-0.0475
134.40834253348052,-0.044999998
134.40839053424855,-0.049999997
134.40843853501656,-0.0475
134.40848653578456,-0.044999998
134.40853453655257,-0.049999997
134.4085825373206,-0.06
134.4086305380886,-0.0625
134.4086785388566,-0.0725
134.40872653962464,-0.067499995
134.40877454039264,-0.07
134.40882254116065,-0.0725
134.40887054192865,-0.0725
134.40891854269668,-0.065
134.4089665434647,-0.067499995
134.4090145442327,-0.07
134.40906254500072,-0.065
134.40911054576873,-0.07
134.40915854653673,-0.0775
134.40920654730476,-0.0725
134.40925454807277,-0.0775
134.40930254884077,-0.08
134.40935054960877,-0.0875
134.4093985503768,-0.08
134.4094465511448,-0.0925
134.40949455191281,-0.0975
134.40954255268085,-0.0925
134.40959055344885,-0.0875
134.40963855421685,-0.0925
134.40968655498486,-0.105
134.4097345557529,-0.1125
134.4097825565209,-0.114999995
134.4098305572889,-0.11
134.40987855805693,-0.12
134.40992655882494,-0.13
134.40997455959294,-0.13
134.41002256036097,-0.13
134.41007056112898,-0.1325
134.41011856189698,-0.145
134.41016656266498,-0.14999999
134.41021456343302,-0.145
134.41026256420102,-0.1525
134.41031056496902,-0.1575
134.41035856573706,-0.16
134.41040656650506,-0.16749999
134.41045456727306,-0.16749999
134.41050256804107,-0.185
134.4105505688091,-0.16749999
134.4105985695771,-0.1625
134.4106465703451,-0.1775
134.41069457111314,-0.18249999
134.41074257188114,-0.17999999
134.41079057264915,-0.1775
134.41083857341718,-0.1875
134.41088657418518,-0.18249999
134.4109345749532,-0.185
134.4109825757212,-0.19
134.41103057648922,-0.1925
134.41107857725723,-0.1925
134.41112657802523,-0.1925
134.41117457879326,-0.19999999
134.41122257956127,-0.19749999
134.41127058032927,-0.2025
134.41131858109728,-0.1925
134.4113665818653,-0.2075
134.4114145826333,-0.2025
134.41146258340132,-0.2075
134.41151058416935,-0.2075
134.41155858493735,-0.2075
134.41160658570536,-0.205
134.4116545864734,-0.21499999
134.4117025872414,-0.205
134.4117505880094,-0.205
134.4117985887774,-0.2075
134.41184658954543,-0.225
134.41189459031344,-0.21499999
134.41194259108144,-0.21249999
134.41199059184947,-0.2025
134.41203859261748,-0.2225
134.41208659338548,-0.21
134.41213459415349,-0.2225
134.41218259492152,-0.205
134.41223059568952,-0.2175
134.41227859645753,-0.22
134.41232659722556,-0.2325
134.41237459799356,-0.2375
134.41242259876157,-0.2375
134.4124705995296,-0.2325
134.4125186002976,-0.24499999
134.4125666010656,-0.255
134.4126146018336,-0.24749999
134.41266260260164,-0.2375
134.41271060336965,-0.235
134.41275860413765,-0.2375
134.41280660490568,-0.24749999
134.4128546056737,-0.2375
134.4129026064417,-0.2225
134.4129506072097,-0.22999999
134.41299860797773,-0.2325
134.41304660874573,-0.225
134.41309460951373,-0.21499999
134.41314261028177,-0.21249999
134.41319061104977,-0.2075
134.41323861181777,-0.19999999
134.4132866125858,-0.21
134.4133346133538,-0.205
134.41338261412182,-0.2225
134.41343061488982,-0.235
134.41347861565785,-0.2375
134.41352661642586,-0.2375
134.41357461719386,-0.24
134.4136226179619,-0.24749999
134.4136706187299,-0.24749999
134.4137186194979,-0.24499999
134.4137666202659,-0.24
134.41381462103394,-0.24499999
134.41386262180194,-0.24499999
134.41391062256994,-0.2375
134.41395862333798,-0.24
134.41400662410598,-0.2375
134.41405462487398,-0.235
134.41410262564202,-0.24499999
134.41415062641002,-0.24
134.41419862717802,-0.235
134.41424662794603,-0.24499999
134.41429462871406,-0.25
134.41434262948206,-0.24499999
134.41439063025007,-0.25
134.4144386310181,-0.255
134.4144866317861,-0.2575
134.4145346325541,-0.24749999
134.4145826333221,-0.25
134.41463063409014,-0.24749999
134.41467863485815,-0.24499999
134.41472663562615,-0.24249999
134.41477463639418,-0.22999999
134.4148226371622,-0.2325
134.4148706379302,-0.2375
134.41491863869823,-0.24
134.41496663946623,-0.24249999
134.41501464023423,-0.2375
134.41506264100224,-0.24749999
134.41511064177027,-0.2375
134.41515864253827,-0.24499999
134.41520664330628,-0.24
134.4152546440743,-0.24249999
134.4153026448423,-0.2375
134.41535064561032,-0.24
134.41539864637832,-0.24
134.41544664714635,-0.2325
134.41549464791436,-0.2225
134.41554264868236,-0.22999999
134.4155906494504,-0.21499999
134.4156386502184,-0.21499999
134.4156866509864,-0.2225
134.4157346517544,-0.22749999
134.41578265252244,-0.2225
134.41583065329044,-0.2225
134.41587865405845,-0.225
134.41592665482648,-0.22
134.41597465559448,-0.225
134.4160226563625,-0.225
134.41607065713052,-0.2225
134.41611865789852,-0.22
134.41616665866653,-0.2175
134.41621465943453,-0.225
134.41626266020256,-0.21499999
134.41631066097057,-0.205
134.41635866173857,-0.205
134.4164066625066,-0.19999999
134.4164546632746,-0.19999999
134.4165026640426,-0.2025
134.41655066481061,-0.1925
134.41659866557865,-0.19749999
134.41664666634665,-0.195
134.41669466711465,-0.1925
134.4167426678827,-0.19999999
134.4167906686507,-0.19749999
134.4168386694187,-0.2025
134.41688667018673,-0.2025
134.41693467095473,-0.2075
134.41698267172274,-0.21499999
134.41703067249074,-0.21
134.41707867325877,-0.21
134.41712667402678,-0.205
134.41717467479478,-0.195
134.4172226755628,-0.2025
134.41727067633082,-0.2025
134.41731867709882,-0.19749999
134.41736667786682,-0.2025
134.41741467863486,-0.195
134.41746267940286,-0.195
134.41751068017086,-0.1925
134.4175586809389,-0.1925
134.4176066817069,-0.195
134.4176546824749,-0.18249999
134.41770268324294,-0.185
134.41775068401094,-0.185
134.41779868477894,-0.17999999
134.41784668554695,-0.185
134.41789468631498,-0.18249999
134.41794268708298,-0.17999999
134.417990687851,-0.1875
134.41803868861902,-0.1875
134.41808668938702,-0.1775
134.41813469015503,-0.16499999
134.41818269092303,-0.1725
134.41823069169106,-0.1725
134.41827869245907,-0.16499999
134.41832669322707,-0.1575
134.4183746939951,-0.16
134.4184226947631,-0.14999999
134.4184706955311,-0.1475
134.41851869629915,-0.13
134.41856669706715,-0.13
134.41861469783515,-0.13
134.41866269860316,-0.1275
134.4187106993712,-0.114999995
134.4187587001392,-0.1175
134.4188067009072,-0.1175
134.41885470167523,-0.1125
134.41890270244323,-0.12
134.41895070321124,-0.11
134.41899870397924,-0.125
134.41904670474727,-0.12
134.41909470551528,-0.12
134.41914270628328,-0.122499995
134.4191907070513,-0.114999995
134.41923870781932,-0.1175
134.41928670858732,-0.13
134.41933470935535,-0.13499999
134.41938271012336,-0.1275
134.41943071089136,-0.14
134.41947871165937,-0.14
134.4195267124274,-0.1325
134.4195747131954,-0.14
134.4196227139634,-0.13499999
134.41967071473144,-0.1425
134.41971871549944,-0.1375
134.41976671626745,-0.1275
134.41981471703545,-0.1325
134.41986271780348,-0.125
134.4199107185715,-0.13
134.4199587193395,-0.13499999
134.42000672010752,-0.1375
134.42005472087553,-0.125
134.42010272164353,-0.14
134.42015072241156,-0.1325
134.42019872317957,-0.13499999
134.42024672394757,-0.13499999
134.42029472471557,-0.14
134.4203427254836,-0.1325
134.4203907262516,-0.122499995
134.42043872701962,-0.122499995
134.42048672778765,-0.122499995
134.42053472855565,-0.1175
134.42058272932366,-0.125
134.42063073009166,-0.1125
134.4206787308597,-0.1025
134.4207267316277,-0.095
134.4207747323957,-0.1025
134.42082273316373,-0.0925
134.42087073393174,-0.0925
134.42091873469974,-0.085
134.42096673546777,-0.085
134.42101473623578,-0.085
134.42106273700378,-0.0875
134.42111073777178,-0.0775
134.42115873853982,-0.074999996
134.42120673930782,-0.07
134.42125474007582,-0.0725
134.42130274084386,-0.067499995
134.42135074161186,-0.065
134.42139874237986,-0.0625
134.42144674314787,-0.074999996
134.4214947439159,-0.085
134.4215427446839,-0.0875
134.4215907454519,-0.074999996
134.42163874621994,-0.0725
134.42168674698794,-0.0625
134.42173474775595,-0.049999997
134.42178274852398,-0.0425
134.42183074929198,-0.0475
134.42187875006,-0.0475
134.421926750828,-0.0425
134.42197475159603,-0.0475
134.42202275236403,-0.0425
134.42207075313203,-0.044999998
134.42211875390007,-0.044999998
134.42216675466807,-0.0425
134.42221475543607,-0.0475
134.42226275620408,-0.049999997
134.4223107569721,-0.044999998
134.4223587577401,-0.0475
134.42240675850812,-0.0475
134.42245475927615,-0.044999998
134.42250276004415,-0.044999998
134.42255076081216,-0.037499998
134.4225987615802,-0.0275
134.4226467623482,-0.0325
134.4226947631162,-0.035
134.4227427638842,-0.03
134.42279076465223,-0.037499998
134.42283876542024,-0.0425
134.42288676618824,-0.035
134.42293476695627,-0.0275
134.42298276772428,-0.0325
134.42303076849228,-0.0525
134.4230787692603,-0.0525
134.42312677002832,-0.06
134.42317477079632,-0.0625
134.42322277156433,-0.065
134.42327077233236,-0.074999996
134.42331877310036,-0.07
134.42336677386837,-0.0625
134.4234147746364,-0.082499996
134.4234627754044,-0.08
134.4235107761724,-0.0725
134.4235587769404,-0.0775
134.42360677770844,-0.067499995
134.42365477847645,-0.0725
134.42370277924445,-0.0775
134.42375078001248,-0.082499996
134.4237987807805,-0.0875
134.4238467815485,-0.0975
134.4238947823165,-0.099999994
134.42394278308453,-0.1125
134.42399078385253,-0.11
134.42403878462054,-0.1025
134.42408678538857,-0.1025
134.42413478615657,-0.095
134.42418278692458,-0.1025
134.4242307876926,-0.0925
134.4242787884606,-0.0925
134.42432678922862,-0.095
134.42437478999662,-0.0925
134.42442279076465,-0.095
134.42447079153266,-0.085
134.42451879230066,-0.0925
134.4245667930687,-0.089999996
134.4246147938367,-0.089999996
134.4246627946047,-0.085
134.4247107953727,-0.089999996
134.42475879614074,-0.0875
134.42480679690874,-0.099999994
134.42485479767674,-0.0925
134.42490279844478,-0.1025
134.42495079921278,-0.11
134.42499879998078,-0.107499994
134.42504680074882,-0.1125
134.42509480151682,-0.0975
134.42514280228482,-0.114999995
134.42519080305283,-0.107499994
134.42523880382086,-0.1125
134.42528680458886,-0.12
134.42533480535687,-0.12
134.4253828061249,-0.122499995
134.4254308068929,-0.114999995
134.4254788076609,-0.1125
134.4255268084289,-0.107499994
134.42557480919695,-0.1175
134.42562280996495,-0.1125
134.42567081073295,-0.1125
134.42571881150099,-0.1175
134.425766812269,-0.125
134.425814813037,-0.12
134.42586281380503,-0.114999995
134.42591081457303,-0.122499995
134.42595881534103,-0.114999995
134.42600681610904,-0.1125
134.42605481687707,-0.114999995
134.42610281764507,-0.1025
134.42615081841308,-0.105
134.4261988191811,-0.0975
134.4262468199491,-0.105
134.42629482071712,-0.0975
134.42634282148512,-0.1025
134.42639082225315,-0.105
134.42643882302116,-0.105
134.42648682378916,-0.099999994
134.4265348245572,-0.095
134.4265828253252,-0.095
134.4266308260932,-0.0975
134.42667882686123,-0.0975
134.42672682762924,-0.0875
134.42677482839724,-0.0875
134.42682282916525,-0.085
134.42687082993328,-0.0875
134.42691883070128,-0.0925
134.4269668314693,-0.089999996
134.42701483223732,-0.0775
134.42706283300532,-0.089999996
134.42711083377333,-0.08
134.42715883454133,-0.0775
134.42720683530936,-0.082499996
134.42725483607737,-0.074999996
134.42730283684537,-0.065
134.4273508376134,-0.0775
134.4273988383814,-0.0725
134.4274468391494,-0.065
134.42749483991744,-0.08
134.42754284068545,-0.07
134.42759084145345,-0.055
134.42763884222146,-0.0525
134.4276868429895,-0.0525
134.4277348437575,-0.049999997
134.4277828445255,-0.0425
134.42783084529353,-0.044999998
134.42787884606153,-0.03
134.42792684682954,-0.024999999
134.42797484759754,-0.035
134.42802284836557,-0.03
134.42807084913358,-0.0175
134.42811884990158,-0.024999999
134.4281668506696,-0.012499999
134.42821485143762,-0.012499999
134.42826285220562,-0.012499999
134.42831085297365,-0.012499999
134.42835885374166,-0.015
134.42840685450966,-0.012499999
134.42845485527766,-0.015
134.4285028560457,-0.02
134.4285508568137,-0.022499999
134.4285988575817,-0.02
134.42864685834974,-0.015
134.42869485911774,-0.0175
134.42874285988574,-0.015
134.42879086065375,-0.0275
134.42883886142178,-0.0325
134.42888686218978,-0.037499998
134.4289348629578,-0.0275
134.42898286372582,-0.0425
134.42903086449382,-0.06
134.42907886526183,-0.067499995
134.42912686602986,-0.0625
134.42917486679787,-0.07
134.42922286756587,-0.074999996
134.42927086833387,-0.085
134.4293188691019,-0.08
134.4293668698699,-0.082499996
134.4294148706379,-0.0775
134.42946287140595,-0.0725
134.42951087217395,-0.0725
134.42955887294195,-0.055
134.42960687370996,-0.0625
134.429654874478,-0.06
134.429702875246,-0.0625
134.429750876014,-0.06
134.42979887678203,-0.0525
134.42984687755003,-0.0525
134.42989487831804,-0.0475
134.42994287908607,-0.06
134.42999087985407,-0.07
134.43003888062208,-0.085
134.43008688139008,-0.105
134.43013488215811,-0.1175
134.43018288292612,-0.125
134.43023088369412,-0.11
134.43027888446215,-0.1175
134.43032688523016,-0.125
134.43037488599816,-0.1375
134.43042288676617,-0.1375
134.4304708875342,-0.1325
134.4305188883022,-0.1275
134.4305668890702,-0.1275
134.43061488983824,-0.1325
134.43066289060624,-0.13
134.43071089137425,-0.13499999
134.43075889214228,-0.13
134.43080689291028,-0.122499995
134.4308548936783,-0.13
134.4309028944463,-0.1275
134.43095089521432,-0.13499999
134.43099889598233,-0.1275
134.43104689675033,-0.125
134.43109489751836,-0.13499999
134.43114289828637,-0.122499995
134.43119089905437,-0.12
134.43123889982238,-0.122499995
134.4312869005904,-0.1175
134.4313349013584,-0.1175
134.43138290212642,-0.105
134.43143090289445,-0.11
134.43147890366245,-0.099999994
134.43152690443046,-0.1025
134.4315749051985,-0.1025
134.4316229059665,-0.1025
134.4316709067345,-0.099999994
134.4317189075025,-0.1025
134.43176690827053,-0.089999996
134.43181490903854,-0.0925
134.43186290980654,-0.089999996
134.43191091057457,-0.089999996
134.43195891134258,-0.0975
134.43200691211058,-0.105
134.43205491287858,-0.0875
134.43210291364662,-0.0875
134.43215091441462,-0.082499996
134.43219891518262,-0.0725
134.43224691595066,-0.06
134.43229491671866,-0.0525
134.43234291748666,-0.055
134.4323909182547,-0.049999997
134.4324389190227,-0.049999997
134.4324869197907,-0.0475
134.4325349205587,-0.04
134.43258292132674,-0.044999998
134.43263092209475,-0.04
134.43267892286275,-0.0475
134.43272692363078,-0.044999998
134.43277492439879,-0.0525
134.4328229251668,-0.057499997
134.4328709259348,-0.07
134.43291892670283,-0.0625
134.43296692747083,-0.06
134.43301492823883,-0.055
134.43306292900687,-0.049999997
134.43311092977487,-0.0525
134.43315893054287,-0.049999997
134.4332069313109,-0.0425
134.4332549320789,-0.044999998
134.4333029328469,-0.044999998
134.43335093361492,-0.0525
134.43339893438295,-0.0525
134.43344693515095,-0.049999997
134.43349493591896,-0.044999998
134.433542936687,-0.0525
134.433590937455,-0.037499998
134.433638938223,-0.0475
134.433686938991,-0.044999998
134.43373493975903,-0.049999997
134.43378294052704,-0.044999998
134.43383094129504,-0.0475
134.43387894206307,-0.049999997
134.43392694283108,-0.0475
134.43397494359908,-0.044999998
134.43402294436711,-0.044999998
134.43407094513512,-0.04
134.43411894590312,-0.04
134.43416694667113,-0.044999998
134.43421494743916,-0.037499998
134.43426294820716,-0.044999998
134.43431094897517,-0.0325
134.4343589497432,-0.049999997
134.4344069505112,-0.0425
134.4344549512792,-0.044999998
134.4345029520472,-0.0475
134.43455095281524,-0.0525
134.43459895358325,-0.04
134.43464695435125,-0.04
134.43469495511928,-0.04
134.4347429558873,-0.0475
134.4347909566553,-0.0475
134.43483895742332,-0.0475
134.43488695819133,-0.057499997
134.43493495895933,-0.0425
134.43498295972734,-0.044999998
134.43503096049537,-0.055
134.43507896126337,-0.06
134.43512696203138,-0.0425
134.4351749627994,-0.0475
134.4352229635674,-0.0475
134.43527096433542,-0.044999998
134.43531896510342,-0.04
134.43536696587145,-0.044999998
134.43541496663946,-0.035
134.43546296740746,-0.04
134.4355109681755,-0.0475
134.4355589689435,-0.0425
134.4356069697115,-0.0425
134.43565497047953,-0.0425
134.43570297124754,-0.049999997
134.43575097201554,-0.0475
134.43579897278354,-0.04
134.43584697355158,-0.049999997
134.43589497431958,-0.057499997
134.43594297508758,-0.055
134.43599097585562,-0.0525
134.43603897662362,-0.0525
134.43608697739162,-0.055
134.43613497815963,-0.055
134.43618297892766,-0.049999997
134.43623097969567,-0.049999997
134.43627898046367,-0.06
134.4363269812317,-0.055
134.4363749819997,-0.057499997
134.4364229827677,-0.057499997
134.43647098353574,-0.0625
134.43651898430375,-0.055
134.43656698507175,-0.057499997
134.43661498583975,-0.057499997
134.4366629866078,-0.049999997
134.4367109873758,-0.055
134.4367589881438,-0.0425
134.43680698891183,-0.0425
134.43685498967983,-0.04
134.43690299044783,-0.044999998
134.43695099121584,-0.0325
134.43699899198387,-0.03
134.43704699275187,-0.0275
134.43709499351988,-0.0275
134.4371429942879,-0.03
134.43719099505591,-0.02
134.43723899582392,-0.035
134.43728699659195,-0.0275
134.43733499735995,-0.012499999
134.43738299812796,-0.0075
134.43743099889596,-0.0075
134.437478999664,0.0
134.437527000432,0.0025
134.4375750012,0.0025
134.43762300196803,0.0075
134.43767100273604,0.01
134.43771900350404,0.0025
134.43776700427205,0.0175
134.43781500504008,0.0075
134.43786300580808,0.01
134.4379110065761,0.024999999
134.43795900734412,0.022499999
134.43800700811212,0.02
134.43805500888013,0.02
134.43810300964816,0.0175
134.43815101041616,0.0175
134.43819901118417,0.0175
134.43824701195217,0.015
134.4382950127202,0.02
134.4383430134882,0.03
134.4383910142562,0.03
134.43843901502424,0.04
134.43848701579225,0.044999998
134.43853501656025,0.0475
134.43858301732826,0.044999998
134.4386310180963,0.04
134.4386790188643,0.0425
134.4387270196323,0.044999998
134.43877502040033,0.03
134.43882302116833,0.0325
134.43887102193634,0.015
134.43891902270437,0.0175
134.43896702347237,0.015
134.43901502424038,0.0075
134.43906302500838,0.012499999
134.4391110257764,-0.0025
134.43915902654442,-0.005
134.43920702731242,-0.0075
134.43925502808045,-0.01
134.43930302884846,0.0
134.43935102961646,-0.01
134.43939903038446,-0.0075
134.4394470311525,-0.01
134.4394950319205,-0.012499999
134.4395430326885,-0.012499999
134.43959103345654,-0.02
134.43963903422454,-0.01
134.43968703499255,-0.012499999
134.43973503576058,-0.0175
134.43978303652858,-0.0275
134.43983103729659,-0.024999999
134.4398790380646,-0.04
134.43992703883262,-0.037499998
134.43997503960063,-0.0475
134.44002304036863,-0.0525
134.44007104113666,-0.057499997
134.44011904190467,-0.06
134.44016704267267,-0.0525
134.44021504344067,-0.055
134.4402630442087,-0.06
134.4403110449767,-0.0525
134.4403590457447,-0.0625
134.44040704651275,-0.06
134.44045504728075,-0.067499995
134.44050304804875,-0.08
134.4405510488168,-0.085
134.4405990495848,-0.089999996
134.4406470503528,-0.089999996
134.4406950511208,-0.085
134.44074305188883,-0.082499996
134.44079105265683,-0.0725
134.44083905342484,-0.0725
134.44088705419287,-0.067499995
134.44093505496087,-0.055
134.44098305572888,-0.044999998
134.44103105649688,-0.04
134.44107905726491,-0.035
134.44112705803292,-0.03
134.44117505880092,-0.024999999
134.44122305956896,-0.012499999
134.44127106033696,-0.015
134.44131906110496,-0.0275
134.441367061873,-0.024999999
134.441415062641,-0.0275
134.441463063409,-0.03
134.441511064177,-0.037499998
134.44155906494504,-0.04
134.44160706571304,-0.0475
134.44165506648105,-0.0475
134.44170306724908,-0.06
134.44175106801708,-0.0475
134.4417990687851,-0.049999997
134.4418470695531,-0.057499997
134.44189507032112,-0.06
134.44194307108913,-0.074999996
134.44199107185713,-0.0725
134.44203907262516,-0.08
134.44208707339317,-0.08
134.44213507416117,-0.0625
134.4421830749292,-0.085
134.4422310756972,-0.082499996
134.4422790764652,-0.082499996
134.44232707723322,-0.08
134.44237507800125,-0.08
134.44242307876925,-0.082499996
134.44247107953726,-0.085
134.4425190803053,-0.082499996
134.4425670810733,-0.0875
134.4426150818413,-0.085
134.4426630826093,-0.089999996
134.44271108337733,-0.089999996
134.44275908414534,-0.089999996
134.44280708491334,-0.082499996
134.44285508568137,-0.0925
134.44290308644938,-0.0925
134.44295108721738,-0.095
134.4429990879854,-0.0925
134.44304708875342,-0.0875
134.44309508952142,-0.0875
134.44314309028942,-0.08
134.44319109105746,-0.082499996
134.44323909182546,-0.0775
134.44328709259347,-0.08
134.4433350933615,-0.067499995
134.4433830941295,-0.07
134.4434310948975,-0.065
134.4434790956655,-0.067499995
134.44352709643354,-0.065
134.44357509720155,-0.049999997
134.44362309796955,-0.0475
134.44367109873758,-0.0525
134.44371909950559,-0.0625
134.4437671002736,-0.06
134.44381510104162,-0.044999998
134.44386310180963,-0.055
134.44391110257763,-0.049999997
134.44395910334563,-0.0425
134.44400710411367,-0.035
134.44405510488167,-0.037499998
134.44410310564967,-0.037499998
134.4441511064177,-0.037499998
134.4441991071857,-0.037499998
134.44424710795371,-0.04
134.44429510872172,-0.0275
134.44434310948975,-0.03
134.44439111025775,-0.0275
134.44443911102576,-0.0325
134.4444871117938,-0.0275
134.4445351125618,-0.0325
134.4445831133298,-0.04
134.44463111409783,-0.024999999
134.44467911486583,-0.024999999
134.44472711563384,-0.0325
134.44477511640184,-0.03
134.44482311716988,-0.0275
134.44487111793788,-0.024999999
134.44491911870588,-0.024999999
134.44496711947392,-0.02
134.44501512024192,-0.015
134.44506312100992,-0.01
134.44511112177793,-0.012499999
134.44515912254596,-0.022499999
134.44520712331396,-0.02
134.44525512408197,-0.02
134.44530312485,-0.022499999
134.445351125618,-0.024999999
134.445399126386,-0.035
134.44544712715404,-0.0275
134.44549512792204,-0.0275
134.44554312869005,-0.0325
134.44559112945805,-0.0275
134.44563913022608,-0.04
134.4456871309941,-0.055
134.4457351317621,-0.049999997
134.44578313253012,-0.0475
134.44583113329813,-0.0525
134.44587913406613,-0.0475
134.44592713483414,-0.06
134.44597513560217,-0.065
134.44602313637017,-0.055
134.44607113713818,-0.055
134.4461191379062,-0.0425
134.4461671386742,-0.044999998
134.44621513944222,-0.0425
134.44626314021025,-0.04
134.44631114097825,-0.04
134.44635914174626,-0.024999999
134.44640714251426,-0.012499999
134.4464551432823,-0.015
134.4465031440503,-0.012499999
134.4465511448183,0.0075
134.44659914558633,0.01
134.44664714635434,0.0
134.44669514712234,-0.005
134.44674314789034,-0.01
134.44679114865838,-0.0175
134.44683914942638,-0.02
134.44688715019439,-0.02
134.44693515096242,-0.012499999
134.44698315173042,-0.0075
134.44703115249843,-0.015
134.44707915326646,-0.01
134.44712715403446,-0.01
134.44717515480247,-0.012499999
134.44722315557047,0.005
134.4472711563385,0.0025
134.4473191571065,0.0075
134.4473671578745,0.0
134.44741515864254,0.01
134.44746315941055,0.01
134.44751116017855,0.01
134.44755916094655,0.005
134.4476071617146,0.005
134.4476551624826,0.0075
134.4477031632506,0.0025
134.44775116401863,-0.0025
134.44779916478663,-0.0075
134.44784716555463,-0.005
134.44789516632267,0.0025
134.44794316709067,-0.0025
134.44799116785867,0.012499999
134.44803916862668,0.0075
134.4480871693947,0.012499999
134.44813517016271,0.0175
134.44818317093072,0.0175
134.44823117169875,0.02
134.44827917246675,0.02
134.44832717323476,0.024999999
134.44837517400276,0.0325
134.4484231747708,0.035
134.4484711755388,0.035
134.4485191763068,0.03
134.44856717707484,0.037499998
134.44861517784284,0.0425
134.44866317861084,0.0425
134.44871117937888,0.0475
134.44875918014688,0.0525
134.44880718091488,0.057499997
134.4488551816829,0.07
134.44890318245092,0.082499996
134.44895118321892,0.0775
134.44899918398693,0.0975
134.44904718475496,0.085
134.44909518552296,0.0875
134.44914318629097,0.082499996
134.44919118705897,0.08
134.449239187827,0.074999996
134.449287188595,0.07
134.449335189363,0.067499995
134.44938319013104,0.0725
134.44943119089905,0.08
134.44947919166705,0.074999996
134.44952719243508,0.0725
134.4495751932031,0.0725
134.4496231939711,0.0775
134.4496711947391,0.074999996
134.44971919550713,0.08
134.44976719627513,0.0725
134.44981519704314,0.074999996
134.44986319781117,0.067499995
134.44991119857917,0.067499995
134.44995919934718,0.055
134.45000720011518,0.057499997
134.4500552008832,0.06
134.45010320165122,0.057499997
134.45015120241922,0.0525
134.45019920318725,0.049999997
134.45024720395526,0.0525
134.45029520472326,0.049999997
134.4503432054913,0.055
134.4503912062593,0.0425
134.4504392070273,0.049999997
134.4504872077953,0.0475
134.45053520856334,0.037499998
134.45058320933134,0.037499998
134.45063121009935,0.035
134.45067921086738,0.035
134.45072721163538,0.035
134.45077521240339,0.0325
134.4508232131714,0.024999999
134.45087121393942,0.0275
134.45091921470743,0.02
134.45096721547543,0.0175
134.45101521624346,0.01
134.45106321701147,0.01
134.45111121777947,-0.0025
134.4511592185475,-0.005
134.4512072193155,-0.0075
134.4512552200835,-0.005
134.4513032208515,-0.01
134.45135122161955,-0.005
134.45139922238755,0.0025
134.45144722315555,-0.0025
134.4514952239236,-0.0025
134.4515432246916,0.01
134.4515912254596,0.0025
134.4516392262276,0.0025
134.45168722699563,0.012499999
134.45173522776363,0.005
134.45178322853164,0.0075
134.45183122929967,0.0175
134.45187923006768,0.015
134.45192723083568,0.022499999
134.4519752316037,0.012499999
134.45202323237172,0.024999999
134.45207123313972,0.02
134.45211923390772,0.015
134.45216723467576,0.02
134.45221523544376,0.022499999
134.45226323621176,0.02
134.4523112369798,0.0275
134.4523592377478,0.0275
134.4524072385158,0.024999999
134.4524552392838,0.035
134.45250324005184,0.035
134.45255124081984,0.035
134.45259924158785,0.037499998
134.45264724235588,0.044999998
134.45269524312388,0.0475
134.4527432438919,0.049999997
134.45279124465992,0.057499997
134.45283924542792,0.0625
134.45288724619593,0.057499997
134.45293524696393,0.065
134.45298324773196,0.065
134.45303124849997,0.0725
134.45307924926797,0.0775
134.453127250036,0.07
134.453175250804,0.082499996
134.453223251572,0.0775
134.45327125234002,0.07
134.45331925310805,0.082499996
134.45336725387605,0.0725
134.45341525464406,0.0775
134.4534632554121,0.0725
134.4535112561801,0.0775
134.4535592569481,0.0775
134.45360725771613,0.065
134.45365525848413,0.07
134.45370325925214,0.0725
134.45375126002014,0.07
134.45379926078817,0.082499996
134.45384726155618,0.085
134.45389526232418,0.085
134.4539432630922,0.0875
134.45399126386022,0.0925
134.45403926462822,0.099999994
134.45408726539623,0.105
134.45413526616426,0.105
134.45418326693226,0.114999995
134.45423126770027,0.114999995
134.4542792684683,0.1125
134.4543272692363,0.11
134.4543752700043,0.099999994
134.45442327077234,0.105
134.45447127154034,0.1025
134.45451927230835,0.095
134.45456727307635,0.11
134.45461527384438,0.099999994
134.4546632746124,0.089999996
134.4547112753804,0.0975
134.45475927614842,0.082499996
134.45480727691643,0.082499996
134.45485527768443,0.08
134.45490327845243,0.089999996
134.45495127922047,0.089999996
134.45499927998847,0.0875
134.45504728075647,0.0975
134.4550952815245,0.105
134.4551432822925,0.105
134.45519128306051,0.1125
134.45523928382855,0.1025
134.45528728459655,0.099999994
134.45533528536455,0.107499994
134.45538328613256,0.107499994
134.4554312869006,0.0975
134.4554792876686,0.095
134.4555272884366,0.107499994
134.45557528920463,0.1025
134.45562328997264,0.0975
134.45567129074064,0.095
134.45571929150864,0.089999996
134.45576729227668,0.095
134.45581529304468,0.095
134.45586329381268,0.095
134.45591129458072,0.095
134.45595929534872,0.1025
134.45600729611672,0.11
134.45605529688476,0.11
134.45610329765276,0.0975
134.45615129842076,0.105
134.45619929918877,0.095
134.4562472999568,0.107499994
134.4562953007248,0.0975
134.4563433014928,0.0975
134.45639130226084,0.095
134.45643930302884,0.0975
134.45648730379685,0.095
134.45653530456485,0.0875
134.45658330533288,0.095
134.4566313061009,0.0925
134.4566793068689,0.089999996
134.45672730763692,0.099999994
134.45677530840493,0.099999994
134.45682330917293,0.1025
134.45687130994096,0.1025
134.45691931070897,0.1025
134.45696731147697,0.105
134.45701531224498,0.107499994
134.457063313013,0.1175
134.457111313781,0.11
134.45715931454902,0.11
134.45720731531705,0.105
134.45725531608505,0.095
134.45730331685306,0.0925
134.45735131762106,0.0875
134.4573993183891,0.0875
134.4574473191571,0.105
134.4574953199251,0.095
134.45754332069313,0.0975
134.45759132146114,0.099999994
134.45763932222914,0.1125
134.45768732299717,0.1175
134.45773532376518,0.1175
134.45778332453318,0.1125
134.45783132530119,0.1125
134.45787932606922,0.114999995
134.45792732683722,0.114999995
134.45797532760523,0.099999994
134.45802332837326,0.0925
134.45807132914126,0.085
134.45811932990927,0.08
134.45816733067727,0.0625
134.4582153314453,0.082499996
134.4582633322133,0.074999996
134.4583113329813,0.074999996
134.45835933374934,0.074999996
134.45840733451735,0.074999996
134.45845533528535,0.0775
134.45850333605338,0.095
134.4585513368214,0.085
134.4585993375894,0.0875
134.4586473383574,0.095
134.45869533912543,0.0975
134.45874333989343,0.095
134.45879134066143,0.1025
134.45883934142947,0.105
134.45888734219747,0.1025
134.45893534296548,0.099999994
134.45898334373348,0.107499994
134.4590313445015,0.107499994
134.45907934526952,0.1125
134.45912734603752,0.1125
134.45917534680555,0.1175
134.45922334757356,0.1175
134.45927134834156,0.114999995
134.45931934910956,0.12
134.4593673498776,0.125
134.4594153506456,0.114999995
134.4594633514136,0.1125
134.45951135218164,0.1125
134.45955935294964,0.1125
134.45960735371764,0.12
134.45965535448568,0.114999995
134.45970335525368,0.105
134.45975135602168,0.0975
134.4597993567897,0.0975
134.45984735755772,0.0925
134.45989535832572,0.082499996
134.45994335909373,0.08
134.45999135986176,0.082499996
134.46003936062976,0.08
134.46008736139777,0.074999996
134.46013536216577,0.0725
134.4601833629338,0.065
134.4602313637018,0.074999996
134.4602793644698,0.057499997
134.46032736523784,0.057499997
134.46037536600585,0.055
134.46042336677385,0.06
134.46047136754189,0.0625
134.4605193683099,0.057499997
134.4605673690779,0.0625
134.4606153698459,0.0525
134.46066337061393,0.049999997
134.46071137138193,0.055
134.46075937214994,0.044999998
134.46080737291797,0.04
134.46085537368597,0.035
134.46090337445398,0.049999997
134.46095137522198,0.024999999
134.46099937599,0.02
134.46104737675802,0.015
134.46109537752602,0.0075
134.46114337829405,0.0025
134.46119137906206,0.0
134.46123937983006,-0.0075
134.4612873805981,-0.015
134.4613353813661,-0.0175
134.4613833821341,-0.02
134.4614313829021,-0.03
134.46147938367014,-0.04
134.46152738443814,-0.037499998
134.46157538520615,-0.035
134.46162338597418,-0.037499998
134.46167138674218,-0.044999998
134.4617193875102,-0.057499997
134.4617673882782,-0.0525
134.46181538904622,-0.057499997
134.46186338981423,-0.065
134.46191139058223,-0.0525
134.46195939135026,-0.0625
134.46200739211827,-0.065
134.46205539288627,-0.0525
134.4621033936543,-0.0775
134.4621513944223,-0.0925
134.4621993951903,-0.065
134.46224739595831,-0.0775
134.46229539672635,-0.074999996
134.46234339749435,-0.089999996
134.46239139826235,-0.1025
134.4624393990304,-0.0925
134.4624873997984,-0.082499996
134.4625354005664,-0.099999994
134.4625834013344,-0.095
134.46263140210243,-0.1025
134.46267940287044,-0.095
134.46272740363844,-0.089999996
134.46277540440647,-0.0875
134.46282340517448,-0.089999996
134.46287140594248,-0.082499996
134.4629194067105,-0.06
134.46296740747852,-0.0725
134.46301540824652,-0.067499995
134.46306340901452,-0.0525
134.46311140978256,-0.044999998
134.46315941055056,-0.0425
134.46320741131856,-0.022499999
134.4632554120866,-0.0275
134.4633034128546,-0.022499999
134.4633514136226,-0.0275
134.4633994143906,-0.03
134.46344741515864,-0.04
134.46349541592664,-0.035
134.46354341669465,-0.04
134.46359141746268,-0.035
134.46363941823068,-0.035
134.4636874189987,-0.04
134.46373541976672,-0.0325
134.46378342053472,-0.024999999
134.46383142130273,-0.022499999
134.46387942207073,-0.035
134.46392742283876,-0.04
134.46397542360677,-0.037499998
134.46402342437477,-0.024999999
134.4640714251428,-0.024999999
134.4641194259108,-0.024999999
134.4641674266788,-0.035
134.46421542744682,-0.044999998
134.46426342821485,-0.044999998
134.46431142898285,-0.0425
134.46435942975086,-0.0525
134.4644074305189,-0.06
134.4644554312869,-0.057499997
134.4645034320549,-0.0475
134.46455143282293,-0.057499997
134.46459943359093,-0.055
134.46464743435894,-0.049999997
134.46469543512694,-0.044999998
134.46474343589497,-0.04
134.46479143666298,-0.035
134.46483943743098,-0.0325
134.464887438199,-0.0425
134.46493543896702,-0.0425
134.46498343973502,-0.044999998
134.46503144050303,-0.04
134.46507944127106,-0.0475
134.46512744203906,-0.0425
134.46517544280707,-0.0525
134.4652234435751,-0.049999997
134.4652714443431,-0.044999998
134.4653194451111,-0.049999997
134.46536744587914,-0.0425
134.46541544664714,-0.035
134.46546344741515,-0.03
134.46551144818315,-0.04
134.46555944895118,-0.024999999
134.4656074497192,-0.01
134.4656554504872,-0.02
134.46570345125522,-0.0275
134.46575145202323,-0.02
134.46579945279123,-0.024999999
134.46584745355923,-0.022499999
134.46589545432727,-0.0275
134.46594345509527,-0.024999999
134.46599145586327,-0.04
134.4660394566313,-0.0425
134.4660874573993,-0.044999998
134.46613545816732,-0.037499998
134.46618345893535,-0.035
134.46623145970335,-0.044999998
134.46627946047136,-0.037499998
134.46632746123936,-0.03
134.4663754620074,-0.024999999
134.4664234627754,-0.0275
134.4664714635434,-0.022499999
134.46651946431143,-0.0175
134.46656746507944,-0.02
134.46661546584744,-0.0025
134.46666346661544,-0.0075
134.46671146738348,-0.015
134.46675946815148,-0.012499999
134.46680746891948,-0.015
134.46685546968752,-0.015
134.46690347045552,-0.0025
134.46695147122352,-0.005
134.46699947199156,-0.0075
134.46704747275956,0.005
134.46709547352756,-0.005
134.46714347429557,-0.01
134.4671914750636,-0.0025
134.4672394758316,-0.01
134.4672874765996,0.0
134.46733547736764,0.0025
134.46738347813564,0.0
134.46743147890365,0.0025
134.46747947967165,0.0025
134.46752748043968,0.0025
134.4675754812077,0.005
134.4676234819757,0.0
134.46767148274373,0.012499999
134.46771948351173,0.012499999
134.46776748427973,0.0175
134.46781548504777,0.02
134.46786348581577,0.0
134.46791148658377,0.0025
134.46795948735178,0.005
134.4680074881198,0.01
134.4680554888878,0.022499999
134.46810348965582,0.0175
134.46815149042385,0.0075
134.46819949119185,0.012499999
134.46824749195986,0.015
134.46829549272786,0.0075
134.4683434934959,0.0075
134.4683914942639,0.02
134.4684394950319,0.015
134.46848749579993,0.012499999
134.46853549656794,0.02
134.46858349733594,0.0075
134.46863149810397,0.01
134.46867949887198,0.02
134.46872749963998,0.02
134.468775500408,0.01
134.46882350117602,0.024999999
134.46887150194402,0.024999999
134.46891950271203,0.0175
134.46896750348006,0.03
134.46901550424806,0.024999999
134.46906350501607,0.0325
134.46911150578407,0.03
134.4691595065521,0.04
134.4692075073201,0.037499998
134.4692555080881,0.04
134.46930350885614,0.0425
134.46935150962415,0.04
134.46939951039215,0.0475
134.46944751116018,0.055
134.4694955119282,0.06
134.4695435126962,0.057499997
134.4695915134642,0.0625
134.46963951423223,0.0625
134.46968751500023,0.0625
134.46973551576824,0.065
134.46978351653627,0.074999996
134.46983151730427,0.0725
134.46987951807228,0.0875
134.46992751884028,0.0775
134.4699755196083,0.082499996
134.47002352037632,0.0875
134.47007152114432,0.0925
134.47011952191235,0.1025
134.47016752268036,0.1125
134.47021552344836,0.0975
134.4702635242164,0.105
134.4703115249844,0.11
134.4703595257524,0.1125
134.4704075265204,0.105
134.47045552728844,0.122499995
134.47050352805644,0.1175
134.47055152882444,0.122499995
134.47059952959248,0.122499995
134.47064753036048,0.125
134.47069553112848,0.13
134.4707435318965,0.14
134.47079153266452,0.13499999
134.47083953343252,0.14
134.47088753420053,0.13499999
134.47093553496856,0.13499999
134.47098353573656,0.14
134.47103153650457,0.13499999
134.4710795372726,0.1275
134.4711275380406,0.12
134.4711755388086,0.122499995
134.4712235395766,0.13
134.47127154034465,0.11
134.47131954111265,0.1175
134.47136754188065,0.11
134.47141554264869,0.0975
134.4714635434167,0.099999994
134.4715115441847,0.089999996
134.4715595449527,0.095
134.47160754572073,0.095
134.47165554648873,0.0925
134.47170354725674,0.0975
134.47175154802477,0.11
134.47179954879277,0.1125
134.47184754956078,0.1125
134.4718955503288,0.12
134.4719435510968,0.114999995
134.47199155186482,0.125
134.47203955263282,0.122499995
134.47208755340085,0.122499995
134.47213555416886,0.1275
134.47218355493686,0.114999995
134.4722315557049,0.1175
134.4722795564729,0.105
134.4723275572409,0.1125
134.4723755580089,0.1175
134.47242355877694,0.12
134.47247155954494,0.12
134.47251956031295,0.1275
134.47256756108098,0.13
134.47261556184898,0.1375
134.472663562617,0.14
134.47271156338502,0.14
134.47275956415302,0.1475
134.47280756492103,0.14
134.47285556568903,0.1475
134.47290356645706,0.1425
134.47295156722507,0.145
134.47299956799307,0.155
134.4730475687611,0.1575
134.4730955695291,0.14999999
134.4731435702971,0.16499999
134.47319157106512,0.16
134.47323957183315,0.1725
134.47328757260115,0.16749999
134.47333557336916,0.16
134.4733835741372,0.175
134.4734315749052,0.175
134.4734795756732,0.17999999
134.47352757644123,0.18249999
134.47357557720923,0.185
134.47362357797724,0.19
134.47367157874524,0.19749999
134.47371957951327,0.19749999
134.47376758028128,0.205
134.47381558104928,0.195
134.4738635818173,0.1875
134.47391158258532,0.18249999
134.47395958335332,0.1725
134.47400758412132,0.16499999
134.47405558488936,0.18249999
134.47410358565736,0.18249999
134.47415158642536,0.1875
134.4741995871934,0.17999999
134.4742475879614,0.1875
134.4742955887294,0.21249999
134.47434358949744,0.2075
134.47439159026544,0.21499999
134.47443959103344,0.22
134.47448759180145,0.2225
134.47453559256948,0.22
134.47458359333748,0.22999999
134.4746315941055,0.225
134.47467959487352,0.205
134.47472759564153,0.2025
134.47477559640953,0.2025
134.47482359717753,0.21249999
134.47487159794557,0.19999999
134.47491959871357,0.205
134.47496759948157,0.205
134.4750156002496,0.1875
134.4750636010176,0.19999999
134.4751116017856,0.2075
134.47515960255365,0.1925
134.47520760332165,0.205
134.47525560408965,0.19749999
134.47530360485766,0.2025
134.4753516056257,0.21249999
134.4753996063937,0.21
134.4754476071617,0.2075
134.47549560792973,0.21
134.47554360869773,0.2025
134.47559160946574,0.2075
134.47563961023374,0.2075
134.47568761100177,0.2025
134.47573561176978,0.195
134.47578361253778,0.19749999
134.47583161330581,0.19999999
134.47587961407382,0.195
134.47592761484182,0.19999999
134.47597561560985,0.1875
134.47602361637786,0.1925
134.47607161714586,0.1775
134.47611961791387,0.16749999
134.4761676186819,0.1775
134.4762156194499,0.175
134.4762636202179,0.1575
134.47631162098594,0.1625
134.47635962175394,0.16749999
134.47640762252195,0.1525
134.47645562328995,0.155
134.47650362405798,0.145
134.476551624826,0.155
134.476599625594,0.13499999
134.47664762636202,0.1425
134.47669562713003,0.1375
134.47674362789803,0.145
134.47679162866606,0.1275
134.47683962943407,0.13499999
134.47688763020207,0.13
134.47693563097008,0.13499999
134.4769836317381,0.1325
134.4770316325061,0.1375
134.47707963327412,0.114999995
134.47712763404215,0.122499995
134.47717563481015,0.13
134.47722363557816,0.125
134.47727163634616,0.1125
134.4773196371142,0.12
134.4773676378822,0.099999994
134.4774156386502,0.107499994
134.47746363941823,0.1175
134.47751164018624,0.107499994
134.47755964095424,0.11
134.47760764172227,0.1175
134.47765564249028,0.12
134.47770364325828,0.1175
134.47775164402628,0.1175
134.47779964479432,0.12
134.47784764556232,0.12
134.47789564633032,0.1275
134.47794364709836,0.125
134.47799164786636,0.1275
134.47803964863436,0.13
134.47808764940237,0.125
134.4781356501704,0.13
134.4781836509384,0.13499999
134.4782316517064,0.1375
134.47827965247444,0.14999999
134.47832765324245,0.1525
134.47837565401045,0.155
134.47842365477848,0.16749999
134.47847165554649,0.16499999
134.4785196563145,0.16499999
134.4785676570825,0.16499999
134.47861565785053,0.1775
134.47866365861853,0.17
134.47871165938653,0.1725
134.47875966015457,0.16499999
134.47880766092257,0.16749999
134.47885566169057,0.17
134.47890366245858,0.16499999
134.4789516632266,0.175
134.4789996639946,0.1525
134.47904766476262,0.1525
134.47909566553065,0.1525
134.47914366629865,0.155
134.47919166706666,0.155
134.4792396678347,0.1525
134.4792876686027,0.145
134.4793356693707,0.155
134.4793836701387,0.16
134.47943167090673,0.1625
134.47947967167474,0.16749999
134.47952767244274,0.16499999
134.47957567321077,0.185
134.47962367397878,0.1725
134.47967167474678,0.1775
134.4797196755148,0.185
134.47976767628282,0.1925
134.47981567705082,0.195
134.47986367781883,0.195
134.47991167858686,0.19999999
134.47995967935486,0.19749999
134.48000768012287,0.185
134.4800556808909,0.17999999
134.4801036816589,0.17
134.4801516824269,0.17
134.4801996831949,0.1625
134.48024768396294,0.14999999
134.48029568473095,0.1525
134.48034368549895,0.14
134.48039168626698,0.1425
134.480439687035,0.14999999
134.480487687803,0.14999999
134.480535688571,0.145
134.48058368933903,0.14
134.48063169010703,0.1425
134.48067969087504,0.14
134.48072769164307,0.13
134.48077569241107,0.12
134.48082369317908,0.122499995
134.4808716939471,0.12
134.4809196947151,0.12
134.48096769548312,0.11
134.48101569625112,0.1125
134.48106369701915,0.105
134.48111169778716,0.105
134.48115969855516,0.0925
134.4812076993232,0.0925
134.4812557000912,0.0925
134.4813037008592,0.089999996
134.4813517016272,0.082499996
134.48139970239524,0.08
134.48144770316324,0.0925
134.48149570393124,0.0925
134.48154370469928,0.1025
134.48159170546728,0.0975
134.48163970623528,0.0925
134.48168770700332,0.095
134.48173570777132,0.0975
134.48178370853933,0.0975
134.48183170930733,0.099999994
134.48187971007536,0.105
134.48192771084337,0.095
134.48197571161137,0.0975
134.4820237123794,0.0925
134.4820717131474,0.1025
134.4821197139154,0.095
134.4821677146834,0.099999994
134.48221571545145,0.11
134.48226371621945,0.114999995
134.48231171698745,0.12
134.4823597177555,0.1175
134.4824077185235,0.114999995
134.4824557192915,0.11
134.48250372005953,0.11
134.48255172082753,0.099999994
134.48259972159553,0.105
134.48264772236354,0.095
134.48269572313157,0.0975
134.48274372389957,0.1025
134.48279172466758,0.107499994
134.4828397254356,0.099999994
134.48288772620361,0.1025
134.48293572697162,0.114999995
134.48298372773962,0.122499995
134.48303172850765,0.125
134.48307972927566,0.13
134.48312773004366,0.13499999
134.4831757308117,0.145
134.4832237315797,0.1525
134.4832717323477,0.1525
134.48331973311574,0.14999999
134.48336773388374,0.14999999
134.48341573465174,0.155
134.48346373541975,0.1575
134.48351173618778,0.1625
134.48355973695578,0.16749999
134.4836077377238,0.16499999
134.48365573849182,0.17
134.48370373925982,0.1775
134.48375174002783,0.16749999
134.48379974079583,0.16499999
134.48384774156386,0.1725
134.48389574233187,0.175
134.48394374309987,0.1625
134.4839917438679,0.16499999
134.4840397446359,0.17
134.4840877454039,0.1525
134.48413574617194,0.1625
134.48418374693995,0.155
134.48423174770795,0.1475
134.48427974847596,0.155
134.484327749244,0.155
134.484375750012,0.145
134.48442375078,0.14
134.48447175154803,0.1325
134.48451975231603,0.13499999
134.48456775308404,0.13499999
134.48461575385204,0.1175
134.48466375462007,0.12
134.48471175538808,0.114999995
134.48475975615608,0.11
134.4848077569241,0.099999994
134.48485575769212,0.099999994
134.48490375846012,0.095
134.48495175922815,0.1025
134.48499975999616,0.105
134.48504776076416,0.1025
134.48509576153216,0.1025
134.4851437623002,0.107499994
134.4851917630682,0.099999994
134.4852397638362,0.099999994
134.48528776460424,0.114999995
134.48533576537224,0.11
134.48538376614025,0.11
134.48543176690825,0.107499994
134.48547976767628,0.107499994
134.48552776844429,0.1025
134.4855757692123,0.11
134.48562376998032,0.114999995
134.48567177074833,0.1175
134.48571977151633,0.122499995
134.48576777228436,0.12
134.48581577305237,0.125
134.48586377382037,0.13499999
134.48591177458837,0.13
134.4859597753564,0.1325
134.4860077761244,0.1425
134.4860557768924,0.14
134.48610377766045,0.1375
134.48615177842845,0.145
134.48619977919645,0.1425
134.48624777996446,0.1525
134.4862957807325,0.1575
134.4863437815005,0.1625
134.4863917822685,0.1575
134.48643978303653,0.14999999
134.48648778380453,0.145
134.48653578457254,0.14999999
134.48658378534057,0.1525
134.48663178610857,0.1475
134.48667978687658,0.16
134.48672778764458,0.175
134.48677578841261,0.16749999
134.48682378918062,0.17
134.48687178994862,0.1725
134.48691979071666,0.175
134.48696779148466,0.17
134.48701579225266,0.1725
134.48706379302067,0.175
134.4871117937887,0.1725
134.4871597945567,0.175
134.4872077953247,0.185
134.48725579609274,0.17
134.48730379686074,0.1725
134.48735179762875,0.18249999
134.48739979839678,0.1775
134.48744779916478,0.1725
134.4874957999328,0.16499999
134.4875438007008,0.1775
134.48759180146882,0.17999999
134.48763980223683,0.1725
134.48768780300483,0.1575
134.48773580377286,0.16499999
134.48778380454087,0.1575
134.48783180530887,0.1575
134.48787980607688,0.1575
134.4879278068449,0.155
134.4879758076129,0.1475
134.48802380838092,0.1525
134.48807180914895,0.14
134.48811980991695,0.13499999
134.48816781068496,0.122499995
134.488215811453,0.12
134.488263812221,0.12
134.488311812989,0.13499999
134.488359813757,0.14
134.48840781452503,0.1475
134.48845581529304,0.1525
134.48850381606104,0.16499999
134.48855181682907,0.1525
134.48859981759708,0.16
134.48864781836508,0.1625
134.48869581913308,0.155
134.48874381990112,0.1525
134.48879182066912,0.1525
134.48883982143713,0.145
134.48888782220516,0.14
134.48893582297316,0.1425
134.48898382374117,0.13
134.4890318245092,0.122499995
134.4890798252772,0.12
134.4891278260452,0.12
134.4891758268132,0.1125
134.48922382758124,0.1125
134.48927182834925,0.1175
134.48931982911725,0.12
134.48936782988528,0.107499994
134.4894158306533,0.1175
134.4894638314213,0.1175
134.4895118321893,0.107499994
134.48955983295733,0.1025
134.48960783372533,0.0975
134.48965583449333,0.085
134.48970383526137,0.095
134.48975183602937,0.0875
134.48979983679737,0.0775
134.4898478375654,0.065
134.4898958383334,0.07
134.48994383910141,0.0775
134.48999183986942,0.07
134.49003984063745,0.067499995
134.49008784140545,0.065
134.49013584217346,0.0725
134.4901838429415,0.082499996
134.4902318437095,0.08
134.4902798444775,0.07
134.4903278452455,0.0775
134.49037584601354,0.08
134.49042384678154,0.07
134.49047184754954,0.074999996
134.49051984831758,0.06
134.49056784908558,0.06
134.49061584985358,0.0525
134.49066385062162,0.044999998
134.49071185138962,0.0525
134.49075985215762,0.057499997
134.49080785292563,0.049999997
134.49085585369366,0.0475
134.49090385446166,0.049999997
134.49095185522967,0.055
134.4909998559977,0.0625
134.4910478567657,0.067499995
134.4910958575337,0.0525
134.4911438583017,0.049999997
134.49119185906974,0.0475
134.49123985983775,0.0525
134.49128786060575,0.044999998
134.49133586137378,0.035
134.4913838621418,0.0325
134.4914318629098,0.0275
134.49147986367782,0.02
134.49152786444583,0.012499999
134.49157586521383,0.01
134.49162386598184,-0.005
134.49167186674987,0.0
134.49171986751787,0.005
134.49176786828588,0.0075
134.4918158690539,0.015
134.4918638698219,0.0175
134.49191187058992,0.005
134.49195987135792,-0.0075
134.49200787212595,0.0025
134.49205587289396,0.005
134.49210387366196,0.005
134.49215187443,0.0
134.492199875198,-0.005
134.492247875966,-0.0025
134.49229587673403,-0.012499999
134.49234387750204,-0.0025
134.49239187827004,-0.012499999
134.49243987903805,-0.015
134.49248787980608,-0.0025
134.49253588057408,-0.0025
134.49258388134209,-0.0025
134.49263188211012,-0.0075
134.49267988287812,0.0
134.49272788364613,-0.012499999
134.49277588441413,-0.0075
134.49282388518216,-0.012499999
134.49287188595017,-0.0075
134.49291988671817,0.0
134.4929678874862,-0.005
134.4930158882542,0.0
134.4930638890222,0.005
134.49311188979024,-0.0025
134.49315989055825,0.012499999
134.49320789132625,0.012499999
134.49325589209425,0.005
134.4933038928623,0.012499999
134.4933518936303,0.0075
134.4933998943983,0.005
134.49344789516633,0.005
134.49349589593433,0.0175
134.49354389670233,0.012499999
134.49359189747034,0.012499999
134.49363989823837,0.0075
134.49368789900637,0.005
134.49373589977438,-0.0075
134.4937839005424,0.0025
134.49383190131041,0.0075
134.49387990207842,0.0
134.49392790284645,0.015
134.49397590361446,0.0175
134.49402390438246,0.005
134.49407190515046,0.02
134.4941199059185,0.012499999
134.4941679066865,0.0075
134.4942159074545,0.0175
134.49426390822254,0.0175
134.49431190899054,0.0175
134.49435990975854,0.0325
134.49440791052655,0.035
134.49445591129458,0.037499998
134.49450391206258,0.035
134.4945519128306,0.044999998
134.49459991359862,0.044999998
134.49464791436662,0.0425
134.49469591513463,0.049999997
134.49474391590266,0.049999997
134.49479191667066,0.044999998
134.49483991743867,0.055
134.49488791820667,0.049999997
134.4949359189747,0.035
134.4949839197427,0.04
134.4950319205107,0.04
134.49507992127874,0.0425
134.49512792204675,0.024999999
134.49517592281475,0.0175
134.49522392358276,0.03
134.4952719243508,0.024999999
134.4953199251188,0.02
134.4953679258868,0.02
134.49541592665483,0.012499999
134.49546392742283,0.005
134.49551192819084,0.005
134.49555992895887,0.01
134.49560792972687,0.0075
134.49565593049488,-0.0025
134.49570393126288,-0.012499999
134.4957519320309,-0.024999999
134.49579993279892,-0.0075
134.49584793356692,-0.024999999
134.49589593433495,-0.035
134.49594393510296,-0.022499999
134.49599193587096,-0.022499999
134.49603993663897,-0.015
134.496087937407,-0.01
134.496135938175,-0.022499999
134.496183938943,-0.01
134.49623193971104,0.005
134.49627994047904,0.01
134.49632794124705,-0.0025
134.49637594201508,0.0
134.49642394278308,0.0075
134.4964719435511,0.015
134.4965199443191,0.022499999
134.49656794508712,0.0275
134.49661594585513,0.0175
134.49666394662313,0.02
134.49671194739116,-0.005
134.49675994815917,-0.005
134.49680794892717,-0.0025
134.49685594969517,0.0
134.4969039504632,-0.0025
134.4969519512312,0.0
134.49699995199921,-0.012499999
134.49704795276725,-0.0025
134.49709595353525,0.0025
134.49714395430325,0.0
134.4971919550713,-0.0025
134.4972399558393,0.0025
134.4972879566073,0.0075
134.4973359573753,0.015
134.49738395814333,0.022499999
134.49743195891133,0.012499999
134.49747995967934,0.02
134.49752796044737,0.012499999
134.49757596121538,0.022499999
134.49762396198338,0.015
134.49767196275138,0.015
134.49771996351942,0.015
134.49776796428742,0.01
134.49781596505542,0.012499999
134.49786396582346,0.0025
134.49791196659146,0.0
134.49795996735946,0.0075
134.4980079681275,0.01
134.4980559688955,0.01
134.4981039696635,0.01
134.4981519704315,0.0175
134.49819997119954,0.012499999
134.49824797196754,0.0025
134.49829597273555,0.0
134.49834397350358,0.0
134.49839197427158,-0.005
134.4984399750396,-0.005
134.4984879758076,-0.0075
134.49853597657562,-0.012499999
134.49858397734363,-0.0175
134.49863197811163,-0.0175
134.49867997887966,-0.012499999
134.49872797964767,-0.024999999
134.49877598041567,-0.0325
134.4988239811837,-0.022499999
134.4988719819517,-0.012499999
134.4989199827197,-0.0025
134.49896798348772,0.005
134.49901598425575,0.0025
134.49906398502375,-0.0075
134.49911198579176,-0.01
134.4991599865598,-0.0075
134.4992079873278,-0.01
134.4992559880958,-0.005
134.4993039888638,-0.012499999
134.49935198963183,-0.0175
134.49939999039984,-0.022499999
134.49944799116784,-0.01
134.49949599193587,-0.022499999
134.49954399270388,-0.01
134.49959199347188,-0.0075
134.4996399942399,-0.01
134.49968799500792,0.005
134.49973599577592,0.005
134.49978399654393,0.015
134.49983199731196,0.02
134.49987999807996,0.015
134.49992799884797,0.02
134.499975999616,0.0175
134.500024000384,0.035
134.500072001152,0.022499999
134.50012000192,0.02
134.50016800268804,0.0325
134.50021600345605,0.0325
134.50026400422405,0.04
134.50031200499208,0.04
134.5003600057601,0.035
134.5004080065281,0.037499998
134.50045600729612,0.04
134.50050400806413,0.04
134.50055200883213,0.04
134.50060000960013,0.0425
134.50064801036817,0.0525
134.50069601113617,0.0475
134.50074401190417,0.0425
134.5007920126722,0.0525
134.5008400134402,0.044999998
134.50088801420821,0.049999997
134.50093601497622,0.049999997
134.50098401574425,0.0525
134.50103201651226,0.0525
134.50108001728026,0.044999998
134.5011280180483,0.049999997
134.5011760188163,0.049999997
134.5012240195843,0.0525
134.50127202035233,0.057499997
134.50132002112034,0.0525
134.50136802188834,0.06
134.50141602265634,0.055
134.50146402342438,0.055
134.50151202419238,0.0525
134.50156002496038,0.06
134.50160802572842,0.055
134.50165602649642,0.057499997
134.50170402726442,0.057499997
134.50175202803243,0.06
134.50180002880046,0.0525
134.50184802956846,0.0525
134.50189603033647,0.0525
134.5019440311045,0.0525
134.5019920318725,0.0625
134.5020400326405,0.06
134.5020880334085,0.067499995
134.50213603417654,0.07
134.50218403494455,0.0625
134.50223203571255,0.0725
134.50228003648058,0.067499995
134.5023280372486,0.0725
134.5023760380166,0.0725
134.50242403878462,0.074999996
134.50247203955263,0.08
134.50252004032063,0.0925
134.50256804108864,0.0875
134.50261604185667,0.089999996
134.50266404262467,0.089999996
134.50271204339268,0.105
134.5027600441607,0.105
134.5028080449287,0.1025
134.50285604569672,0.107499994
134.50290404646472,0.1025
134.50295204723275,0.1025
134.50300004800076,0.105
134.50304804876876,0.099999994
134.5030960495368,0.089999996
134.5031440503048,0.0975
134.5031920510728,0.089999996
134.50324005184083,0.089999996
134.50328805260884,0.0725
134.50333605337684,0.067499995
134.50338405414485,0.065
134.50343205491288,0.067499995
134.50348005568088,0.049999997
134.50352805644889,0.044999998
134.50357605721692,0.04
134.50362405798492,0.035
134.50367205875293,0.04
134.50372005952093,0.037499998
134.50376806028896,0.055
134.50381606105697,0.0425
134.50386406182497,0.0475
134.503912062593,0.0475
134.503960063361,0.0475
134.504008064129,0.07
134.50405606489704,0.065
134.50410406566505,0.06
134.50415206643305,0.06
134.50420006720105,0.06
134.5042480679691,0.06
134.5042960687371,0.0625
134.5043440695051,0.049999997
134.50439207027313,0.0475
134.50444007104113,0.04
134.50448807180913,0.04
134.50453607257714,0.037499998
134.50458407334517,0.0425
134.50463207411318,0.0475
134.50468007488118,0.055
134.5047280756492,0.044999998
134.50477607641722,0.035
134.50482407718522,0.022499999
134.50487207795325,0.0175
134.50492007872126,0.0325
134.50496807948926,0.0325
134.50501608025726,0.0425
134.5050640810253,0.0475
134.5051120817933,0.057499997
134.5051600825613,0.055
134.50520808332934,0.044999998
134.50525608409734,0.049999997
134.50530408486534,0.055
134.50535208563335,0.057499997
134.50540008640138,0.0525
134.50544808716938,0.055
134.5054960879374,0.0475
134.50554408870542,0.055
134.50559208947342,0.0525
134.50564009024143,0.0525
134.50568809100946,0.0525
134.50573609177746,0.04
134.50578409254547,0.0475
134.50583209331347,0.044999998
134.5058800940815,0.044999998
134.5059280948495,0.049999997
134.5059760956175,0.04
134.50602409638554,0.049999997
134.50607209715355,0.044999998
134.50612009792155,0.04
134.50616809868956,0.037499998
134.5062160994576,0.044999998
134.5062641002256,0.035
134.5063121009936,0.04
134.50636010176163,0.0325
134.50640810252963,0.022499999
134.50645610329764,0.022499999
134.50650410406567,0.024999999
134.50655210483367,0.015
134.50660010560168,0.01
134.50664810636968,0.0075
134.5066961071377,0.01
134.50674410790572,0.0075
134.50679210867372,0.01
134.50684010944175,0.0075
134.50688811020976,0.0075
134.50693611097776,0.005
134.50698411174577,0.015
134.5070321125138,0.0075
134.5070801132818,0.01
134.5071281140498,0.012499999
134.50717611481784,0.01
134.50722411558584,0.0
134.50727211635385,-0.015
134.50732011712188,-0.022499999
134.50736811788988,-0.015
134.5074161186579,-0.012499999
134.5074641194259,-0.012499999
134.50751212019392,-0.012499999
134.50756012096193,-0.012499999
134.50760812172993,-0.0075
134.50765612249796,0.005
134.50770412326597,0.0075
134.50775212403397,0.012499999
134.50780012480197,0.0025
134.50784812557,0.005
134.507896126338,0.0075
134.50794412710601,0.0075
134.50799212787405,0.01
134.50804012864205,0.0075
134.50808812941005,0.0
134.5081361301781,-0.005
134.5081841309461,-0.01
134.5082321317141,-0.0025
134.5082801324821,-0.005
134.50832813325013,-0.005
134.50837613401814,0.0025
134.50842413478614,0.0025
134.50847213555417,0.01
134.50852013632218,0.005
134.50856813709018,0.005
134.50861613785818,0.0025
134.50866413862622,0.0
134.50871213939422,0.0025
134.50876014016222,0.0025
134.50880814093026,0.01
134.50885614169826,0.005
134.50890414246626,0.0025
134.5089521432343,0.0025
134.5090001440023,-0.01
134.5090481447703,-0.01
134.5090961455383,-0.0075
134.50914414630634,-0.02
134.50919214707434,-0.01
134.50924014784235,-0.01
134.50928814861038,-0.0075
134.50933614937838,-0.0175
134.5093841501464,-0.02
134.5094321509144,-0.0175
134.50948015168242,-0.0175
134.50952815245043,-0.015
134.50957615321843,-0.02
134.50962415398646,-0.022499999
134.50967215475447,-0.022499999
134.50972015552247,-0.022499999
134.5097681562905,-0.02
134.5098161570585,-0.0275
134.5098641578265,-0.024999999
134.50991215859452,-0.02
134.50996015936255,-0.0275
134.51000816013055,-0.0325
134.51005616089856,-0.03
134.5101041616666,-0.0275
134.5101521624346,-0.024999999
134.5102001632026,-0.03
134.5102481639706,-0.0325
134.51029616473863,-0.0275
134.51034416550664,-0.015
134.51039216627464,-0.0175
134.51044016704267,-0.0175
134.51048816781068,-0.03
134.51053616857868,-0.0325
134.5105841693467,-0.0175
134.51063217011472,-0.022499999
134.51068017088272,-0.022499999
134.51072817165073,-0.022499999
134.51077617241876,-0.024999999
134.51082417318676,-0.024999999
134.51087217395477,-0.0275
134.5109201747228,-0.037499998
134.5109681754908,-0.0325
134.5110161762588,-0.035
134.5110641770268,-0.035
134.51111217779484,-0.0425
134.51116017856285,-0.037499998
134.51120817933085,-0.03
134.51125618009888,-0.04
134.5113041808669,-0.04
134.5113521816349,-0.0425
134.51140018240292,-0.0275
134.51144818317093,-0.022499999
134.51149618393893,-0.024999999
134.51154418470693,-0.03
134.51159218547497,-0.0275
134.51164018624297,-0.0275
134.51168818701098,-0.03
134.511736187779,-0.015
134.511784188547,-0.015
134.51183218931502,-0.015
134.51188019008302,-0.0175
134.51192819085105,-0.012499999
134.51197619161906,-0.012499999
134.51202419238706,-0.0075
134.5120721931551,-0.015
134.5121201939231,-0.005
134.5121681946911,-0.015
134.51221619545913,-0.0075
134.51226419622714,-0.005
134.51231219699514,-0.015
134.51236019776314,-0.0275
134.51240819853118,-0.04
134.51245619929918,-0.035
134.51250420006718,-0.022499999
134.51255220083522,-0.035
134.51260020160322,-0.04
134.51264820237122,-0.037499998
134.51269620313923,-0.0425
134.51274420390726,-0.04
134.51279220467526,-0.04
134.51284020544327,-0.0425
134.5128882062113,-0.035
134.5129362069793,-0.037499998
134.5129842077473,-0.04
134.51303220851534,-0.037499998
134.51308020928334,-0.0275
134.51312821005135,-0.03
134.51317621081935,-0.012499999
134.51322421158739,-0.0075
134.5132722123554,-0.015
134.5133202131234,-0.012499999
134.51336821389143,0.0
134.51341621465943,-0.0325
134.51346421542743,-0.0425
134.51351221619544,-0.037499998
134.51356021696347,-0.044999998
134.51360821773147,-0.0325
134.51365621849948,-0.049999997
134.5137042192675,-0.04
134.5137522200355,-0.0525
134.51380022080352,-0.044999998
134.51384822157155,-0.057499997
134.51389622233955,-0.055
134.51394422310756,-0.0525
134.51399222387556,-0.035
134.5140402246436,-0.055
134.5140882254116,-0.055
134.5141362261796,-0.055
134.51418422694763,-0.065
134.51423222771564,-0.0775
134.51428022848364,-0.07
134.51432822925165,-0.07
134.51437623001968,-0.0875
134.51442423078768,-0.085
134.5144722315557,-0.082499996
134.51452023232372,-0.0925
134.51456823309172,-0.0875
134.51461623385973,-0.055
134.51466423462776,-0.082499996
134.51471223539576,-0.082499996
134.51476023616377,-0.082499996
134.51480823693177,-0.0725
134.5148562376998,-0.067499995
134.5149042384678,-0.0725
134.5149522392358,-0.074999996
134.51500024000384,-0.0625
134.51504824077185,-0.0525
134.51509624153985,-0.06
134.51514424230785,-0.044999998
134.5151922430759,-0.0425
134.5152402438439,-0.044999998
134.5152882446119,-0.0475
134.51533624537993,-0.037499998
134.51538424614793,-0.03
134.51543224691594,-0.024999999
134.51548024768397,-0.0325
134.51552824845197,-0.015
134.51557624921998,0.005
134.51562424998798,0.024999999
134.515672250756,0.03
134.51572025152402,0.022499999
134.51576825229202,0.0175
134.51581625306005,0.022499999
134.51586425382806,0.0475
134.51591225459606,0.03
134.51596025536406,0.012499999
134.5160082561321,0.015
134.5160562569001,0.0175
134.5161042576681,0.015
134.51615225843614,0.0175
134.51620025920414,0.005
134.51624825997214,0.015
134.51629626074018,0.015
134.51634426150818,0.0175
134.51639226227618,0.02
134.5164402630442,0.015
134.51648826381222,0.022499999
134.51653626458022,0.03
134.51658426534823,0.0275
134.51663226611626,0.022499999
134.51668026688426,0.03
134.51672826765227,0.012499999
134.51677626842027,0.0075
134.5168242691883,0.02
134.5168722699563,0.024999999
134.5169202707243,0.022499999
134.51696827149235,0.0325
134.51701627226035,0.037499998
134.51706427302835,0.035
134.51711227379639,0.024999999
134.5171602745644,0.037499998
134.5172082753324,0.02
134.5172562761004,0.03
134.51730427686843,0.024999999
134.51735227763643,0.022499999
134.51740027840444,0.024999999
134.51744827917247,0.0325
134.51749627994047,0.015
134.51754428070848,0.0325
134.51759228147648,0.0325
134.5176402822445,0.024999999
134.51768828301252,0.035
134.51773628378052,0.03
134.51778428454855,0.0325
134.51783228531656,0.044999998
134.51788028608456,0.0425
134.5179282868526,0.0325
134.5179762876206,0.04
134.5180242883886,0.0475
134.5180722891566,0.044999998
134.51812028992464,0.0525
134.51816829069264,0.06
134.51821629146065,0.06
134.51826429222868,0.0525
134.51831229299668,0.067499995
134.5183602937647,0.06
134.5184082945327,0.07
134.51845629530072,0.057499997
134.51850429606873,0.067499995
134.51855229683673,0.074999996
134.51860029760476,0.0725
134.51864829837277,0.08
134.51869629914077,0.08
134.5187442999088,0.0775
134.5187923006768,0.0775
134.5188403014448,0.089999996
134.51888830221282,0.085
134.51893630298085,0.074999996
134.51898430374885,0.0875
134.51903230451686,0.0775
134.5190803052849,0.074999996
134.5191283060529,0.082499996
134.5191763068209,0.082499996
134.5192243075889,0.085
134.51927230835693,0.0775
134.51932030912494,0.0875
134.51936830989294,0.08
134.51941631066097,0.085
134.51946431142898,0.085
134.51951231219698,0.085
134.519560312965,0.085
134.51960831373302,0.0925
134.51965631450102,0.082499996
134.51970431526902,0.085
134.51975231603706,0.0975
134.51980031680506,0.082499996
134.51984831757306,0.0875
134.5198963183411,0.085
134.5199443191091,0.085
134.5199923198771,0.0775
134.5200403206451,0.08
134.52008832141314,0.0775
134.52013632218114,0.082499996
134.52018432294915,0.0775
134.52023232371718,0.085
134.52028032448519,0.085
134.5203283252532,0.085
134.52037632602122,0.082499996
134.52042432678923,0.0875
134.52047232755723,0.085
134.52052032832523,0.0925
134.52056832909327,0.085
134.52061632986127,0.082499996
134.52066433062927,0.1125
134.5207123313973,0.1275
134.5207603321653,0.1275
134.5208083329333,0.13
134.52085633370132,0.122499995
134.52090433446935,0.1275
134.52095233523735,0.1175
134.52100033600536,0.114999995
134.5210483367734,0.114999995
134.5210963375414,0.12
134.5211443383094,0.114999995
134.52119233907743,0.1125
134.52124033984543,0.114999995
134.52128834061344,0.0925
134.52133634138144,0.107499994
134.52138434214947,0.0925
134.52143234291748,0.082499996
134.52148034368548,0.082499996
134.52152834445351,0.0875
134.52157634522152,0.0725
134.52162434598952,0.074999996
134.52167234675753,0.105
134.52172034752556,0.1125
134.52176834829356,0.107499994
134.52181634906157,0.12
134.5218643498296,0.114999995
134.5219123505976,0.13
134.5219603513656,0.13499999
134.52200835213364,0.1375
134.52205635290164,0.13
134.52210435366965,0.12
134.52215235443765,0.122499995
134.52220035520568,0.125
134.5222483559737,0.13
134.5222963567417,0.12
134.52234435750972,0.1325
134.52239235827773,0.13499999
134.52244035904573,0.1275
134.52248835981374,0.122499995
134.52253636058177,0.13499999
134.52258436134977,0.1375
134.52263236211778,0.145
134.5226803628858,0.14
134.5227283636538,0.13
134.52277636442182,0.125
134.52282436518985,0.1325
134.52287236595785,0.13499999
134.52292036672586,0.13499999
134.52296836749386,0.145
134.5230163682619,0.1475
134.5230643690299,0.1475
134.5231123697979,0.13499999
134.52316037056593,0.13499999
134.52320837133394,0.1375
134.52325637210194,0.1475
134.52330437286994,0.1425
134.52335237363798,0.145
134.52340037440598,0.1475
134.52344837517398,0.1625
134.52349637594202,0.16
134.52354437671002,0.1475
134.52359237747802,0.1475
134.52364037824606,0.1625
134.52368837901406,0.17
134.52373637978206,0.16
134.52378438055007,0.155
134.5238323813181,0.1525
134.5238803820861,0.145
134.5239283828541,0.1325
134.52397638362214,0.1175
134.52402438439015,0.11
134.52407238515815,0.125
134.52412038592615,0.1275
134.52416838669419,0.1275
134.5242163874622,0.107499994
134.5242643882302,0.1125
134.52431238899823,0.122499995
134.52436038976623,0.1325
134.52440839053423,0.125
134.52445639130227,0.1325
134.52450439207027,0.1275
134.52455239283827,0.1325
134.52460039360628,0.1275
134.5246483943743,0.13499999
134.5246963951423,0.105
134.52474439591032,0.105
134.52479239667835,0.11
134.52484039744635,0.1125
134.52488839821436,0.107499994
134.52493639898236,0.11
134.5249843997504,0.107499994
134.5250324005184,0.1175
134.5250804012864,0.12
134.52512840205443,0.13
134.52517640282244,0.125
134.52522440359044,0.13
134.52527240435847,0.1175
134.52532040512648,0.122499995
134.52536840589448,0.1275
134.5254164066625,0.1175
134.52546440743052,0.125
134.52551240819852,0.1175
134.52556040896653,0.122499995
134.52560840973456,0.12
134.52565641050256,0.105
134.52570441127057,0.1025
134.52575241203857,0.114999995
134.5258004128066,0.1025
134.5258484135746,0.0925
134.5258964143426,0.089999996
134.52594441511064,0.089999996
134.52599241587865,0.089999996
134.52604041664665,0.089999996
134.52608841741468,0.1025
134.5261364181827,0.0875
134.5261844189507,0.0875
134.5262324197187,0.085
134.52628042048673,0.089999996
134.52632842125473,0.099999994
134.52637642202274,0.0975
134.52642442279077,0.099999994
134.52647242355877,0.0925
134.52652042432678,0.105
134.52656842509478,0.099999994
134.5266164258628,0.099999994
134.52666442663082,0.099999994
134.52671242739882,0.105
134.52676042816685,0.1025
134.52680842893486,0.0975
134.52685642970286,0.0975
134.5269044304709,0.099999994
134.5269524312389,0.11
134.5270004320069,0.0925
134.5270484327749,0.0975
134.52709643354294,0.095
134.52714443431094,0.1025
134.52719243507894,0.107499994
134.52724043584698,0.105
134.52728843661498,0.099999994
134.52733643738298,0.105
134.527384438151,0.099999994
134.52743243891902,0.095
134.52748043968703,0.0975
134.52752844045503,0.0875
134.52757644122306,0.107499994
134.52762444199107,0.11
134.52767244275907,0.11
134.5277204435271,0.1025
134.5277684442951,0.0925
134.5278164450631,0.1125
134.5278644458311,0.1125
134.52791244659915,0.107499994
134.52796044736715,0.107499994
134.52800844813515,0.1175
134.5280564489032,0.11
134.5281044496712,0.105
134.5281524504392,0.1175
134.5282004512072,0.11
134.52824845197523,0.1025
134.52829645274323,0.107499994
134.52834445351124,0.099999994
134.52839245427927,0.0875
134.52844045504727,0.085
134.52848845581528,0.08
134.5285364565833,0.074999996
134.52858445735131,0.0725
134.52863245811932,0.065
134.52868045888732,0.057499997
134.52872845965535,0.057499997
134.52877646042336,0.0475
134.52882446119136,0.044999998
134.5288724619594,0.0425
134.5289204627274,0.037499998
134.5289684634954,0.04
134.5290164642634,-0.0025
134.52906446503144,0.0
134.52911246579944,0.01
134.52916046656745,0.0075
134.52920846733548,-0.0075
134.52925646810348,0.0075
134.5293044688715,-0.0025
134.52935246963952,0.012499999
134.52940047040752,0.015
134.52944847117553,0.012499999
134.52949647194353,0.022499999
134.52954447271156,0.01
134.52959247347957,0.024999999
134.52964047424757,0.022499999
134.5296884750156,0.0325
134.5297364757836,0.037499998
134.5297844765516,0.049999997
134.52983247731962,0.0525
134.52988047808765,0.057499997
134.52992847885565,0.057499997
134.52997647962366,0.055
134.5300244803917,0.04
134.5300724811597,0.037499998
134.5301204819277,0.03
134.53016848269573,0.024999999
134.53021648346373,0.03
134.53026448423174,0.024999999
134.53031248499974,0.015
134.53036048576777,0.012499999
134.53040848653578,0.022499999
134.53045648730378,0.02
134.5305044880718,0.005
134.53055248883982,0.01
134.53060048960782,0.015
134.53064849037582,0.012499999
134.53069649114386,0.0075
134.53074449191186,0.01
134.53079249267986,0.0175
134.5308404934479,0.012499999
134.5308884942159,0.01
134.5309364949839,0.0075
134.53098449575194,0.015
134.53103249651994,0.0075
134.53108049728795,0.005
134.53112849805595,-0.0025
134.53117649882398,0.0075
134.53122449959199,0.01
134.53127250036,0.012499999
134.53132050112802,0.024999999
134.53136850189603,0.03
134.53141650266403,0.0325
134.53146450343203,0.0325
134.53151250420007,0.03
134.53156050496807,0.035
134.53160850573607,0.037499998
134.5316565065041,0.04
134.5317045072721,0.03
134.5317525080401,0.037499998
134.53180050880815,0.049999997
134.53184850957615,0.035
134.53189651034415,0.04
134.53194451111216,0.03
134.5319925118802,0.024999999
134.5320405126482,0.02
134.5320885134162,0.012499999
134.53213651418423,0.0075
134.53218451495223,0.012499999
134.53223251572024,0.015
134.53228051648824,0.02
134.53232851725627,0.0175
134.53237651802428,0.0075
134.53242451879228,0.0075
134.53247251956032,0.0
134.53252052032832,-0.012499999
134.53256852109632,-0.015
134.53261652186436,-0.01
134.53266452263236,-0.015
134.53271252340036,-0.0075
134.53276052416837,-0.024999999
134.5328085249364,-0.012499999
134.5328565257044,-0.005
134.5329045264724,-0.0075
134.53295252724044,-0.01
134.53300052800844,0.0025
134.53304852877645,0.012499999
134.53309652954445,0.0175
134.53314453031248,0.02
134.5331925310805,0.022499999
134.5332405318485,0.03
134.53328853261652,0.037499998
134.53333653338453,0.037499998
134.53338453415253,0.037499998
134.53343253492056,0.0325
134.53348053568857,0.035
134.53352853645657,0.0425
134.53357653722458,0.044999998
134.5336245379926,0.037499998
134.5336725387606,0.0425
134.53372053952862,0.0525
134.53376854029665,0.0475
134.53381654106465,0.0475
134.53386454183266,0.049999997
134.53391254260066,0.057499997
134.5339605433687,0.055
134.5340085441367,0.0625
134.5340565449047,0.065
134.53410454567273,0.07
134.53415254644074,0.0775
134.53420054720874,0.08
134.53424854797677,0.0775
134.53429654874478,0.0875
134.53434454951278,0.095
134.53439255028078,0.0975
134.53444055104882,0.1025
134.53448855181682,0.0975
134.53453655258483,0.0975
134.53458455335286,0.0975
134.53463255412086,0.089999996
134.53468055488887,0.0875
134.53472855565687,0.0925
134.5347765564249,0.0925
134.5348245571929,0.085
134.5348725579609,0.089999996
134.53492055872894,0.095
134.53496855949695,0.099999994
134.53501656026495,0.0925
134.53506456103298,0.089999996
134.535112561801,0.089999996
134.535160562569,0.085
134.535208563337,0.0925
134.53525656410503,0.0975
134.53530456487303,0.08
134.53535256564103,0.08
134.53540056640907,0.0725
134.53544856717707,0.07
134.53549656794507,0.067499995
134.53554456871308,0.07
134.5355925694811,0.067499995
134.53564057024911,0.049999997
134.53568857101712,0.057499997
134.53573657178515,0.055
134.53578457255315,0.0525
134.53583257332116,0.057499997
134.5358805740892,0.07
134.5359285748572,0.0625
134.5359765756252,0.065
134.5360245763932,0.0725
134.53607257716124,0.065
134.53612057792924,0.065
134.53616857869724,0.065
134.53621657946528,0.067499995
134.53626458023328,0.06
134.53631258100128,0.067499995
134.5363605817693,0.0625
134.53640858253732,0.0625
134.53645658330532,0.06
134.53650458407333,0.06
134.53655258484136,0.049999997
134.53660058560936,0.049999997
134.53664858637737,0.055
134.5366965871454,0.0625
134.5367445879134,0.0525
134.5367925886814,0.0525
134.5368405894494,0.0525
134.53688859021744,0.057499997
134.53693659098545,0.065
134.53698459175345,0.0525
134.53703259252148,0.049999997
134.5370805932895,0.044999998
134.5371285940575,0.06
134.5371765948255,0.06
134.53722459559353,0.055
134.53727259636153,0.0525
134.53732059712954,0.06
134.53736859789757,0.082499996
134.53741659866557,0.08
134.53746459943358,0.07
134.5375126002016,0.074999996
134.5375606009696,0.0875
134.53760860173762,0.085
134.53765660250562,0.082499996
134.53770460327365,0.085
134.53775260404166,0.074999996
134.53780060480966,0.074999996
134.5378486055777,0.08
134.5378966063457,0.095
134.5379446071137,0.082499996
134.5379926078817,0.085
134.53804060864974,0.0725
134.53808860941774,0.067499995
134.53813661018575,0.06
134.53818461095378,0.074999996
134.53823261172178,0.07
134.53828061248979,0.065
134.53832861325782,0.074999996
134.53837661402582,0.0875
134.53842461479383,0.0925
134.53847261556183,0.095
134.53852061632986,0.0875
134.53856861709787,0.095
134.53861661786587,0.095
134.5386646186339,0.0975
134.5387126194019,0.0925
134.5387606201699,0.08
134.5388086209379,0.089999996
134.53885662170595,0.074999996
134.53890462247395,0.0975
134.53895262324195,0.074999996
134.53900062401,0.08
134.539048624778,0.085
134.539096625546,0.0775
134.53914462631403,0.074999996
134.53919262708203,0.074999996
134.53924062785003,0.08
134.53928862861804,0.0775
134.53933662938607,0.0875
134.53938463015407,0.089999996
134.53943263092208,0.085
134.5394806316901,0.082499996
134.53952863245811,0.08
134.53957663322612,0.0775
134.53962463399412,0.085
134.53967263476216,0.082499996
134.53972063553016,0.0775
134.53976863629816,0.08
134.5398166370662,0.08
134.5398646378342,0.0875
134.5399126386022,0.085
134.53996063937024,0.0875
134.54000864013824,0.082499996
134.54005664090624,0.0925
134.54010464167425,0.089999996
134.54015264244228,0.089999996
134.54020064321028,0.099999994
134.5402486439783,0.0975
134.54029664474632,0.095
134.54034464551432,0.0975
134.54039264628233,0.099999994
134.54044064705033,0.0925
134.54048864781836,0.099999994
134.54053664858637,0.099999994
134.54058464935437,0.085
134.5406326501224,0.0725
134.5406806508904,0.0775
134.5407286516584,0.082499996
134.54077665242644,0.0775
134.54082465319445,0.085
134.54087265396245,0.0925
134.54092065473046,0.089999996
134.5409686554985,0.1025
134.5410166562665,0.11
134.5410646570345,0.114999995
134.54111265780253,0.107499994
134.54116065857053,0.1025
134.54120865933854,0.089999996
134.54125666010654,0.0925
134.54130466087457,0.0925
134.54135266164258,0.089999996
134.54140066241058,0.0775
134.5414486631786,0.07
134.54149666394662,0.0875
134.54154466471462,0.082499996
134.54159266548265,0.0725
134.54164066625066,0.0775
134.54168866701866,0.0725
134.54173666778667,0.0725
134.5417846685547,0.082499996
134.5418326693227,0.08
134.5418806700907,0.0875
134.54192867085874,0.082499996
134.54197667162674,0.074999996
134.54202467239475,0.07
134.54207267316275,0.0925
134.54212067393078,0.0875
134.5421686746988,0.08
134.5422166754668,0.0925
134.54226467623482,0.0875
134.54231267700283,0.095
134.54236067777083,0.085
134.54240867853886,0.095
134.54245667930687,0.1025
134.54250468007487,0.1025
134.54255268084287,0.089999996
134.5426006816109,0.105
134.5426486823789,0.0925
134.54269668314691,0.089999996
134.54274468391495,0.1025
134.54279268468295,0.1025
134.54284068545095,0.1025
134.54288868621896,0.114999995
134.542936686987,0.1025
134.542984687755,0.105
134.543032688523,0.105
134.54308068929103,0.1125
134.54312869005904,0.099999994
134.54317669082704,0.105
134.54322469159507,0.1175
134.54327269236308,0.1125
134.54332069313108,0.1125
134.54336869389908,0.105
134.54341669466712,0.114999995
134.54346469543512,0.114999995
134.54351269620312,0.1025
134.54356069697116,0.107499994
134.54360869773916,0.0975
134.54365669850716,0.0975
134.54370469927517,0.089999996
134.5437527000432,0.082499996
134.5438007008112,0.089999996
134.5438487015792,0.095
134.54389670234724,0.089999996
134.54394470311524,0.08
134.54399270388325,0.074999996
134.54404070465128,0.065
134.54408870541928,0.065
134.5441367061873,0.067499995
134.5441847069553,0.065
134.54423270772332,0.055
134.54428070849133,0.0525
134.54432870925933,0.044999998
134.54437671002736,0.0475
134.54442471079537,0.0425
134.54447271156337,0.049999997
134.54452071233138,0.0475
134.5445687130994,0.044999998
134.5446167138674,0.03
134.54466471463542,0.035
134.54471271540345,0.04
134.54476071617145,0.0425
134.54480871693946,0.0325
134.5448567177075,0.024999999
134.5449047184755,0.03
134.5449527192435,0.0325
134.5450007200115,0.022499999
134.54504872077953,0.02
134.54509672154754,0.02
134.54514472231554,0.0075
134.54519272308357,0.012499999
134.54524072385158,0.01
134.54528872461958,0.005
134.54533672538759,0.0
134.54538472615562,0.0025
134.54543272692362,-0.0075
134.54548072769163,-0.005
134.54552872845966,-0.01
134.54557672922766,-0.015
134.54562472999567,-0.0075
134.54567273076367,-0.0275
134.5457207315317,-0.035
134.5457687322997,-0.0475
134.5458167330677,-0.0325
134.54586473383574,-0.0325
134.54591273460375,-0.0325
134.54596073537175,-0.04
134.54600873613978,-0.04
134.5460567369078,-0.037499998
134.5461047376758,-0.03
134.5461527384438,-0.037499998
134.54620073921183,-0.0275
134.54624873997983,-0.02
134.54629674074783,-0.0175
134.54634474151587,-0.012499999
134.54639274228387,-0.0075
134.54644074305187,-0.0025
134.54648874381988,0.01
134.5465367445879,0.024999999
134.54658474535591,0.0275
134.54663274612392,0.024999999
134.54668074689195,0.024999999
134.54672874765996,0.01
134.54677674842796,0.0025
134.546824749196,0.005
134.546872749964,0.0075
134.546920750732,0.0
134.5469687515,0.005
134.54701675226804,0.005
134.54706475303604,0.015
134.54711275380404,0.022499999
134.54716075457208,0.0325
134.54720875534008,0.03
134.54725675610808,0.0325
