Tiempo (s),Datos
219.7992607881726,0.049999997
219.7993087889406,0.06
219.7993567897086,0.049999997
219.79940479047664,0.049999997
219.79945279124465,0.055
219.79950079201265,0.055
219.79954879278068,0.049999997
219.7995967935487,0.055
219.7996447943167,0.055
219.7996927950847,0.055
219.79974079585273,0.055
219.79978879662073,0.06
219.79983679738874,0.055
219.79988479815677,0.049999997
219.79993279892477,0.06
219.79998079969278,0.049999997
219.8000288004608,0.055
219.8000768012288,0.055
219.80012480199682,0.049999997
219.80017280276482,0.055
219.80022080353285,0.055
219.80026880430086,0.055
219.80031680506886,0.049999997
219.8003648058369,0.06
219.8004128066049,0.049999997
219.8004608073729,0.049999997
219.8005088081409,0.049999997
219.80055680890894,0.055
219.80060480967694,0.06
219.80065281044494,0.049999997
219.80070081121298,0.055
219.80074881198098,0.055
219.80079681274898,0.06
219.800844813517,0.055
219.80089281428502,0.049999997
219.80094081505302,0.049999997
219.80098881582103,0.055
219.80103681658906,0.055
219.80108481735707,0.055
219.80113281812507,0.049999997
219.8011808188931,0.055
219.8012288196611,0.049999997
219.8012768204291,0.055
219.8013248211971,0.055
219.80137282196515,0.055
219.80142082273315,0.06
219.80146882350115,0.049999997
219.80151682426919,0.055
219.8015648250372,0.055
219.8016128258052,0.049999997
219.8016608265732,0.055
219.80170882734123,0.049999997
219.80175682810923,0.049999997
219.80180482887724,0.055
219.80185282964527,0.055
219.80190083041327,0.055
219.80194883118128,0.055
219.8019968319493,0.049999997
219.8020448327173,0.049999997
219.80209283348532,0.055
219.80214083425332,0.055
219.80218883502135,0.055
219.80223683578936,0.055
219.80228483655736,0.065
219.8023328373254,0.055
219.8023808380934,0.06
219.8024288388614,0.055
219.8024768396294,0.049999997
219.80252484039744,0.055
219.80257284116544,0.055
219.80262084193345,0.06
219.80266884270148,0.06
219.80271684346948,0.049999997
219.8027648442375,0.06
219.80281284500552,0.055
219.80286084577352,0.055
219.80290884654153,0.055
219.80295684730953,0.055
219.80300484807756,0.049999997
219.80305284884557,0.06
219.80310084961357,0.055
219.8031488503816,0.055
219.8031968511496,0.055
219.8032448519176,0.055
219.80329285268562,0.049999997
219.80334085345365,0.055
219.80338885422165,0.055
219.80343685498966,0.049999997
219.8034848557577,0.055
219.8035328565257,0.055
219.8035808572937,0.049999997
219.80362885806173,0.049999997
219.80367685882973,0.055
219.80372485959774,0.055
219.80377286036574,0.049999997
219.80382086113377,0.049999997
219.80386886190178,0.055
219.80391686266978,0.06
219.8039648634378,0.049999997
219.80401286420582,0.055
219.80406086497382,0.055
219.80410886574182,0.055
219.80415686650986,0.055
219.80420486727786,0.055
219.80425286804586,0.049999997
219.8043008688139,0.055
219.8043488695819,0.06
219.8043968703499,0.055
219.80444487111794,0.049999997
219.80449287188594,0.055
219.80454087265394,0.055
219.80458887342195,0.049999997
219.80463687418998,0.055
219.80468487495799,0.06
219.804732875726,0.055
219.80478087649402,0.055
219.80482887726203,0.055
219.80487687803003,0.044999998
219.80492487879803,0.055
219.80497287956607,0.049999997
219.80502088033407,0.049999997
219.80506888110207,0.049999997
219.8051168818701,0.06
219.8051648826381,0.049999997
219.8052128834061,0.055
219.80526088417415,0.049999997
219.80530888494215,0.055
219.80535688571015,0.049999997
219.80540488647816,0.049999997
219.8054528872462,0.049999997
219.8055008880142,0.055
219.8055488887822,0.055
219.80559688955023,0.055
219.80564489031823,0.049999997
219.80569289108624,0.055
219.80574089185424,0.049999997
219.80578889262227,0.049999997
219.80583689339028,0.049999997
219.80588489415828,0.044999998
219.80593289492631,0.055
219.80598089569432,0.055
219.80602889646232,0.055
219.80607689723035,0.06
219.80612489799836,0.049999997
219.80617289876636,0.055
219.80622089953437,0.055
219.8062689003024,0.049999997
219.8063169010704,0.055
219.8063649018384,0.049999997
219.80641290260644,0.049999997
219.80646090337444,0.055
219.80650890414245,0.055
219.80655690491045,0.049999997
219.80660490567848,0.06
219.8066529064465,0.049999997
219.8067009072145,0.055
219.80674890798252,0.055
219.80679690875053,0.055
219.80684490951853,0.049999997
219.80689291028656,0.055
219.80694091105457,0.049999997
219.80698891182257,0.049999997
219.80703691259058,0.055
219.8070849133586,0.049999997
219.8071329141266,0.044999998
219.80718091489462,0.055
219.80722891566265,0.049999997
219.80727691643065,0.049999997
219.80732491719866,0.055
219.80737291796666,0.055
219.8074209187347,0.049999997
219.8074689195027,0.06
219.8075169202707,0.055
219.80756492103873,0.055
219.80761292180674,0.055
219.80766092257474,0.055
219.80770892334277,0.055
219.80775692411078,0.049999997
219.80780492487878,0.049999997
219.80785292564678,0.055
219.80790092641482,0.049999997
219.80794892718282,0.055
219.80799692795082,0.049999997
219.80804492871886,0.055
219.80809292948686,0.055
219.80814093025486,0.055
219.80818893102287,0.049999997
219.8082369317909,0.055
219.8082849325589,0.055
219.8083329333269,0.049999997
219.80838093409494,0.055
219.80842893486295,0.044999998
219.80847693563095,0.055
219.80852493639898,0.049999997
219.80857293716699,0.049999997
219.808620937935,0.049999997
219.808668938703,0.055
219.80871693947103,0.049999997
219.80876494023903,0.055
219.80881294100703,0.049999997
219.80886094177507,0.06
219.80890894254307,0.055
219.80895694331107,0.065
219.80900494407908,0.06
219.8090529448471,0.065
219.8091009456151,0.06
219.80914894638312,0.055
219.80919694715115,0.055
219.80924494791915,0.06
219.80929294868716,0.055
219.8093409494552,0.055
219.8093889502232,0.055
219.8094369509912,0.055
219.8094849517592,0.06
219.80953295252723,0.055
219.80958095329524,0.055
219.80962895406324,0.06
219.80967695483127,0.055
219.80972495559928,0.06
219.80977295636728,0.049999997
219.8098209571353,0.055
219.80986895790332,0.049999997
219.80991695867132,0.055
219.80996495943933,0.049999997
219.81001296020736,0.06
219.81006096097536,0.055
219.81010896174337,0.055
219.8101569625114,0.055
219.8102049632794,0.049999997
219.8102529640474,0.055
219.8103009648154,0.055
219.81034896558344,0.06
219.81039696635145,0.055
219.81044496711945,0.049999997
219.81049296788748,0.055
219.8105409686555,0.055
219.8105889694235,0.049999997
219.8106369701915,0.049999997
219.81068497095953,0.06
219.81073297172753,0.055
219.81078097249554,0.055
219.81082897326357,0.055
219.81087697403157,0.06
219.81092497479958,0.049999997
219.8109729755676,0.055
219.8110209763356,0.06
219.81106897710362,0.055
219.81111697787162,0.06
219.81116497863965,0.055
219.81121297940766,0.06
219.81126098017566,0.049999997
219.8113089809437,0.06
219.8113569817117,0.055
219.8114049824797,0.06
219.8114529832477,0.055
219.81150098401574,0.06
219.81154898478374,0.06
219.81159698555174,0.06
219.81164498631978,0.06
219.81169298708778,0.06
219.81174098785579,0.055
219.81178898862382,0.06
219.81183698939182,0.055
219.81188499015983,0.06
219.81193299092783,0.055
219.81198099169586,0.049999997
219.81202899246387,0.049999997
219.81207699323187,0.06
219.8121249939999,0.055
219.8121729947679,0.049999997
219.8122209955359,0.055
219.8122689963039,0.049999997
219.81231699707195,0.055
219.81236499783995,0.055
219.81241299860795,0.06
219.812460999376,0.055
219.812509000144,0.055
219.812557000912,0.055
219.81260500168003,0.055
219.81265300244803,0.06
219.81270100321603,0.055
219.81274900398404,0.055
219.81279700475207,0.06
219.81284500552007,0.055
219.81289300628808,0.055
219.8129410070561,0.055
219.81298900782411,0.055
219.81303700859212,0.055
219.81308500936012,0.055
219.81313301012815,0.055
219.81318101089616,0.055
219.81322901166416,0.055
219.8132770124322,0.055
219.8133250132002,0.055
219.8133730139682,0.055
219.81342101473624,0.055
219.81346901550424,0.055
219.81351701627224,0.049999997
219.81356501704025,0.055
219.81361301780828,0.049999997
219.81366101857628,0.055
219.8137090193443,0.055
219.81375702011232,0.049999997
219.81380502088032,0.049999997
219.81385302164833,0.055
219.81390102241633,0.049999997
219.81394902318436,0.049999997
219.81399702395237,0.055
219.81404502472037,0.055
219.8140930254884,0.049999997
219.8141410262564,0.055
219.8141890270244,0.055
219.81423702779244,0.055
219.81428502856045,0.049999997
219.81433302932845,0.055
219.81438103009646,0.049999997
219.8144290308645,0.055
219.8144770316325,0.055
219.8145250324005,0.055
219.81457303316853,0.055
219.81462103393653,0.055
219.81466903470454,0.049999997
219.81471703547254,0.055
219.81476503624057,0.049999997
219.81481303700858,0.049999997
219.81486103777658,0.055
219.8149090385446,0.055
219.81495703931262,0.055
219.81500504008062,0.055
219.81505304084865,0.049999997
219.81510104161666,0.055
219.81514904238466,0.055
219.81519704315266,0.055
219.8152450439207,0.055
219.8152930446887,0.049999997
219.8153410454567,0.055
219.81538904622474,0.049999997
219.81543704699274,0.055
219.81548504776075,0.049999997
219.81553304852875,0.049999997
219.81558104929678,0.055
219.81562905006479,0.055
219.8156770508328,0.049999997
219.81572505160082,0.055
219.81577305236883,0.06
219.81582105313683,0.055
219.81586905390486,0.055
219.81591705467287,0.049999997
219.81596505544087,0.049999997
219.81601305620887,0.055
219.8160610569769,0.055
219.8161090577449,0.055
219.8161570585129,0.055
219.81620505928095,0.055
219.81625306004895,0.049999997
219.81630106081695,0.049999997
219.81634906158496,0.055
219.816397062353,0.049999997
219.816445063121,0.055
219.816493063889,0.055
219.81654106465703,0.049999997
219.81658906542503,0.049999997
219.81663706619304,0.055
219.81668506696107,0.049999997
219.81673306772907,0.049999997
219.81678106849708,0.055
219.81682906926508,0.055
219.81687707003312,0.055
219.81692507080112,0.049999997
219.81697307156912,0.049999997
219.81702107233716,0.049999997
219.81706907310516,0.049999997
219.81711707387316,0.055
219.81716507464117,0.055
219.8172130754092,0.06
219.8172610761772,0.055
219.8173090769452,0.06
219.81735707771324,0.055
219.81740507848124,0.049999997
219.81745307924925,0.055
219.81750108001728,0.055
219.81754908078528,0.055
219.8175970815533,0.055
219.8176450823213,0.06
219.81769308308932,0.055
219.81774108385733,0.049999997
219.81778908462533,0.055
219.81783708539336,0.055
219.81788508616137,0.055
219.81793308692937,0.049999997
219.81798108769738,0.055
219.8180290884654,0.055
219.8180770892334,0.055
219.81812509000142,0.06
219.81817309076945,0.055
219.81822109153745,0.055
219.81826909230546,0.055
219.8183170930735,0.055
219.8183650938415,0.049999997
219.8184130946095,0.055
219.8184610953775,0.049999997
219.81850909614553,0.055
219.81855709691354,0.06
219.81860509768154,0.055
219.81865309844957,0.055
219.81870109921758,0.049999997
219.81874909998558,0.049999997
219.81879710075359,0.055
219.81884510152162,0.055
219.81889310228962,0.049999997
219.81894110305763,0.049999997
219.81898910382566,0.055
219.81903710459366,0.055
219.81908510536167,0.055
219.8191331061297,0.055
219.8191811068977,0.055
219.8192291076657,0.049999997
219.8192771084337,0.055
219.81932510920174,0.049999997
219.81937310996975,0.055
219.81942111073775,0.055
219.81946911150578,0.055
219.8195171122738,0.055
219.8195651130418,0.049999997
219.8196131138098,0.055
219.81966111457783,0.055
219.81970911534583,0.055
219.81975711611383,0.055
219.81980511688187,0.06
219.81985311764987,0.055
219.81990111841787,0.055
219.8199491191859,0.055
219.8199971199539,0.049999997
219.82004512072191,0.055
219.82009312148992,0.055
219.82014112225795,0.049999997
219.82018912302595,0.055
219.82023712379396,0.06
219.820285124562,0.055
219.82033312533,0.049999997
219.820381126098,0.049999997
219.820429126866,0.049999997
219.82047712763404,0.055
219.82052512840204,0.049999997
219.82057312917004,0.055
219.82062112993808,0.049999997
219.82066913070608,0.065
219.82071713147408,0.049999997
219.82076513224212,0.055
219.82081313301012,0.055
219.82086113377812,0.06
219.82090913454613,0.049999997
219.82095713531416,0.055
219.82100513608216,0.055
219.82105313685017,0.044999998
219.8211011376182,0.055
219.8211491383862,0.055
219.8211971391542,0.055
219.8212451399222,0.055
219.82129314069024,0.055
219.82134114145825,0.049999997
219.82138914222625,0.055
219.82143714299428,0.06
219.8214851437623,0.055
219.8215331445303,0.06
219.82158114529832,0.06
219.82162914606633,0.055
219.82167714683433,0.055
219.82172514760234,0.055
219.82177314837037,0.055
219.82182114913837,0.055
219.82186914990638,0.055
219.8219171506744,0.06
219.8219651514424,0.055
219.82201315221042,0.055
219.82206115297842,0.055
219.82210915374645,0.055
219.82215715451446,0.055
219.82220515528246,0.049999997
219.8222531560505,0.055
219.8223011568185,0.055
219.8223491575865,0.055
219.82239715835453,0.055
219.82244515912254,0.06
219.82249315989054,0.055
219.82254116065855,0.055
219.82258916142658,0.055
219.82263716219458,0.049999997
219.82268516296259,0.055
219.82273316373062,0.06
219.82278116449862,0.055
219.82282916526663,0.055
219.82287716603463,0.055
219.82292516680266,0.055
219.82297316757067,0.049999997
219.82302116833867,0.055
219.8230691691067,0.055
219.8231171698747,0.055
219.8231651706427,0.049999997
219.82321317141074,0.055
219.82326117217875,0.049999997
219.82330917294675,0.049999997
219.82335717371475,0.055
219.8234051744828,0.055
219.8234531752508,0.06
219.8235011760188,0.055
219.82354917678683,0.049999997
219.82359717755483,0.055
219.82364517832283,0.049999997
219.82369317909084,0.055
219.82374117985887,0.06
219.82378918062687,0.049999997
219.82383718139488,0.06
219.8238851821629,0.049999997
219.82393318293092,0.055
219.82398118369892,0.055
219.82402918446695,0.049999997
219.82407718523496,0.049999997
219.82412518600296,0.055
219.82417318677096,0.055
219.824221187539,0.049999997
219.824269188307,0.055
219.824317189075,0.055
219.82436518984304,0.065
219.82441319061104,0.049999997
219.82446119137904,0.06
219.82450919214705,0.06
219.82455719291508,0.06
219.82460519368308,0.049999997
219.8246531944511,0.06
219.82470119521912,0.055
219.82474919598712,0.06
219.82479719675513,0.055
219.82484519752316,0.049999997
219.82489319829116,0.055
219.82494119905917,0.049999997
219.82498919982717,0.055
219.8250372005952,0.049999997
219.8250852013632,0.055
219.8251332021312,0.049999997
219.82518120289924,0.049999997
219.82522920366725,0.055
219.82527720443525,0.049999997
219.82532520520326,0.055
219.8253732059713,0.055
219.8254212067393,0.055
219.8254692075073,0.06
219.82551720827533,0.055
219.82556520904333,0.049999997
219.82561320981134,0.055
219.82566121057937,0.055
219.82570921134737,0.06
219.82575721211538,0.055
219.82580521288338,0.06
219.8258532136514,0.06
219.82590121441942,0.055
219.82594921518742,0.055
219.82599721595545,0.06
219.82604521672346,0.055
219.82609321749146,0.049999997
219.82614121825947,0.06
219.8261892190275,0.055
219.8262372197955,0.055
219.8262852205635,0.055
219.82633322133154,0.049999997
219.82638122209954,0.055
219.82642922286755,0.055
219.82647722363558,0.055
219.82652522440358,0.06
219.8265732251716,0.055
219.8266212259396,0.049999997
219.82666922670762,0.055
219.82671722747563,0.055
219.82676522824363,0.055
219.82681322901166,0.055
219.82686122977967,0.06
219.82690923054767,0.06
219.82695723131567,0.049999997
219.8270052320837,0.06
219.8270532328517,0.055
219.82710123361971,0.055
219.82714923438775,0.055
219.82719723515575,0.055
219.82724523592375,0.055
219.8272932366918,0.055
219.8273412374598,0.055
219.8273892382278,0.049999997
219.8274372389958,0.055
219.82748523976383,0.049999997
219.82753324053184,0.055
219.82758124129984,0.049999997
219.82762924206787,0.06
219.82767724283588,0.049999997
219.82772524360388,0.049999997
219.82777324437188,0.055
219.82782124513992,0.055
219.82786924590792,0.049999997
219.82791724667592,0.055
219.82796524744396,0.049999997
219.82801324821196,0.049999997
219.82806124897996,0.055
219.828109249748,0.055
219.828157250516,0.06
219.828205251284,0.06
219.828253252052,0.06
219.82830125282004,0.049999997
219.82834925358804,0.049999997
219.82839725435605,0.055
219.82844525512408,0.049999997
219.82849325589208,0.055
219.8285412566601,0.049999997
219.8285892574281,0.055
219.82863725819612,0.049999997
219.82868525896413,0.065
219.82873325973213,0.049999997
219.82878126050016,0.065
219.82882926126817,0.049999997
219.82887726203617,0.06
219.8289252628042,0.055
219.8289732635722,0.06
219.8290212643402,0.049999997
219.82906926510822,0.049999997
219.82911726587625,0.055
219.82916526664425,0.055
219.82921326741226,0.055
219.8292612681803,0.049999997
219.8293092689483,0.049999997
219.8293572697163,0.055
219.8294052704843,0.055
219.82945327125233,0.055
219.82950127202034,0.055
219.82954927278834,0.055
219.82959727355637,0.049999997
219.82964527432438,0.055
219.82969327509238,0.055
219.8297412758604,0.055
219.82978927662842,0.049999997
219.82983727739642,0.055
219.82988527816443,0.055
219.82993327893246,0.055
219.82998127970046,0.049999997
219.83002928046847,0.055
219.8300772812365,0.055
219.8301252820045,0.055
219.8301732827725,0.055
219.8302212835405,0.055
219.83026928430854,0.055
219.83031728507655,0.049999997
219.83036528584455,0.055
219.83041328661258,0.049999997
219.8304612873806,0.055
219.8305092881486,0.049999997
219.83055728891662,0.055
219.83060528968463,0.049999997
219.83065329045263,0.055
219.83070129122063,0.055
219.83074929198867,0.049999997
219.83079729275667,0.055
219.83084529352467,0.049999997
219.8308932942927,0.055
219.8309412950607,0.055
219.83098929582872,0.049999997
219.83103729659672,0.06
219.83108529736475,0.055
219.83113329813276,0.055
219.83118129890076,0.055
219.8312292996688,0.055
219.8312773004368,0.049999997
219.8313253012048,0.055
219.83137330197283,0.049999997
219.83142130274084,0.049999997
219.83146930350884,0.055
219.83151730427684,0.055
219.83156530504488,0.055
219.83161330581288,0.055
219.83166130658088,0.049999997
219.83170930734892,0.055
219.83175730811692,0.049999997
219.83180530888492,0.049999997
219.83185330965293,0.049999997
219.83190131042096,0.055
219.83194931118896,0.049999997
219.83199731195697,0.055
219.832045312725,0.055
219.832093313493,0.055
219.832141314261,0.049999997
219.83218931502904,0.055
219.83223731579704,0.049999997
219.83228531656505,0.055
219.83233331733305,0.055
219.83238131810108,0.055
219.8324293188691,0.049999997
219.8324773196371,0.055
219.83252532040513,0.055
219.83257332117313,0.055
219.83262132194113,0.055
219.83266932270914,0.055
219.83271732347717,0.049999997
219.83276532424517,0.055
219.83281332501318,0.055
219.8328613257812,0.055
219.8329093265492,0.06
219.83295732731722,0.06
219.83300532808525,0.055
219.83305332885325,0.055
219.83310132962126,0.055
219.83314933038926,0.049999997
219.8331973311573,0.055
219.8332453319253,0.055
219.8332933326933,0.049999997
219.83334133346133,0.055
219.83338933422934,0.055
219.83343733499734,0.049999997
219.83348533576535,0.049999997
219.83353333653338,0.055
219.83358133730138,0.055
219.8336293380694,0.049999997
219.83367733883742,0.049999997
219.83372533960542,0.049999997
219.83377334037343,0.049999997
219.83382134114146,0.049999997
219.83386934190946,0.055
219.83391734267747,0.049999997
219.83396534344547,0.049999997
219.8340133442135,0.049999997
219.8340613449815,0.049999997
219.8341093457495,0.055
219.83415734651754,0.049999997
219.83420534728555,0.055
219.83425334805355,0.055
219.83430134882155,0.049999997
219.8343493495896,0.055
219.8343973503576,0.049999997
219.8344453511256,0.049999997
219.83449335189363,0.055
219.83454135266163,0.055
219.83458935342964,0.06
219.83463735419767,0.049999997
219.83468535496567,0.049999997
219.83473335573368,0.055
219.83478135650168,0.06
219.8348293572697,0.055
219.83487735803772,0.065
219.83492535880572,0.06
219.83497335957375,0.06
219.83502136034176,0.055
219.83506936110976,0.06
219.83511736187776,0.055
219.8351653626458,0.049999997
219.8352133634138,0.055
219.8352613641818,0.055
219.83530936494984,0.055
219.83535736571784,0.06
219.83540536648584,0.049999997
219.83545336725388,0.055
219.83550136802188,0.055
219.83554936878988,0.055
219.8355973695579,0.055
219.83564537032592,0.06
219.83569337109392,0.055
219.83574137186193,0.06
219.83578937262996,0.055
219.83583737339796,0.055
219.83588537416597,0.055
219.83593337493397,0.055
219.835981375702,0.055
219.83602937647,0.055
219.836077377238,0.055
219.83612537800605,0.049999997
219.83617337877405,0.055
219.83622137954205,0.049999997
219.83626938031009,0.055
219.8363173810781,0.055
219.8363653818461,0.055
219.8364133826141,0.055
219.83646138338213,0.049999997
219.83650938415013,0.055
219.83655738491814,0.055
219.83660538568617,0.055
219.83665338645417,0.055
219.83670138722218,0.055
219.83674938799018,0.055
219.8367973887582,0.055
219.83684538952622,0.055
219.83689339029422,0.049999997
219.83694139106225,0.055
219.83698939183026,0.055
219.83703739259826,0.06
219.8370853933663,0.055
219.8371333941343,0.06
219.8371813949023,0.049999997
219.8372293956703,0.06
219.83727739643834,0.055
219.83732539720634,0.055
219.83737339797435,0.055
219.83742139874238,0.055
219.83746939951038,0.055
219.8375174002784,0.055
219.8375654010464,0.06
219.83761340181442,0.055
219.83766140258243,0.055
219.83770940335043,0.06
219.83775740411846,0.055
219.83780540488647,0.06
219.83785340565447,0.055
219.8379014064225,0.055
219.8379494071905,0.049999997
219.8379974079585,0.06
219.83804540872652,0.049999997
219.83809340949455,0.055
219.83814141026255,0.06
219.83818941103056,0.055
219.8382374117986,0.055
219.8382854125666,0.055
219.8383334133346,0.055
219.8383814141026,0.049999997
219.83842941487063,0.06
219.83847741563864,0.044999998
219.83852541640664,0.049999997
219.83857341717467,0.055
219.83862141794268,0.055
219.83866941871068,0.055
219.8387174194787,0.055
219.83876542024672,0.055
219.83881342101472,0.055
219.83886142178272,0.055
219.83890942255076,0.055
219.83895742331876,0.055
219.83900542408676,0.055
219.8390534248548,0.055
219.8391014256228,0.049999997
219.8391494263908,0.06
219.8391974271588,0.055
219.83924542792684,0.055
219.83929342869484,0.055
219.83934142946285,0.049999997
219.83938943023088,0.049999997
219.83943743099888,0.055
219.8394854317669,0.055
219.83953343253492,0.055
219.83958143330293,0.055
219.83962943407093,0.049999997
219.83967743483893,0.055
219.83972543560697,0.049999997
219.83977343637497,0.055
219.83982143714297,0.049999997
219.839869437911,0.055
219.839917438679,0.055
219.839965439447,0.06
219.84001344021502,0.049999997
219.84006144098305,0.06
219.84010944175105,0.055
219.84015744251906,0.06
219.8402054432871,0.055
219.8402534440551,0.06
219.8403014448231,0.049999997
219.84034944559113,0.049999997
219.84039744635913,0.055
219.84044544712714,0.049999997
219.84049344789514,0.049999997
219.84054144866317,0.055
219.84058944943118,0.06
219.84063745019918,0.049999997
219.84068545096721,0.049999997
219.84073345173522,0.055
219.84078145250322,0.06
219.84082945327123,0.055
219.84087745403926,0.049999997
219.84092545480726,0.055
219.84097345557527,0.055
219.8410214563433,0.049999997
219.8410694571113,0.055
219.8411174578793,0.055
219.84116545864734,0.055
219.84121345941534,0.055
219.84126146018335,0.06
219.84130946095135,0.055
219.84135746171938,0.055
219.8414054624874,0.06
219.8414534632554,0.06
219.84150146402342,0.055
219.84154946479143,0.055
219.84159746555943,0.06
219.84164546632744,0.049999997
219.84169346709547,0.06
219.84174146786347,0.055
219.84178946863148,0.055
219.8418374693995,0.055
219.8418854701675,0.06
219.84193347093552,0.055
219.84198147170355,0.06
219.84202947247155,0.06
219.84207747323956,0.055
219.84212547400756,0.055
219.8421734747756,0.055
219.8422214755436,0.049999997
219.8422694763116,0.055
219.84231747707963,0.06
219.84236547784764,0.055
219.84241347861564,0.049999997
219.84246147938364,0.06
219.84250948015168,0.049999997
219.84255748091968,0.055
219.84260548168768,0.055
219.84265348245572,0.055
219.84270148322372,0.049999997
219.84274948399172,0.049999997
219.84279748475976,0.055
219.84284548552776,0.055
219.84289348629576,0.055
219.84294148706377,0.049999997
219.8429894878318,0.049999997
219.8430374885998,0.049999997
219.8430854893678,0.055
219.84313349013584,0.049999997
219.84318149090385,0.055
219.84322949167185,0.055
219.84327749243985,0.055
219.84332549320789,0.06
219.8433734939759,0.06
219.8434214947439,0.049999997
219.84346949551193,0.055
219.84351749627993,0.055
219.84356549704793,0.055
219.84361349781597,0.049999997
219.84366149858397,0.055
219.84370949935197,0.055
219.84375750011998,0.055
219.843805500888,0.055
219.843853501656,0.049999997
219.84390150242402,0.049999997
219.84394950319205,0.055
219.84399750396005,0.055
219.84404550472806,0.055
219.84409350549606,0.049999997
219.8441415062641,0.055
219.8441895070321,0.049999997
219.8442375078001,0.06
219.84428550856813,0.049999997
219.84433350933614,0.06
219.84438151010414,0.055
219.84442951087215,0.049999997
219.84447751164018,0.055
219.84452551240818,0.055
219.8445735131762,0.049999997
219.84462151394422,0.049999997
219.84466951471222,0.049999997
219.84471751548023,0.06
219.84476551624826,0.055
219.84481351701626,0.06
219.84486151778427,0.055
219.84490951855227,0.06
219.8449575193203,0.055
219.8450055200883,0.055
219.8450535208563,0.055
219.84510152162434,0.055
219.84514952239235,0.055
219.84519752316035,0.055
219.84524552392836,0.055
219.8452935246964,0.055
219.8453415254644,0.049999997
219.8453895262324,0.055
219.84543752700043,0.055
219.84548552776843,0.055
219.84553352853644,0.055
219.84558152930447,0.055
219.84562953007247,0.055
219.84567753084048,0.049999997
219.84572553160848,0.055
219.8457735323765,0.055
219.84582153314452,0.049999997
219.84586953391252,0.055
219.84591753468055,0.049999997
219.84596553544856,0.044999998
219.84601353621656,0.06
219.84606153698456,0.06
219.8461095377526,0.06
219.8461575385206,0.06
219.8462055392886,0.049999997
219.84625354005664,0.055
219.84630154082464,0.044999998
219.84634954159264,0.055
219.84639754236068,0.055
219.84644554312868,0.049999997
219.84649354389668,0.055
219.8465415446647,0.055
219.84658954543272,0.055
219.84663754620072,0.055
219.84668554696873,0.055
219.84673354773676,0.055
219.84678154850477,0.055
219.84682954927277,0.049999997
219.84687755004077,0.055
219.8469255508088,0.055
219.8469735515768,0.055
219.8470215523448,0.055
219.84706955311285,0.055
219.84711755388085,0.055
219.84716555464885,0.055
219.8472135554169,0.055
219.8472615561849,0.049999997
219.8473095569529,0.055
219.8473575577209,0.055
219.84740555848893,0.055
219.84745355925693,0.055
219.84750156002494,0.055
219.84754956079297,0.049999997
219.84759756156097,0.049999997
219.84764556232898,0.055
219.84769356309698,0.055
219.84774156386501,0.055
219.84778956463302,0.055
219.84783756540102,0.055
219.84788556616905,0.055
219.84793356693706,0.055
219.84798156770506,0.055
219.8480295684731,0.055
219.8480775692411,0.055
219.8481255700091,0.044999998
219.8481735707771,0.055
219.84822157154514,0.055
219.84826957231314,0.055
219.84831757308115,0.049999997
219.84836557384918,0.049999997
219.84841357461718,0.055
219.8484615753852,0.049999997
219.8485095761532,0.049999997
219.84855757692122,0.055
219.84860557768923,0.049999997
219.84865357845723,0.06
219.84870157922526,0.06
219.84874957999327,0.06
219.84879758076127,0.055
219.8488455815293,0.06
219.8488935822973,0.049999997
219.8489415830653,0.06
219.84898958383332,0.055
219.84903758460135,0.06
219.84908558536935,0.049999997
219.84913358613736,0.06
219.8491815869054,0.055
219.8492295876734,0.065
219.8492775884414,0.06
219.8493255892094,0.049999997
219.84937358997743,0.049999997
219.84942159074544,0.06
219.84946959151344,0.055
219.84951759228147,0.049999997
219.84956559304948,0.055
219.84961359381748,0.055
219.8496615945855,0.055
219.84970959535352,0.055
219.84975759612152,0.055
219.84980559688952,0.055
219.84985359765756,0.055
219.84990159842556,0.055
219.84994959919356,0.055
219.8499975999616,0.06
219.8500456007296,0.055
219.8500936014976,0.055
219.8501416022656,0.055
219.85018960303364,0.049999997
219.85023760380165,0.049999997
219.85028560456965,0.055
219.85033360533768,0.055
219.85038160610569,0.049999997
219.8504296068737,0.055
219.85047760764172,0.049999997
219.85052560840973,0.049999997
219.85057360917773,0.044999998
219.85062160994573,0.055
219.85066961071377,0.055
219.85071761148177,0.049999997
219.85076561224977,0.055
219.8508136130178,0.049999997
219.8508616137858,0.049999997
219.8509096145538,0.06
219.85095761532182,0.055
219.85100561608985,0.049999997
219.85105361685785,0.055
219.85110161762586,0.055
219.8511496183939,0.055
219.8511976191619,0.055
219.8512456199299,0.055
219.85129362069793,0.055
219.85134162146593,0.055
219.85138962223394,0.06
219.85143762300194,0.055
219.85148562376997,0.055
219.85153362453798,0.055
219.85158162530598,0.055
219.85162962607401,0.055
219.85167762684202,0.055
219.85172562761002,0.055
219.85177362837803,0.055
219.85182162914606,0.049999997
219.85186962991406,0.049999997
219.85191763068207,0.049999997
219.8519656314501,0.055
219.8520136322181,0.049999997
219.8520616329861,0.06
219.85210963375414,0.06
219.85215763452214,0.055
219.85220563529015,0.055
219.85225363605815,0.049999997
219.85230163682618,0.055
219.8523496375942,0.055
219.8523976383622,0.049999997
219.85244563913022,0.055
219.85249363989823,0.049999997
219.85254164066623,0.06
219.85258964143424,0.049999997
219.85263764220227,0.049999997
219.85268564297027,0.055
219.85273364373828,0.06
219.8527816445063,0.049999997
219.8528296452743,0.055
219.85287764604232,0.06
219.85292564681035,0.055
219.85297364757835,0.055
219.85302164834636,0.049999997
219.85306964911436,0.055
219.8531176498824,0.055
219.8531656506504,0.055
219.8532136514184,0.049999997
219.85326165218643,0.055
219.85330965295444,0.055
219.85335765372244,0.055
219.85340565449044,0.055
219.85345365525848,0.055
219.85350165602648,0.055
219.85354965679448,0.055
219.85359765756252,0.055
219.85364565833052,0.049999997
219.85369365909852,0.049999997
219.85374165986656,0.049999997
219.85378966063456,0.049999997
219.85383766140257,0.049999997
219.85388566217057,0.049999997
219.8539336629386,0.055
219.8539816637066,0.055
219.8540296644746,0.049999997
219.85407766524264,0.055
219.85412566601065,0.06
219.85417366677865,0.055
219.85422166754665,0.06
219.85426966831469,0.055
219.8543176690827,0.06
219.8543656698507,0.055
219.85441367061873,0.055
219.85446167138673,0.055
219.85450967215473,0.055
219.85455767292277,0.055
219.85460567369077,0.055
219.85465367445877,0.055
219.85470167522678,0.055
219.8547496759948,0.055
219.85479767676281,0.055
219.85484567753082,0.06
219.85489367829885,0.06
219.85494167906685,0.06
219.85498967983486,0.055
219.85503768060286,0.049999997
219.8550856813709,0.055
219.8551336821389,0.06
219.8551816829069,0.055
219.85522968367493,0.055
219.85527768444294,0.049999997
219.85532568521094,0.055
219.85537368597898,0.049999997
219.85542168674698,0.055
219.85546968751498,0.055
219.855517688283,0.055
219.85556568905102,0.055
219.85561368981902,0.055
219.85566169058703,0.049999997
219.85570969135506,0.049999997
219.85575769212306,0.049999997
219.85580569289107,0.055
219.85585369365907,0.049999997
219.8559016944271,0.06
219.8559496951951,0.055
219.8559976959631,0.06
219.85604569673114,0.06
219.85609369749915,0.055
219.85614169826715,0.055
219.85618969903518,0.055
219.8562376998032,0.055
219.8562857005712,0.055
219.8563337013392,0.055
219.85638170210723,0.055
219.85642970287523,0.055
219.85647770364324,0.049999997
219.85652570441127,0.055
219.85657370517927,0.049999997
219.85662170594728,0.055
219.85666970671528,0.049999997
219.8567177074833,0.06
219.85676570825132,0.055
219.85681370901932,0.049999997
219.85686170978735,0.055
219.85690971055536,0.06
219.85695771132336,0.049999997
219.8570057120914,0.06
219.8570537128594,0.049999997
219.8571017136274,0.055
219.8571497143954,0.06
219.85719771516344,0.055
219.85724571593144,0.049999997
219.85729371669944,0.055
219.85734171746748,0.055
219.85738971823548,0.049999997
219.85743771900349,0.055
219.8574857197715,0.065
219.85753372053952,0.049999997
219.85758172130753,0.06
219.85762972207553,0.055
219.85767772284356,0.049999997
219.85772572361157,0.055
219.85777372437957,0.06
219.8578217251476,0.055
219.8578697259156,0.06
219.8579177266836,0.06
219.8579657274516,0.044999998
219.85801372821965,0.055
219.85806172898765,0.049999997
219.85810972975565,0.055
219.8581577305237,0.049999997
219.8582057312917,0.049999997
219.8582537320597,0.049999997
219.8583017328277,0.055
219.85834973359573,0.055
219.85839773436373,0.049999997
219.85844573513174,0.055
219.85849373589977,0.055
219.85854173666777,0.055
219.85858973743578,0.049999997
219.8586377382038,0.055
219.85868573897181,0.06
219.85873373973982,0.055
219.85878174050782,0.055
219.85882974127585,0.049999997
219.85887774204386,0.055
219.85892574281186,0.055
219.8589737435799,0.055
219.8590217443479,0.049999997
219.8590697451159,0.049999997
219.8591177458839,0.055
219.85916574665194,0.055
219.85921374741994,0.055
219.85926174818795,0.055
219.85930974895598,0.055
219.85935774972398,0.06
219.859405750492,0.055
219.85945375126002,0.055
219.85950175202802,0.055
219.85954975279603,0.049999997
219.85959775356403,0.055
219.85964575433206,0.049999997
219.85969375510007,0.055
219.85974175586807,0.055
219.8597897566361,0.055
219.8598377574041,0.055
219.8598857581721,0.055
219.85993375894012,0.055
219.85998175970815,0.055
219.86002976047615,0.055
219.86007776124416,0.055
219.8601257620122,0.055
219.8601737627802,0.055
219.8602217635482,0.055
219.86026976431623,0.055
219.86031776508423,0.055
219.86036576585224,0.055
219.86041376662024,0.055
219.86046176738827,0.06
219.86050976815628,0.049999997
219.86055776892428,0.055
219.8606057696923,0.055
219.86065377046032,0.055
219.86070177122832,0.049999997
219.86074977199632,0.06
219.86079777276436,0.06
219.86084577353236,0.055
219.86089377430037,0.06
219.8609417750684,0.049999997
219.8609897758364,0.055
219.8610377766044,0.055
219.86108577737244,0.055
219.86113377814044,0.055
219.86118177890845,0.06
219.86122977967645,0.055
219.86127778044448,0.055
219.86132578121249,0.06
219.8613737819805,0.049999997
219.86142178274852,0.049999997
219.86146978351653,0.049999997
219.86151778428453,0.055
219.86156578505253,0.049999997
219.86161378582057,0.055
219.86166178658857,0.06
219.86170978735657,0.055
219.8617577881246,0.055
219.8618057888926,0.049999997
219.86185378966061,0.06
219.86190179042865,0.06
219.86194979119665,0.055
219.86199779196465,0.049999997
219.86204579273266,0.055
219.8620937935007,0.049999997
219.8621417942687,0.06
219.8621897950367,0.049999997
219.86223779580473,0.055
219.86228579657273,0.049999997
219.86233379734074,0.06
219.86238179810874,0.055
219.86242979887678,0.049999997
219.86247779964478,0.055
219.86252580041278,0.055
219.86257380118082,0.049999997
219.86262180194882,0.055
219.86266980271682,0.06
219.86271780348486,0.055
219.86276580425286,0.055
219.86281380502086,0.06
219.86286180578887,0.055
219.8629098065569,0.055
219.8629578073249,0.049999997
219.8630058080929,0.06
219.86305380886094,0.06
219.86310180962894,0.06
219.86314981039695,0.055
219.86319781116495,0.055
219.86324581193298,0.055
219.863293812701,0.055
219.863341813469,0.049999997
219.86338981423702,0.06
219.86343781500503,0.049999997
219.86348581577303,0.055
219.86353381654106,0.049999997
219.86358181730907,0.06
219.86362981807707,0.049999997
219.86367781884508,0.055
219.8637258196131,0.055
219.8637738203811,0.055
219.86382182114912,0.049999997
219.86386982191715,0.055
219.86391782268515,0.049999997
219.86396582345316,0.055
219.86401382422116,0.055
219.8640618249892,0.055
219.8641098257572,0.055
219.8641578265252,0.06
219.86420582729323,0.055
219.86425382806124,0.055
219.86430182882924,0.055
219.86434982959727,0.055
219.86439783036528,0.055
219.86444583113328,0.055
219.86449383190129,0.049999997
219.86454183266932,0.055
219.86458983343732,0.055
219.86463783420533,0.055
219.86468583497336,0.055
219.86473383574136,0.055
219.86478183650937,0.055
219.86482983727737,0.055
219.8648778380454,0.055
219.8649258388134,0.049999997
219.8649738395814,0.055
219.86502184034944,0.055
219.86506984111745,0.055
219.86511784188545,0.049999997
219.86516584265348,0.055
219.8652138434215,0.055
219.8652618441895,0.055
219.8653098449575,0.055
219.86535784572553,0.055
219.86540584649353,0.055
219.86545384726153,0.055
219.86550184802957,0.055
219.86554984879757,0.055
219.86559784956557,0.049999997
219.86564585033358,0.049999997
219.8656938511016,0.049999997
219.86574185186961,0.049999997
219.86578985263762,0.055
219.86583785340565,0.055
219.86588585417365,0.049999997
219.86593385494166,0.06
219.8659818557097,0.055
219.8660298564777,0.06
219.8660778572457,0.06
219.8661258580137,0.055
219.86617385878174,0.049999997
219.86622185954974,0.06
219.86626986031774,0.055
219.86631786108578,0.06
219.86636586185378,0.06
219.86641386262178,0.049999997
219.8664618633898,0.049999997
219.86650986415782,0.049999997
219.86655786492582,0.06
219.86660586569383,0.055
219.86665386646186,0.055
219.86670186722986,0.055
219.86674986799787,0.049999997
219.8667978687659,0.055
219.8668458695339,0.049999997
219.8668938703019,0.055
219.8669418710699,0.055
219.86698987183794,0.055
219.86703787260595,0.049999997
219.86708587337395,0.055
219.86713387414198,0.055
219.86718187491,0.06
219.867229875678,0.055
219.867277876446,0.06
219.86732587721403,0.055
219.86737387798203,0.055
219.86742187875004,0.06
219.86746987951807,0.055
219.86751788028607,0.049999997
219.86756588105408,0.06
219.8676138818221,0.055
219.8676618825901,0.055
219.86770988335812,0.055
219.86775788412612,0.055
219.86780588489415,0.049999997
219.86785388566216,0.06
219.86790188643016,0.049999997
219.8679498871982,0.06
219.8679978879662,0.049999997
219.8680458887342,0.055
219.8680938895022,0.055
219.86814189027024,0.049999997
219.86818989103824,0.06
219.86823789180625,0.049999997
219.86828589257428,0.049999997
219.86833389334228,0.055
219.86838189411029,0.055
219.86842989487832,0.055
219.86847789564632,0.055
219.86852589641433,0.049999997
219.86857389718233,0.055
219.86862189795036,0.049999997
219.86866989871837,0.055
219.86871789948637,0.055
219.8687659002544,0.055
219.8688139010224,0.049999997
219.8688619017904,0.055
219.8689099025584,0.055
219.86895790332645,0.055
219.86900590409445,0.049999997
219.86905390486245,0.055
219.8691019056305,0.055
219.8691499063985,0.049999997
219.8691979071665,0.055
219.86924590793453,0.055
219.86929390870253,0.049999997
219.86934190947053,0.049999997
219.86938991023854,0.049999997
219.86943791100657,0.049999997
219.86948591177458,0.055
219.86953391254258,0.06
219.8695819133106,0.049999997
219.86962991407862,0.055
219.86967791484662,0.055
219.86972591561462,0.06
219.86977391638266,0.055
219.86982191715066,0.049999997
219.86986991791866,0.055
219.8699179186867,0.06
219.8699659194547,0.06
219.8700139202227,0.049999997
219.87006192099074,0.055
219.87010992175874,0.055
219.87015792252674,0.06
219.87020592329475,0.055
219.87025392406278,0.06
219.87030192483078,0.055
219.8703499255988,0.055
219.87039792636682,0.06
219.87044592713482,0.055
219.87049392790283,0.055
219.87054192867083,0.055
219.87058992943886,0.055
219.87063793020687,0.055
219.87068593097487,0.049999997
219.8707339317429,0.055
219.8707819325109,0.049999997
219.8708299332789,0.06
219.87087793404694,0.049999997
219.87092593481495,0.049999997
219.87097393558295,0.055
219.87102193635096,0.055
219.871069937119,0.055
219.871117937887,0.055
219.871165938655,0.055
219.87121393942303,0.049999997
219.87126194019103,0.055
219.87130994095904,0.049999997
219.87135794172704,0.055
219.87140594249507,0.049999997
219.87145394326308,0.049999997
219.87150194403108,0.055
219.8715499447991,0.049999997
219.87159794556712,0.055
219.87164594633512,0.055
219.87169394710315,0.049999997
219.87174194787116,0.06
219.87178994863916,0.049999997
219.87183794940717,0.055
219.8718859501752,0.055
219.8719339509432,0.055
219.8719819517112,0.055
219.87202995247924,0.055
219.87207795324724,0.055
219.87212595401525,0.06
219.87217395478325,0.055
219.87222195555128,0.055
219.8722699563193,0.055
219.8723179570873,0.055
219.87236595785532,0.06
219.87241395862333,0.044999998
219.87246195939133,0.055
219.87250996015936,0.055
219.87255796092737,0.049999997
219.87260596169537,0.055
219.87265396246337,0.055
219.8727019632314,0.055
219.8727499639994,0.055
219.87279796476741,0.055
219.87284596553545,0.049999997
219.87289396630345,0.06
219.87294196707145,0.065
219.87298996783946,0.049999997
219.8730379686075,0.049999997
219.8730859693755,0.049999997
219.8731339701435,0.049999997
219.87318197091153,0.049999997
219.87322997167954,0.055
219.87327797244754,0.055
219.87332597321557,0.055
219.87337397398358,0.049999997
219.87342197475158,0.049999997
219.87346997551958,0.049999997
219.87351797628762,0.055
219.87356597705562,0.055
219.87361397782362,0.055
219.87366197859166,0.06
219.87370997935966,0.06
219.87375798012766,0.049999997
219.87380598089567,0.055
219.8738539816637,0.055
219.8739019824317,0.055
219.8739499831997,0.055
219.87399798396774,0.055
219.87404598473574,0.055
219.87409398550375,0.049999997
219.87414198627178,0.055
219.87418998703978,0.055
219.8742379878078,0.055
219.8742859885758,0.055
219.87433398934382,0.049999997
219.87438199011183,0.049999997
219.87442999087983,0.055
219.87447799164786,0.049999997
219.87452599241587,0.06
219.87457399318387,0.055
219.87462199395188,0.055
219.8746699947199,0.044999998
219.8747179954879,0.06
219.87476599625592,0.055
219.87481399702395,0.049999997
219.87486199779195,0.049999997
219.87490999855996,0.055
219.874957999328,0.055
219.875006000096,0.055
219.875054000864,0.055
219.875102001632,0.055
219.87515000240003,0.055
219.87519800316804,0.06
219.87524600393604,0.049999997
219.87529400470407,0.055
219.87534200547208,0.049999997
219.87539000624008,0.049999997
219.87543800700809,0.055
219.87548600777612,0.06
219.87553400854412,0.06
219.87558200931213,0.049999997
219.87563001008016,0.055
219.87567801084816,0.049999997
219.87572601161617,0.055
219.8757740123842,0.055
219.8758220131522,0.049999997
219.8758700139202,0.055
219.8759180146882,0.055
219.87596601545624,0.055
219.87601401622425,0.049999997
219.87606201699225,0.06
219.87611001776028,0.049999997
219.8761580185283,0.06
219.8762060192963,0.055
219.8762540200643,0.049999997
219.87630202083233,0.055
219.87635002160033,0.06
219.87639802236833,0.049999997
219.87644602313637,0.055
219.87649402390437,0.049999997
219.87654202467237,0.055
219.8765900254404,0.049999997
219.8766380262084,0.055
219.87668602697642,0.049999997
219.87673402774442,0.049999997
219.87678202851245,0.055
219.87683002928046,0.055
219.87687803004846,0.049999997
219.8769260308165,0.06
219.8769740315845,0.049999997
219.8770220323525,0.049999997
219.8770700331205,0.055
219.87711803388854,0.055
219.87716603465654,0.055
219.87721403542454,0.049999997
219.87726203619258,0.055
219.87731003696058,0.055
219.87735803772858,0.055
219.87740603849662,0.055
219.87745403926462,0.055
219.87750204003262,0.055
219.87755004080063,0.055
219.87759804156866,0.049999997
219.87764604233666,0.049999997
219.87769404310467,0.06
219.8777420438727,0.055
219.8777900446407,0.049999997
219.8778380454087,0.044999998
219.8778860461767,0.055
219.87793404694474,0.049999997
219.87798204771275,0.055
219.87803004848075,0.049999997
219.87807804924878,0.055
219.8781260500168,0.049999997
219.8781740507848,0.06
219.87822205155283,0.055
219.87827005232083,0.055
219.87831805308883,0.06
219.87836605385684,0.049999997
219.87841405462487,0.055
219.87846205539287,0.055
219.87851005616088,0.055
219.8785580569289,0.06
219.8786060576969,0.055
219.87865405846492,0.055
219.87870205923292,0.055
219.87875006000095,0.055
219.87879806076896,0.055
219.87884606153696,0.049999997
219.878894062305,0.055
219.878942063073,0.055
219.878990063841,0.055
219.87903806460903,0.055
219.87908606537704,0.049999997
219.87913406614504,0.049999997
219.87918206691305,0.055
219.87923006768108,0.055
219.87927806844908,0.055
219.8793260692171,0.055
219.87937406998512,0.055
219.87942207075312,0.055
219.87947007152113,0.049999997
219.87951807228913,0.049999997
219.87956607305716,0.049999997
219.87961407382517,0.049999997
219.87966207459317,0.055
219.8797100753612,0.049999997
219.8797580761292,0.065
219.8798060768972,0.055
219.87985407766524,0.055
219.87990207843325,0.055
219.87995007920125,0.055
219.87999807996925,0.055
219.8800460807373,0.055
219.8800940815053,0.049999997
219.8801420822733,0.055
219.88019008304133,0.055
219.88023808380933,0.055
219.88028608457734,0.049999997
219.88033408534534,0.06
219.88038208611337,0.055
219.88043008688138,0.055
219.88047808764938,0.055
219.8805260884174,0.055
219.88057408918542,0.049999997
219.88062208995342,0.055
219.88067009072145,0.055
219.88071809148946,0.055
219.88076609225746,0.055
219.88081409302546,0.055
219.8808620937935,0.055
219.8809100945615,0.049999997
219.8809580953295,0.055
219.88100609609754,0.055
219.88105409686554,0.055
219.88110209763354,0.055
219.88115009840155,0.055
219.88119809916958,0.055
219.88124609993758,0.055
219.8812941007056,0.049999997
219.88134210147362,0.055
219.88139010224162,0.049999997
219.88143810300963,0.055
219.88148610377766,0.044999998
219.88153410454566,0.049999997
219.88158210531367,0.055
219.88163010608167,0.049999997
219.8816781068497,0.049999997
219.8817261076177,0.049999997
219.8817741083857,0.055
219.88182210915375,0.049999997
219.88187010992175,0.049999997
219.88191811068975,0.06
219.88196611145776,0.055
219.8820141122258,0.055
219.8820621129938,0.049999997
219.8821101137618,0.055
219.88215811452983,0.049999997
219.88220611529783,0.06
219.88225411606584,0.055
219.88230211683387,0.055
219.88235011760187,0.06
219.88239811836988,0.049999997
219.88244611913788,0.055
219.8824941199059,0.049999997
219.88254212067392,0.049999997
219.88259012144192,0.055
219.88263812220995,0.055
219.88268612297796,0.055
219.88273412374596,0.06
219.88278212451397,0.055
219.882830125282,0.055
219.88287812605,0.06
219.882926126818,0.049999997
219.88297412758604,0.055
219.88302212835404,0.055
219.88307012912205,0.055
219.88311812989008,0.049999997
219.88316613065808,0.055
219.8832141314261,0.055
219.8832621321941,0.06
219.88331013296212,0.055
219.88335813373013,0.055
219.88340613449813,0.055
219.88345413526616,0.06
219.88350213603417,0.055
219.88355013680217,0.055
219.88359813757017,0.055
219.8836461383382,0.055
219.8836941391062,0.049999997
219.88374213987422,0.049999997
219.88379014064225,0.055
219.88383814141025,0.049999997
219.88388614217826,0.055
219.8839341429463,0.055
219.8839821437143,0.055
219.8840301444823,0.044999998
219.8840781452503,0.049999997
219.88412614601833,0.055
219.88417414678634,0.055
219.88422214755434,0.055
219.88427014832237,0.049999997
219.88431814909038,0.055
219.88436614985838,0.055
219.88441415062638,0.055
219.88446215139442,0.049999997
219.88451015216242,0.049999997
219.88455815293042,0.055
219.88460615369846,0.049999997
219.88465415446646,0.049999997
219.88470215523446,0.049999997
219.8847501560025,0.055
219.8847981567705,0.055
219.8848461575385,0.055
219.8848941583065,0.055
219.88494215907454,0.049999997
219.88499015984254,0.055
219.88503816061055,0.049999997
219.88508616137858,0.049999997
219.88513416214658,0.055
219.8851821629146,0.06
219.8852301636826,0.049999997
219.88527816445063,0.055
219.88532616521863,0.049999997
219.88537416598663,0.049999997
219.88542216675467,0.055
219.88547016752267,0.049999997
219.88551816829067,0.049999997
219.8855661690587,0.049999997
219.8856141698267,0.06
219.8856621705947,0.055
219.88571017136272,0.06
219.88575817213075,0.055
219.88580617289875,0.055
219.88585417366676,0.055
219.8859021744348,0.049999997
219.8859501752028,0.055
219.8859981759708,0.055
219.8860461767388,0.06
219.88609417750683,0.055
219.88614217827484,0.049999997
219.88619017904284,0.049999997
219.88623817981087,0.055
219.88628618057888,0.049999997
219.88633418134688,0.055
219.88638218211491,0.055
219.88643018288292,0.055
219.88647818365092,0.055
219.88652618441893,0.049999997
219.88657418518696,0.055
219.88662218595496,0.055
219.88667018672297,0.055
219.886718187491,0.049999997
219.886766188259,0.06
219.886814189027,0.06
219.886862189795,0.049999997
219.88691019056304,0.049999997
219.88695819133105,0.055
219.88700619209905,0.049999997
219.88705419286708,0.055
219.8871021936351,0.049999997
219.8871501944031,0.055
219.8871981951711,0.055
219.88724619593913,0.055
219.88729419670713,0.055
219.88734219747514,0.049999997
219.88739019824317,0.055
219.88743819901117,0.055
219.88748619977918,0.049999997
219.8875342005472,0.055
219.8875822013152,0.055
219.88763020208322,0.055
219.88767820285122,0.055
219.88772620361925,0.049999997
219.88777420438726,0.055
219.88782220515526,0.049999997
219.8878702059233,0.049999997
219.8879182066913,0.055
219.8879662074593,0.055
219.8880142082273,0.055
219.88806220899534,0.049999997
219.88811020976334,0.049999997
219.88815821053134,0.06
219.88820621129938,0.055
219.88825421206738,0.055
219.88830221283538,0.049999997
219.88835021360342,0.049999997
219.88839821437142,0.049999997
219.88844621513942,0.055
219.88849421590743,0.055
219.88854221667546,0.06
219.88859021744346,0.055
219.88863821821147,0.06
219.8886862189795,0.055
219.8887342197475,0.049999997
219.8887822205155,0.055
219.8888302212835,0.055
219.88887822205155,0.055
219.88892622281955,0.055
219.88897422358755,0.055
219.88902222435559,0.06
219.8890702251236,0.055
219.8891182258916,0.049999997
219.88916622665963,0.055
219.88921422742763,0.055
219.88926222819563,0.055
219.88931022896364,0.06
219.88935822973167,0.055
219.88940623049967,0.06
219.88945423126768,0.06
219.8895022320357,0.055
219.8895502328037,0.049999997
219.88959823357172,0.055
219.88964623433972,0.049999997
219.88969423510775,0.049999997
219.88974223587576,0.049999997
219.88979023664376,0.049999997
219.8898382374118,0.055
219.8898862381798,0.055
219.8899342389478,0.065
219.88998223971583,0.055
219.89003024048384,0.06
219.89007824125184,0.06
219.89012624201985,0.06
219.89017424278788,0.055
219.89022224355588,0.055
219.8902702443239,0.055
219.89031824509192,0.055
219.89036624585992,0.055
219.89041424662793,0.055
219.89046224739593,0.055
219.89051024816396,0.049999997
219.89055824893197,0.055
219.89060624969997,0.06
219.890654250468,0.06
219.890702251236,0.055
219.890750252004,0.055
219.89079825277204,0.055
219.89084625354005,0.055
219.89089425430805,0.055
219.89094225507606,0.055
219.8909902558441,0.049999997
219.8910382566121,0.055
219.8910862573801,0.055
219.89113425814813,0.049999997
219.89118225891613,0.055
219.89123025968414,0.055
219.89127826045214,0.049999997
219.89132626122017,0.049999997
219.89137426198818,0.055
219.89142226275618,0.049999997
219.8914702635242,0.055
219.89151826429222,0.055
219.89156626506022,0.055
219.89161426582825,0.049999997
219.89166226659626,0.049999997
219.89171026736426,0.055
219.89175826813226,0.055
219.8918062689003,0.055
219.8918542696683,0.049999997
219.8919022704363,0.055
219.89195027120434,0.06
219.89199827197234,0.055
219.89204627274034,0.049999997
219.89209427350835,0.055
219.89214227427638,0.049999997
219.89219027504438,0.049999997
219.8922382758124,0.049999997
219.89228627658042,0.055
219.89233427734843,0.049999997
219.89238227811643,0.055
219.89243027888446,0.055
219.89247827965247,0.055
219.89252628042047,0.049999997
219.89257428118847,0.055
219.8926222819565,0.055
219.8926702827245,0.055
219.8927182834925,0.055
219.89276628426055,0.049999997
219.89281428502855,0.055
219.89286228579655,0.055
219.89291028656456,0.055
219.8929582873326,0.049999997
219.8930062881006,0.055
219.8930542888686,0.055
219.89310228963663,0.055
219.89315029040463,0.055
219.89319829117264,0.049999997
219.89324629194067,0.049999997
219.89329429270867,0.055
219.89334229347668,0.055
219.89339029424468,0.049999997
219.89343829501271,0.055
219.89348629578072,0.055
219.89353429654872,0.049999997
219.89358229731675,0.06
219.89363029808476,0.055
219.89367829885276,0.06
219.89372629962077,0.049999997
219.8937743003888,0.055
219.8938223011568,0.055
219.8938703019248,0.055
219.89391830269284,0.049999997
219.89396630346084,0.049999997
219.89401430422885,0.049999997
219.89406230499688,0.055
219.89411030576488,0.049999997
219.8941583065329,0.049999997
219.8942063073009,0.055
219.89425430806892,0.055
219.89430230883693,0.049999997
219.89435030960493,0.055
219.89439831037296,0.049999997
219.89444631114097,0.049999997
219.89449431190897,0.06
219.89454231267698,0.055
219.894590313445,0.049999997
219.894638314213,0.06
219.89468631498102,0.06
219.89473431574905,0.055
219.89478231651705,0.049999997
219.89483031728506,0.055
219.8948783180531,0.049999997
219.8949263188211,0.049999997
219.8949743195891,0.055
219.8950223203571,0.055
219.89507032112513,0.055
219.89511832189314,0.055
219.89516632266114,0.055
219.89521432342917,0.055
219.89526232419718,0.055
219.89531032496518,0.055
219.89535832573318,0.055
219.89540632650122,0.055
219.89545432726922,0.055
219.89550232803722,0.055
219.89555032880526,0.049999997
219.89559832957326,0.055
219.89564633034126,0.055
219.8956943311093,0.055
219.8957423318773,0.055
219.8957903326453,0.055
219.8958383334133,0.049999997
219.89588633418134,0.055
219.89593433494935,0.055
219.89598233571735,0.06
219.89603033648538,0.049999997
219.89607833725339,0.055
219.8961263380214,0.049999997
219.8961743387894,0.055
219.89622233955743,0.055
219.89627034032543,0.06
219.89631834109343,0.055
219.89636634186147,0.049999997
219.89641434262947,0.049999997
219.89646234339747,0.055
219.8965103441655,0.055
219.8965583449335,0.055
219.8966063457015,0.055
219.89665434646952,0.049999997
219.89670234723755,0.049999997
219.89675034800555,0.055
219.89679834877356,0.044999998
219.8968463495416,0.055
219.8968943503096,0.049999997
219.8969423510776,0.065
219.8969903518456,0.055
219.89703835261363,0.06
219.89708635338164,0.049999997
219.89713435414964,0.055
219.89718235491767,0.049999997
219.89723035568568,0.055
219.89727835645368,0.049999997
219.89732635722171,0.055
219.89737435798972,0.06
219.89742235875772,0.049999997
219.89747035952573,0.049999997
219.89751836029376,0.055
219.89756636106176,0.049999997
219.89761436182977,0.055
219.8976623625978,0.055
219.8977103633658,0.055
219.8977583641338,0.055
219.8978063649018,0.049999997
219.89785436566984,0.055
219.89790236643785,0.055
219.89795036720585,0.055
219.89799836797388,0.055
219.8980463687419,0.055
219.8980943695099,0.049999997
219.89814237027792,0.055
219.89819037104593,0.055
219.89823837181393,0.055
219.89828637258194,0.055
219.89833437334997,0.049999997
219.89838237411797,0.055
219.89843037488598,0.055
219.898478375654,0.049999997
219.898526376422,0.055
219.89857437719002,0.055
219.89862237795802,0.06
219.89867037872605,0.049999997
219.89871837949406,0.055
219.89876638026206,0.055
219.8988143810301,0.055
219.8988623817981,0.055
219.8989103825661,0.055
219.89895838333413,0.055
219.89900638410214,0.049999997
219.89905438487014,0.055
219.89910238563814,0.055
219.89915038640618,0.06
219.89919838717418,0.049999997
219.89924638794218,0.055
219.89929438871022,0.049999997
219.89934238947822,0.049999997
219.89939039024623,0.055
219.89943839101423,0.055
219.89948639178226,0.049999997
219.89953439255027,0.049999997
219.89958239331827,0.055
219.8996303940863,0.049999997
219.8996783948543,0.049999997
219.8997263956223,0.049999997
219.89977439639034,0.055
219.89982239715835,0.049999997
219.89987039792635,0.055
219.89991839869435,0.049999997
219.8999663994624,0.06
219.9000144002304,0.055
219.9000624009984,0.055
219.90011040176643,0.049999997
219.90015840253443,0.06
219.90020640330243,0.049999997
219.90025440407044,0.055
219.90030240483847,0.055
219.90035040560647,0.055
219.90039840637448,0.055
219.9004464071425,0.06
219.90049440791051,0.049999997
219.90054240867852,0.055
219.90059040944655,0.049999997
219.90063841021455,0.06
219.90068641098256,0.055
219.90073441175056,0.065
219.9007824125186,0.055
219.9008304132866,0.055
219.9008784140546,0.055
219.90092641482264,0.049999997
219.90097441559064,0.049999997
219.90102241635864,0.06
219.90107041712665,0.055
219.90111841789468,0.049999997
219.90116641866268,0.055
219.9012144194307,0.055
219.90126242019872,0.049999997
219.90131042096672,0.049999997
219.90135842173473,0.055
219.90140642250276,0.055
219.90145442327076,0.049999997
219.90150242403877,0.055
219.90155042480677,0.049999997
219.9015984255748,0.055
219.9016464263428,0.055
219.9016944271108,0.06
219.90174242787884,0.049999997
219.90179042864685,0.055
219.90183842941485,0.049999997
219.90188643018286,0.055
219.9019344309509,0.06
219.9019824317189,0.049999997
219.9020304324869,0.055
219.90207843325493,0.055
219.90212643402293,0.06
219.90217443479094,0.055
219.90222243555897,0.055
219.90227043632697,0.055
219.90231843709498,0.06
219.90236643786298,0.055
219.902414438631,0.055
219.90246243939902,0.049999997
219.90251044016702,0.049999997
219.90255844093505,0.055
219.90260644170306,0.055
219.90265444247106,0.055
219.90270244323906,0.055
219.9027504440071,0.055
219.9027984447751,0.049999997
219.9028464455431,0.049999997
219.90289444631114,0.055
219.90294244707914,0.055
219.90299044784715,0.055
219.90303844861518,0.049999997
219.90308644938318,0.055
219.90313445015119,0.055
219.9031824509192,0.055
219.90323045168722,0.049999997
219.90327845245523,0.055
219.90332645322323,0.055
219.90337445399126,0.055
219.90342245475927,0.055
219.90347045552727,0.049999997
219.90351845629527,0.049999997
219.9035664570633,0.055
219.9036144578313,0.049999997
219.9036624585993,0.049999997
219.90371045936735,0.049999997
219.90375846013535,0.055
219.90380646090335,0.055
219.9038544616714,0.055
219.9039024624394,0.055
219.9039504632074,0.06
219.9039984639754,0.055
219.90404646474343,0.065
219.90409446551143,0.055
219.90414246627944,0.055
219.90419046704747,0.06
219.90423846781547,0.049999997
219.90428646858348,0.049999997
219.90433446935148,0.055
219.90438247011951,0.049999997
219.90443047088752,0.055
219.90447847165552,0.055
219.90452647242356,0.06
219.90457447319156,0.055
219.90462247395956,0.055
219.9046704747276,0.055
219.9047184754956,0.055
219.9047664762636,0.055
219.9048144770316,0.049999997
219.90486247779964,0.055
219.90491047856764,0.055
219.90495847933565,0.055
219.90500648010368,0.049999997
219.90505448087168,0.049999997
219.9051024816397,0.055
219.9051504824077,0.055
219.90519848317572,0.06
219.90524648394373,0.055
219.90529448471173,0.06
219.90534248547976,0.049999997
219.90539048624777,0.049999997
219.90543848701577,0.06
219.9054864877838,0.049999997
219.9055344885518,0.055
219.9055824893198,0.055
219.90563049008782,0.06
219.90567849085585,0.06
219.90572649162385,0.06
219.90577449239186,0.055
219.9058224931599,0.055
219.9058704939279,0.049999997
219.9059184946959,0.044999998
219.9059664954639,0.049999997
219.90601449623193,0.049999997
219.90606249699994,0.055
219.90611049776794,0.06
219.90615849853597,0.055
219.90620649930398,0.055
219.90625450007198,0.055
219.90630250084,0.049999997
219.90635050160802,0.049999997
219.90639850237602,0.055
219.90644650314402,0.055
219.90649450391206,0.055
219.90654250468006,0.055
219.90659050544807,0.055
219.9066385062161,0.049999997
219.9066865069841,0.055
219.9067345077521,0.049999997
219.9067825085201,0.055
219.90683050928814,0.06
219.90687851005615,0.049999997
219.90692651082415,0.055
219.90697451159218,0.055
219.9070225123602,0.049999997
219.9070705131282,0.055
219.90711851389622,0.049999997
219.90716651466423,0.06
219.90721451543223,0.055
219.90726251620023,0.049999997
219.90731051696827,0.049999997
219.90735851773627,0.055
219.90740651850427,0.044999998
219.9074545192723,0.06
219.9075025200403,0.06
219.90755052080831,0.06
219.90759852157632,0.055
219.90764652234435,0.055
219.90769452311235,0.055
219.90774252388036,0.055
219.9077905246484,0.049999997
219.9078385254164,0.055
219.9078865261844,0.055
219.90793452695243,0.06
219.90798252772043,0.055
219.90803052848844,0.055
219.90807852925644,0.055
219.90812653002448,0.049999997
219.90817453079248,0.049999997
219.90822253156048,0.055
219.90827053232852,0.055
219.90831853309652,0.055
219.90836653386452,0.055
219.90841453463253,0.055
219.90846253540056,0.055
219.90851053616856,0.049999997
219.90855853693657,0.055
219.9086065377046,0.055
219.9086545384726,0.06
219.9087025392406,0.049999997
219.90875054000864,0.055
219.90879854077664,0.049999997
219.90884654154465,0.055
219.90889454231265,0.055
219.90894254308068,0.055
219.9089905438487,0.055
219.9090385446167,0.055
219.90908654538472,0.055
219.90913454615273,0.055
219.90918254692073,0.049999997
219.90923054768874,0.055
219.90927854845677,0.049999997
219.90932654922477,0.055
219.90937454999278,0.055
219.9094225507608,0.055
219.9094705515288,0.049999997
219.90951855229682,0.055
219.90956655306485,0.06
219.90961455383285,0.055
219.90966255460086,0.055
219.90971055536886,0.06
219.9097585561369,0.055
219.9098065569049,0.055
219.9098545576729,0.06
219.90990255844093,0.055
219.90995055920894,0.055
219.90999855997694,0.055
219.91004656074495,0.055
219.91009456151298,0.049999997
219.91014256228098,0.06
219.91019056304899,0.049999997
219.91023856381702,0.049999997
219.91028656458502,0.055
219.91033456535303,0.055
219.91038256612106,0.055
219.91043056688906,0.049999997
219.91047856765707,0.049999997
219.91052656842507,0.049999997
219.9105745691931,0.06
219.9106225699611,0.055
219.9106705707291,0.049999997
219.91071857149714,0.044999998
219.91076657226515,0.06
219.91081457303315,0.049999997
219.91086257380115,0.055
219.9109105745692,0.055
219.9109585753372,0.055
219.9110065761052,0.055
219.91105457687323,0.055
219.91110257764123,0.049999997
219.91115057840923,0.055
219.91119857917727,0.055
219.91124657994527,0.055
219.91129458071327,0.055
219.91134258148128,0.055
219.9113905822493,0.049999997
219.91143858301731,0.055
219.91148658378532,0.055
219.91153458455335,0.055
219.91158258532136,0.049999997
219.91163058608936,0.06
219.91167858685736,0.049999997
219.9117265876254,0.055
219.9117745883934,0.049999997
219.9118225891614,0.055
219.91187058992944,0.049999997
219.91191859069744,0.065
219.91196659146544,0.055
219.91201459223348,0.06
219.91206259300148,0.055
219.91211059376948,0.049999997
219.9121585945375,0.049999997
219.91220659530552,0.049999997
219.91225459607352,0.06
219.91230259684153,0.049999997
219.91235059760956,0.055
219.91239859837756,0.049999997
219.91244659914557,0.049999997
219.91249459991357,0.055
219.9125426006816,0.055
219.9125906014496,0.055
219.9126386022176,0.055
219.91268660298564,0.055
219.91273460375365,0.049999997
219.91278260452165,0.055
219.91283060528968,0.055
219.9128786060577,0.055
219.9129266068257,0.055
219.9129746075937,0.055
219.91302260836173,0.055
219.91307060912973,0.055
219.91311860989774,0.055
219.91316661066577,0.049999997
219.91321461143377,0.055
219.91326261220178,0.055
219.91331061296978,0.055
219.9133586137378,0.055
219.91340661450582,0.055
219.91345461527382,0.055
219.91350261604185,0.055
219.91355061680986,0.055
219.91359861757786,0.055
219.9136466183459,0.055
219.9136946191139,0.049999997
219.9137426198819,0.055
219.9137906206499,0.055
219.91383862141794,0.049999997
219.91388662218594,0.055
219.91393462295395,0.049999997
219.91398262372198,0.06
219.91403062448998,0.049999997
219.91407862525799,0.055
219.914126626026,0.049999997
219.91417462679402,0.055
219.91422262756203,0.049999997
219.91427062833003,0.055
219.91431862909806,0.055
219.91436662986607,0.055
219.91441463063407,0.049999997
219.9144626314021,0.049999997
219.9145106321701,0.055
219.9145586329381,0.049999997
219.91460663370611,0.049999997
219.91465463447415,0.055
219.91470263524215,0.055
219.91475063601015,0.055
219.9147986367782,0.049999997
219.9148466375462,0.049999997
219.9148946383142,0.055
219.9149426390822,0.055
219.91499063985023,0.055
219.91503864061823,0.055
219.91508664138624,0.055
219.91513464215427,0.055
219.91518264292228,0.055
219.91523064369028,0.049999997
219.9152786444583,0.049999997
219.91532664522632,0.049999997
219.91537464599432,0.055
219.91542264676232,0.055
219.91547064753036,0.06
219.91551864829836,0.06
219.91556664906636,0.06
219.9156146498344,0.055
219.9156626506024,0.065
219.9157106513704,0.055
219.9157586521384,0.049999997
219.91580665290644,0.049999997
219.91585465367444,0.055
219.91590265444245,0.055
219.91595065521048,0.055
219.91599865597848,0.055
219.9160466567465,0.044999998
219.91609465751452,0.044999998
219.91614265828252,0.049999997
219.91619065905053,0.04
219.91623865981853,0.06
219.91628666058656,0.06
219.91633466135457,0.049999997
219.91638266212257,0.055
219.9164306628906,0.049999997
219.9164786636586,0.055
219.9165266644266,0.055
219.91657466519462,0.049999997
219.91662266596265,0.049999997
219.91667066673065,0.055
219.91671866749866,0.049999997
219.9167666682667,0.049999997
219.9168146690347,0.055
219.9168626698027,0.055
219.91691067057073,0.049999997
219.91695867133873,0.055
219.91700667210674,0.049999997
219.91705467287474,0.055
219.91710267364277,0.049999997
219.91715067441078,0.06
219.91719867517878,0.049999997
219.9172466759468,0.055
219.91729467671482,0.049999997
219.91734267748282,0.065
219.91739067825083,0.049999997
219.91743867901886,0.06
219.91748667978686,0.055
219.91753468055487,0.055
219.9175826813229,0.06
219.9176306820909,0.06
219.9176786828589,0.055
219.91772668362694,0.06
219.91777468439494,0.055
219.91782268516295,0.06
219.91787068593095,0.055
219.91791868669898,0.065
219.917966687467,0.049999997
219.918014688235,0.049999997
219.91806268900302,0.055
219.91811068977103,0.055
219.91815869053903,0.055
219.91820669130703,0.049999997
219.91825469207507,0.055
219.91830269284307,0.049999997
219.91835069361107,0.049999997
219.9183986943791,0.049999997
219.9184466951471,0.055
219.91849469591511,0.055
219.91854269668315,0.055
219.91859069745115,0.06
219.91863869821916,0.049999997
219.91868669898716,0.06
219.9187346997552,0.055
219.9187827005232,0.06
219.9188307012912,0.049999997
219.91887870205923,0.055
219.91892670282724,0.055
219.91897470359524,0.055
219.91902270436324,0.055
219.91907070513128,0.06
219.91911870589928,0.055
219.91916670666728,0.055
219.91921470743532,0.055
219.91926270820332,0.055
219.91931070897132,0.055
219.91935870973936,0.055
219.91940671050736,0.055
219.91945471127536,0.049999997
219.91950271204337,0.055
219.9195507128114,0.049999997
219.9195987135794,0.055
219.9196467143474,0.049999997
219.91969471511544,0.06
219.91974271588344,0.055
219.91979071665145,0.055
219.91983871741945,0.049999997
219.91988671818748,0.055
219.9199347189555,0.055
219.9199827197235,0.06
219.92003072049152,0.049999997
219.92007872125953,0.049999997
219.92012672202753,0.055
219.92017472279557,0.049999997
219.92022272356357,0.055
219.92027072433157,0.055
219.92031872509958,0.055
219.9203667258676,0.055
219.9204147266356,0.055
219.92046272740362,0.049999997
219.92051072817165,0.055
219.92055872893965,0.055
219.92060672970766,0.049999997
219.92065473047566,0.055
219.9207027312437,0.06
219.9207507320117,0.055
219.9207987327797,0.049999997
219.92084673354773,0.055
219.92089473431574,0.055
219.92094273508374,0.055
219.92099073585177,0.055
219.92103873661978,0.055
219.92108673738778,0.055
219.92113473815579,0.055
219.92118273892382,0.06
219.92123073969182,0.049999997
219.92127874045983,0.055
219.92132674122786,0.049999997
219.92137474199586,0.049999997
219.92142274276387,0.049999997
219.92147074353187,0.049999997
219.9215187442999,0.06
219.9215667450679,0.049999997
219.9216147458359,0.055
219.92166274660394,0.049999997
219.92171074737195,0.06
219.92175874813995,0.06
219.92180674890798,0.06
219.921854749676,0.055
219.921902750444,0.055
219.921950751212,0.06
219.92199875198003,0.049999997
219.92204675274803,0.055
219.92209475351603,0.06
219.92214275428407,0.055
219.92219075505207,0.055
219.92223875582008,0.055
219.92228675658808,0.055
219.9223347573561,0.055
219.92238275812412,0.055
219.92243075889212,0.055
219.92247875966015,0.055
219.92252676042816,0.06
219.92257476119616,0.049999997
219.9226227619642,0.055
219.9226707627322,0.049999997
219.9227187635002,0.049999997
219.9227667642682,0.055
219.92281476503624,0.055
219.92286276580424,0.055
219.92291076657224,0.055
219.92295876734028,0.06
219.92300676810828,0.049999997
219.92305476887628,0.055
219.9231027696443,0.06
219.92315077041232,0.055
219.92319877118032,0.049999997
219.92324677194833,0.055
219.92329477271636,0.049999997
219.92334277348436,0.049999997
219.92339077425237,0.049999997
219.9234387750204,0.049999997
219.9234867757884,0.055
219.9235347765564,0.049999997
219.9235827773244,0.055
219.92363077809244,0.049999997
219.92367877886045,0.06
219.92372677962845,0.055
219.92377478039649,0.049999997
219.9238227811645,0.055
219.9238707819325,0.049999997
219.9239187827005,0.049999997
219.92396678346853,0.06
219.92401478423653,0.055
219.92406278500454,0.06
219.92411078577257,0.049999997
219.92415878654057,0.055
219.92420678730858,0.06
219.9242547880766,0.055
219.9243027888446,0.055
219.92435078961262,0.049999997
219.92439879038062,0.055
219.92444679114865,0.049999997
219.92449479191666,0.055
219.92454279268466,0.055
219.9245907934527,0.06
219.9246387942207,0.049999997
219.9246867949887,0.055
219.9247347957567,0.06
219.92478279652474,0.055
219.92483079729274,0.049999997
219.92487879806075,0.055
219.92492679882878,0.055
219.92497479959678,0.055
219.9250228003648,0.049999997
219.92507080113282,0.049999997
219.92511880190082,0.055
219.92516680266883,0.055
219.92521480343683,0.049999997
219.92526280420486,0.055
219.92531080497287,0.055
219.92535880574087,0.055
219.9254068065089,0.055
219.9254548072769,0.055
219.9255028080449,0.06
219.92555080881291,0.049999997
219.92559880958095,0.055
219.92564681034895,0.055
219.92569481111695,0.049999997
219.925742811885,0.049999997
219.925790812653,0.055
219.925838813421,0.055
219.92588681418903,0.049999997
219.92593481495703,0.06
219.92598281572504,0.055
219.92603081649304,0.055
219.92607881726107,0.049999997
219.92612681802908,0.049999997
219.92617481879708,0.055
219.9262228195651,0.049999997
219.92627082033312,0.055
219.92631882110112,0.055
219.92636682186912,0.049999997
219.92641482263716,0.049999997
219.92646282340516,0.049999997
219.92651082417316,0.055
219.9265588249412,0.049999997
219.9266068257092,0.049999997
219.9266548264772,0.055
219.92670282724524,0.049999997
219.92675082801324,0.055
219.92679882878124,0.055
219.92684682954925,0.055
219.92689483031728,0.055
219.92694283108528,0.06
219.9269908318533,0.055
219.92703883262132,0.06
219.92708683338932,0.055
219.92713483415733,0.065
219.92718283492533,0.06
219.92723083569336,0.06
219.92727883646137,0.055
219.92732683722937,0.049999997
219.9273748379974,0.055
219.9274228387654,0.049999997
219.9274708395334,0.055
219.92751884030145,0.055
219.92756684106945,0.055
219.92761484183745,0.049999997
219.92766284260546,0.055
219.9277108433735,0.055
219.9277588441415,0.049999997
219.9278068449095,0.055
219.92785484567753,0.049999997
219.92790284644553,0.055
219.92795084721354,0.049999997
219.92799884798154,0.06
219.92804684874957,0.055
219.92809484951758,0.055
219.92814285028558,0.055
219.9281908510536,0.06
219.92823885182162,0.06
219.92828685258962,0.06
219.92833485335765,0.06
219.92838285412566,0.06
219.92843085489366,0.055
219.92847885566167,0.055
219.9285268564297,0.049999997
219.9285748571977,0.049999997
219.9286228579657,0.055
219.92867085873374,0.055
219.92871885950174,0.055
219.92876686026975,0.06
219.92881486103775,0.06
219.92886286180578,0.055
219.9289108625738,0.04
219.9289588633418,0.049999997
219.92900686410982,0.055
219.92905486487783,0.06
219.92910286564583,0.049999997
219.92915086641386,0.055
219.92919886718187,0.06
219.92924686794987,0.044999998
219.92929486871788,0.055
219.9293428694859,0.049999997
219.9293908702539,0.044999998
219.92943887102192,0.049999997
219.92948687178995,0.065
219.92953487255795,0.055
219.92958287332596,0.055
219.92963087409396,0.055
219.929678874862,0.049999997
219.92972687563,0.049999997
219.929774876398,0.055
219.92982287716603,0.049999997
219.92987087793404,0.049999997
219.92991887870204,0.055
219.92996687947007,0.049999997
219.93001488023808,0.049999997
219.93006288100608,0.055
219.93011088177408,0.049999997
219.93015888254212,0.049999997
219.93020688331012,0.055
219.93025488407812,0.049999997
219.93030288484616,0.055
219.93035088561416,0.049999997
219.93039888638216,0.06
219.93044688715017,0.055
219.9304948879182,0.06
219.9305428886862,0.06
219.9305908894542,0.065
219.93063889022224,0.055
219.93068689099024,0.055
219.93073489175825,0.055
219.93078289252625,0.06
219.93083089329429,0.055
219.9308788940623,0.049999997
219.9309268948303,0.049999997
219.93097489559833,0.055
219.93102289636633,0.055
219.93107089713433,0.06
219.93111889790237,0.055
219.93116689867037,0.055
219.93121489943837,0.055
219.93126290020638,0.055
219.9313109009744,0.055
219.9313589017424,0.055
219.93140690251042,0.06
219.93145490327845,0.055
219.93150290404645,0.049999997
219.93155090481446,0.049999997
219.93159890558246,0.049999997
219.9316469063505,0.049999997
219.9316949071185,0.055
219.9317429078865,0.055
219.93179090865453,0.049999997
219.93183890942254,0.049999997
219.93188691019054,0.049999997
219.93193491095857,0.049999997
219.93198291172658,0.055
219.93203091249458,0.049999997
219.9320789132626,0.055
219.93212691403062,0.049999997
219.93217491479862,0.055
219.93222291556663,0.049999997
219.93227091633466,0.055
219.93231891710266,0.055
219.93236691787067,0.055
219.93241491863867,0.055
219.9324629194067,0.06
219.9325109201747,0.055
219.9325589209427,0.055
219.93260692171074,0.049999997
219.93265492247875,0.055
219.93270292324675,0.049999997
219.93275092401478,0.049999997
219.9327989247828,0.055
219.9328469255508,0.049999997
219.9328949263188,0.049999997
219.93294292708683,0.049999997
219.93299092785483,0.055
219.93303892862284,0.049999997
219.93308692939087,0.055
219.93313493015887,0.049999997
219.93318293092688,0.049999997
219.93323093169488,0.055
219.9332789324629,0.049999997
219.93332693323092,0.055
219.93337493399892,0.049999997
219.93342293476695,0.055
219.93347093553496,0.049999997
219.93351893630296,0.055
219.933566937071,0.049999997
219.933614937839,0.06
219.933662938607,0.055
219.933710939375,0.06
219.93375894014304,0.055
219.93380694091104,0.049999997
219.93385494167904,0.055
219.93390294244708,0.049999997
219.93395094321508,0.055
219.93399894398308,0.055
219.9340469447511,0.049999997
219.93409494551912,0.055
219.93414294628712,0.055
219.93419094705513,0.055
219.93423894782316,0.055
219.93428694859116,0.06
219.93433494935917,0.055
219.9343829501272,0.055
219.9344309508952,0.049999997
219.9344789516632,0.06
219.9345269524312,0.055
219.93457495319925,0.055
219.93462295396725,0.055
219.93467095473525,0.06
219.93471895550329,0.049999997
219.9347669562713,0.055
219.9348149570393,0.055
219.9348629578073,0.055
219.93491095857533,0.044999998
219.93495895934333,0.055
219.93500696011134,0.055
219.93505496087937,0.055
219.93510296164737,0.055
219.93515096241538,0.055
219.9351989631834,0.049999997
219.9352469639514,0.06
219.93529496471942,0.06
219.93534296548742,0.055
219.93539096625545,0.055
219.93543896702346,0.055
219.93548696779146,0.055
219.9355349685595,0.049999997
219.9355829693275,0.06
219.9356309700955,0.055
219.9356789708635,0.055
219.93572697163154,0.055
219.93577497239954,0.055
219.93582297316755,0.055
219.93587097393558,0.055
219.93591897470358,0.049999997
219.9359669754716,0.049999997
219.93601497623962,0.055
219.93606297700762,0.049999997
219.93611097777563,0.049999997
219.93615897854363,0.055
219.93620697931166,0.055
219.93625498007967,0.055
219.93630298084767,0.055
219.9363509816157,0.055
219.9363989823837,0.049999997
219.9364469831517,0.055
219.93649498391972,0.055
219.93654298468775,0.055
219.93659098545575,0.06
219.93663898622376,0.06
219.9366869869918,0.049999997
219.9367349877598,0.055
219.9367829885278,0.055
219.93683098929583,0.055
219.93687899006383,0.055
219.93692699083184,0.049999997
219.93697499159984,0.049999997
219.93702299236787,0.06
219.93707099313588,0.055
219.93711899390388,0.055
219.9371669946719,0.055
219.93721499543992,0.055
219.93726299620792,0.06
219.93731099697592,0.049999997
219.93735899774396,0.055
219.93740699851196,0.049999997
219.93745499927996,0.055
219.937503000048,0.06
219.937551000816,0.055
219.937599001584,0.055
219.93764700235204,0.065
219.93769500312004,0.06
219.93774300388804,0.055
219.93779100465605,0.06
219.93783900542408,0.055
219.93788700619208,0.049999997
219.9379350069601,0.055
219.93798300772812,0.06
219.93803100849613,0.055
219.93807900926413,0.06
219.93812701003213,0.06
219.93817501080017,0.049999997
219.93822301156817,0.055
219.93827101233617,0.055
219.9383190131042,0.055
219.9383670138722,0.055
219.9384150146402,0.055
219.93846301540825,0.055
219.93851101617625,0.055
219.93855901694425,0.049999997
219.93860701771226,0.055
219.9386550184803,0.055
219.9387030192483,0.06
219.9387510200163,0.044999998
219.93879902078433,0.055
219.93884702155233,0.055
219.93889502232034,0.049999997
219.93894302308834,0.049999997
219.93899102385637,0.049999997
219.93903902462438,0.055
219.93908702539238,0.055
219.93913502616041,0.049999997
219.93918302692842,0.055
219.93923102769642,0.055
219.93927902846445,0.055
219.93932702923246,0.055
219.93937503000046,0.055
219.93942303076847,0.049999997
219.9394710315365,0.049999997
219.9395190323045,0.049999997
219.9395670330725,0.055
219.93961503384054,0.049999997
219.93966303460854,0.06
219.93971103537655,0.055
219.93975903614455,0.06
219.93980703691258,0.055
219.9398550376806,0.065
219.9399030384486,0.06
219.93995103921662,0.06
219.93999903998463,0.055
219.94004704075263,0.055
219.94009504152066,0.049999997
219.94014304228867,0.055
219.94019104305667,0.055
219.94023904382468,0.055
219.9402870445927,0.055
219.9403350453607,0.055
219.94038304612872,0.049999997
219.94043104689675,0.055
219.94047904766475,0.055
219.94052704843276,0.055
219.94057504920076,0.06
219.9406230499688,0.049999997
219.9406710507368,0.055
219.9407190515048,0.06
219.94076705227283,0.049999997
219.94081505304084,0.055
219.94086305380884,0.049999997
219.94091105457687,0.049999997
219.94095905534488,0.049999997
219.94100705611288,0.06
219.94105505688088,0.055
219.94110305764892,0.055
219.94115105841692,0.049999997
219.94119905918492,0.049999997
219.94124705995296,0.049999997
219.94129506072096,0.049999997
219.94134306148896,0.049999997
219.94139106225697,0.055
219.941439063025,0.055
219.941487063793,0.049999997
219.941535064561,0.06
219.94158306532904,0.06
219.94163106609705,0.06
219.94167906686505,0.055
219.94172706763308,0.055
219.94177506840109,0.055
219.9418230691691,0.055
219.9418710699371,0.06
219.94191907070513,0.049999997
219.94196707147313,0.055
219.94201507224113,0.055
219.94206307300917,0.06
219.94211107377717,0.055
219.94215907454517,0.049999997
219.94220707531318,0.055
219.9422550760812,0.055
219.9423030768492,0.065
219.94235107761722,0.049999997
219.94239907838525,0.055
219.94244707915325,0.055
219.94249507992126,0.06
219.9425430806893,0.06
219.9425910814573,0.055
219.9426390822253,0.049999997
219.9426870829933,0.055
219.94273508376133,0.055
219.94278308452934,0.049999997
219.94283108529734,0.055
219.94287908606537,0.055
219.94292708683338,0.055
219.94297508760138,0.06
219.9430230883694,0.055
219.94307108913742,0.055
219.94311908990542,0.055
219.94316709067343,0.055
219.94321509144146,0.055
219.94326309220946,0.055
219.94331109297747,0.055
219.9433590937455,0.049999997
219.9434070945135,0.06
219.9434550952815,0.06
219.9435030960495,0.055
219.94355109681754,0.049999997
219.94359909758555,0.055
219.94364709835355,0.044999998
219.94369509912158,0.055
219.9437430998896,0.055
219.9437911006576,0.049999997
219.9438391014256,0.055
219.94388710219363,0.049999997
219.94393510296163,0.055
219.94398310372964,0.055
219.94403110449767,0.06
219.94407910526567,0.049999997
219.94412710603368,0.055
219.9441751068017,0.055
219.9442231075697,0.049999997
219.94427110833772,0.049999997
219.94431910910572,0.055
219.94436710987375,0.06
219.94441511064176,0.049999997
219.94446311140976,0.055
219.9445111121778,0.06
219.9445591129458,0.055
219.9446071137138,0.055
219.9446551144818,0.06
219.94470311524984,0.049999997
219.94475111601784,0.06
219.94479911678584,0.055
219.94484711755388,0.055
219.94489511832188,0.049999997
219.94494311908988,0.06
219.94499111985792,0.049999997
219.94503912062592,0.06
219.94508712139393,0.055
219.94513512216193,0.06
219.94518312292996,0.049999997
219.94523112369797,0.065
219.94527912446597,0.055
219.945327125234,0.044999998
219.945375126002,0.055
219.94542312677,0.044999998
219.945471127538,0.055
219.94551912830605,0.049999997
219.94556712907405,0.06
219.94561512984205,0.055
219.9456631306101,0.06
219.9457111313781,0.055
219.9457591321461,0.049999997
219.94580713291413,0.049999997
219.94585513368213,0.055
219.94590313445013,0.055
219.94595113521814,0.055
219.94599913598617,0.06
219.94604713675417,0.055
219.94609513752218,0.055
219.9461431382902,0.055
219.94619113905821,0.055
219.94623913982622,0.049999997
219.94628714059422,0.055
219.94633514136225,0.049999997
219.94638314213026,0.049999997
219.94643114289826,0.055
219.9464791436663,0.055
219.9465271444343,0.055
219.9465751452023,0.044999998
219.94662314597034,0.049999997
219.94667114673834,0.049999997
219.94671914750634,0.055
219.94676714827435,0.055
219.94681514904238,0.055
219.94686314981038,0.055
219.9469111505784,0.049999997
219.94695915134642,0.055
219.94700715211442,0.055
219.94705515288243,0.049999997
219.94710315365043,0.055
219.94715115441846,0.049999997
219.94719915518647,0.055
219.94724715595447,0.049999997
219.9472951567225,0.049999997
219.9473431574905,0.055
219.9473911582585,0.049999997
219.94743915902654,0.055
219.94748715979455,0.049999997
219.94753516056255,0.06
219.94758316133056,0.049999997
219.9476311620986,0.055
219.9476791628666,0.049999997
219.9477271636346,0.065
219.94777516440263,0.055
219.94782316517063,0.06
219.94787116593864,0.055
219.94791916670664,0.055
219.94796716747467,0.055
219.94801516824268,0.049999997
219.94806316901068,0.055
219.9481111697787,0.055
219.94815917054672,0.055
219.94820717131472,0.055
219.94825517208275,0.055
219.94830317285076,0.049999997
219.94835117361876,0.055
219.94839917438676,0.06
219.9484471751548,0.049999997
219.9484951759228,0.055
219.9485431766908,0.055
219.94859117745884,0.049999997
219.94863917822684,0.055
219.94868717899485,0.055
219.94873517976285,0.055
219.94878318053088,0.055
219.94883118129889,0.055
219.9488791820669,0.055
219.94892718283492,0.055
219.94897518360293,0.055
219.94902318437093,0.055
219.94907118513896,0.055
219.94911918590697,0.055
219.94916718667497,0.055
219.94921518744297,0.049999997
219.949263188211,0.055
219.949311188979,0.055
219.949359189747,0.049999997
219.94940719051505,0.055
219.94945519128305,0.044999998
219.94950319205105,0.055
219.94955119281906,0.049999997
219.9495991935871,0.06
219.9496471943551,0.055
219.9496951951231,0.06
219.94974319589113,0.055
219.94979119665913,0.06
219.94983919742714,0.055
219.94988719819517,0.049999997
219.94993519896317,0.049999997
219.94998319973118,0.049999997
219.95003120049918,0.055
219.95007920126722,0.055
219.95012720203522,0.049999997
219.95017520280322,0.055
219.95022320357126,0.055
219.95027120433926,0.06
219.95031920510726,0.055
219.95036720587527,0.055
219.9504152066433,0.055
219.9504632074113,0.06
219.9505112081793,0.055
219.95055920894734,0.06
219.95060720971534,0.055
219.95065521048335,0.055
219.95070321125138,0.055
219.95075121201938,0.055
219.9507992127874,0.055
219.9508472135554,0.055
219.95089521432342,0.055
219.95094321509143,0.055
219.95099121585943,0.06
219.95103921662746,0.055
219.95108721739547,0.055
219.95113521816347,0.055
219.95118321893148,0.055
219.9512312196995,0.055
219.9512792204675,0.049999997
219.95132722123552,0.06
219.95137522200355,0.049999997
219.95142322277155,0.055
219.95147122353956,0.055
219.9515192243076,0.049999997
219.9515672250756,0.055
219.9516152258436,0.055
219.9516632266116,0.049999997
219.95171122737963,0.049999997
219.95175922814764,0.055
219.95180722891564,0.049999997
219.95185522968367,0.049999997
219.95190323045168,0.049999997
219.95195123121968,0.055
219.95199923198768,0.049999997
219.95204723275572,0.055
219.95209523352372,0.049999997
219.95214323429173,0.055
219.95219123505976,0.055
219.95223923582776,0.055
219.95228723659577,0.049999997
219.9523352373638,0.055
219.9523832381318,0.06
219.9524312388998,0.055
219.9524792396678,0.049999997
219.95252724043584,0.055
219.95257524120385,0.055
219.95262324197185,0.049999997
219.95267124273988,0.06
219.9527192435079,0.055
219.9527672442759,0.055
219.9528152450439,0.055
219.95286324581193,0.055
219.95291124657993,0.055
219.95295924734793,0.055
219.95300724811597,0.049999997
219.95305524888397,0.049999997
219.95310324965197,0.055
219.95315125042,0.049999997
219.953199251188,0.055
219.95324725195601,0.049999997
219.95329525272402,0.055
219.95334325349205,0.049999997
219.95339125426005,0.055
219.95343925502806,0.049999997
219.9534872557961,0.049999997
219.9535352565641,0.049999997
219.9535832573321,0.06
219.9536312581001,0.055
219.95367925886814,0.06
219.95372725963614,0.055
219.95377526040414,0.049999997
219.95382326117218,0.049999997
219.95387126194018,0.055
219.95391926270818,0.055
219.95396726347622,0.055
219.95401526424422,0.049999997
219.95406326501222,0.055
219.95411126578023,0.055
219.95415926654826,0.055
219.95420726731626,0.055
219.95425526808427,0.055
219.9543032688523,0.055
219.9543512696203,0.06
219.9543992703883,0.055
219.9544472711563,0.055
219.95449527192434,0.055
219.95454327269235,0.055
219.95459127346035,0.055
219.95463927422838,0.055
219.9546872749964,0.055
219.9547352757644,0.06
219.95478327653242,0.055
219.95483127730043,0.055
219.95487927806843,0.055
219.95492727883644,0.055
219.95497527960447,0.049999997
219.95502328037247,0.06
219.95507128114048,0.055
219.9551192819085,0.055
219.9551672826765,0.055
219.95521528344452,0.06
219.95526328421252,0.049999997
219.95531128498055,0.055
219.95535928574856,0.055
219.95540728651656,0.055
219.9554552872846,0.055
219.9555032880526,0.055
219.9555512888206,0.055
219.95559928958863,0.055
219.95564729035664,0.055
219.95569529112464,0.049999997
219.95574329189265,0.06
219.95579129266068,0.055
219.95583929342868,0.055
219.95588729419669,0.049999997
219.95593529496472,0.055
219.95598329573272,0.04
219.95603129650073,0.055
219.95607929726873,0.06
219.95612729803676,0.049999997
219.95617529880477,0.049999997
219.95622329957277,0.055
219.9562713003408,0.049999997
219.9563193011088,0.049999997
219.9563673018768,0.055
219.95641530264484,0.055
219.95646330341285,0.055
219.95651130418085,0.055
219.95655930494885,0.049999997
219.9566073057169,0.055
219.9566553064849,0.06
219.9567033072529,0.049999997
219.95675130802093,0.049999997
219.95679930878893,0.055
219.95684730955693,0.049999997
219.95689531032494,0.055
219.95694331109297,0.055
219.95699131186097,0.055
219.95703931262898,0.055
219.957087313397,0.06
219.95713531416501,0.049999997
219.95718331493302,0.055
219.95723131570105,0.055
219.95727931646906,0.06
219.95732731723706,0.049999997
219.95737531800506,0.055
219.9574233187731,0.06
219.9574713195411,0.049999997
219.9575193203091,0.055
219.95756732107714,0.049999997
219.95761532184514,0.055
219.95766332261314,0.055
219.95771132338115,0.055
219.95775932414918,0.049999997
219.95780732491718,0.055
219.9578553256852,0.055
219.95790332645322,0.055
219.95795132722122,0.055
219.95799932798923,0.055
219.95804732875726,0.055
219.95809532952526,0.055
219.95814333029327,0.055
219.95819133106127,0.06
219.9582393318293,0.055
219.9582873325973,0.055
219.9583353333653,0.044999998
219.95838333413334,0.055
219.95843133490135,0.049999997
219.95847933566935,0.049999997
219.95852733643736,0.055
219.9585753372054,0.06
219.9586233379734,0.055
219.9586713387414,0.055
219.95871933950943,0.055
219.95876734027743,0.044999998
219.95881534104544,0.049999997
219.95886334181347,0.055
219.95891134258147,0.06
219.95895934334948,0.055
219.95900734411748,0.06
219.9590553448855,0.055
219.95910334565352,0.049999997
219.95915134642152,0.06
219.95919934718955,0.055
219.95924734795756,0.055
219.95929534872556,0.049999997
219.95934334949357,0.06
219.9593913502616,0.055
219.9594393510296,0.06
219.9594873517976,0.055
219.95953535256564,0.055
219.95958335333364,0.055
219.95963135410165,0.055
219.95967935486968,0.055
219.95972735563768,0.055
219.9597753564057,0.055
219.9598233571737,0.049999997
219.95987135794172,0.055
219.95991935870973,0.055
219.95996735947773,0.055
219.96001536024576,0.049999997
219.96006336101377,0.06
219.96011136178177,0.049999997
219.96015936254977,0.055
219.9602073633178,0.055
219.9602553640858,0.055
219.96030336485381,0.055
219.96035136562185,0.055
219.96039936638985,0.049999997
219.96044736715785,0.06
219.9604953679259,0.055
219.9605433686939,0.055
219.9605913694619,0.044999998
219.9606393702299,0.055
219.96068737099793,0.055
219.96073537176594,0.055
219.96078337253394,0.055
219.96083137330197,0.055
219.96087937406998,0.049999997
219.96092737483798,0.055
219.96097537560598,0.055
219.96102337637402,0.055
219.96107137714202,0.055
219.96111937791002,0.055
219.96116737867806,0.055
219.96121537944606,0.049999997
219.96126338021406,0.055
219.9613113809821,0.055
219.9613593817501,0.055
219.9614073825181,0.055
219.9614553832861,0.06
219.96150338405414,0.055
219.96155138482214,0.06
219.96159938559015,0.055
219.96164738635818,0.055
219.96169538712618,0.055
219.9617433878942,0.055
219.9617913886622,0.055
219.96183938943022,0.055
219.96188739019823,0.055
219.96193539096623,0.049999997
219.96198339173426,0.055
219.96203139250227,0.049999997
219.96207939327027,0.055
219.9621273940383,0.049999997
219.9621753948063,0.055
219.9622233955743,0.049999997
219.96227139634232,0.055
219.96231939711035,0.055
219.96236739787835,0.055
219.96241539864636,0.049999997
219.9624633994144,0.06
219.9625114001824,0.049999997
219.9625594009504,0.055
219.9626074017184,0.06
219.96265540248643,0.049999997
219.96270340325444,0.055
219.96275140402244,0.049999997
219.96279940479047,0.055
219.96284740555848,0.055
219.96289540632648,0.049999997
219.9629434070945,0.06
219.96299140786252,0.055
219.96303940863052,0.049999997
219.96308740939853,0.055
219.96313541016656,0.049999997
219.96318341093456,0.06
219.96323141170257,0.055
219.9632794124706,0.055
219.9633274132386,0.06
219.9633754140066,0.055
219.9634234147746,0.049999997
219.96347141554264,0.055
219.96351941631065,0.049999997
219.96356741707865,0.055
219.96361541784668,0.055
219.9636634186147,0.055
219.9637114193827,0.049999997
219.96375942015072,0.055
219.96380742091873,0.049999997
219.96385542168673,0.055
219.96390342245473,0.055
219.96395142322277,0.055
219.96399942399077,0.055
219.96404742475877,0.055
219.9640954255268,0.06
219.9641434262948,0.049999997
219.96419142706281,0.055
219.96423942783082,0.055
219.96428742859885,0.049999997
219.96433542936686,0.055
219.96438343013486,0.055
219.9644314309029,0.055
219.9644794316709,0.055
219.9645274324389,0.06
219.96457543320693,0.049999997
219.96462343397494,0.06
219.96467143474294,0.055
219.96471943551094,0.06
219.96476743627898,0.055
219.96481543704698,0.06
219.96486343781498,0.055
219.96491143858302,0.049999997
219.96495943935102,0.055
219.96500744011902,0.049999997
219.96505544088703,0.055
219.96510344165506,0.055
219.96515144242306,0.055
219.96519944319107,0.06
219.9652474439591,0.055
219.9652954447271,0.055
219.9653434454951,0.049999997
219.96539144626314,0.055
219.96543944703114,0.055
219.96548744779915,0.055
219.96553544856715,0.055
219.96558344933518,0.06
219.9656314501032,0.055
219.9656794508712,0.055
219.96572745163922,0.055
219.96577545240723,0.055
219.96582345317523,0.055
219.96587145394324,0.055
219.96591945471127,0.044999998
219.96596745547927,0.049999997
219.96601545624728,0.044999998
219.9660634570153,0.049999997
219.9661114577833,0.049999997
219.96615945855132,0.06
219.96620745931935,0.055
219.96625546008735,0.055
219.96630346085536,0.06
219.96635146162336,0.055
219.9663994623914,0.055
219.9664474631594,0.044999998
219.9664954639274,0.055
219.96654346469543,0.06
219.96659146546344,0.055
219.96663946623144,0.049999997
219.96668746699945,0.055
219.96673546776748,0.06
219.96678346853548,0.055
219.9668314693035,0.055
219.96687947007152,0.06
219.96692747083952,0.055
219.96697547160753,0.049999997
219.96702347237556,0.049999997
219.96707147314356,0.055
219.96711947391157,0.049999997
219.96716747467957,0.055
219.9672154754476,0.049999997
219.9672634762156,0.055
219.9673114769836,0.055
219.96735947775164,0.055
219.96740747851965,0.055
219.96745547928765,0.055
219.96750348005565,0.055
219.9675514808237,0.055
219.9675994815917,0.055
219.9676474823597,0.049999997
219.96769548312773,0.055
219.96774348389573,0.06
219.96779148466373,0.055
219.96783948543177,0.044999998
219.96788748619977,0.055
219.96793548696778,0.055
219.96798348773578,0.049999997
219.9680314885038,0.055
219.96807948927182,0.049999997
219.96812749003982,0.055
219.96817549080785,0.049999997
219.96822349157586,0.06
219.96827149234386,0.055
219.96831949311186,0.055
219.9683674938799,0.049999997
219.9684154946479,0.06
219.9684634954159,0.049999997
219.96851149618394,0.06
219.96855949695194,0.055
219.96860749771994,0.055
219.96865549848798,0.055
219.96870349925598,0.06
219.96875150002398,0.049999997
219.968799500792,0.06
219.96884750156002,0.049999997
219.96889550232802,0.055
219.96894350309603,0.055
219.96899150386406,0.06
219.96903950463206,0.055
219.96908750540007,0.055
219.96913550616807,0.055
219.9691835069361,0.049999997
219.9692315077041,0.055
219.9692795084721,0.049999997
219.96932750924014,0.055
219.96937551000815,0.049999997
219.96942351077615,0.055
219.96947151154419,0.044999998
219.9695195123122,0.049999997
219.9695675130802,0.055
219.9696155138482,0.055
219.96966351461623,0.049999997
219.96971151538423,0.06
219.96975951615224,0.055
219.96980751692027,0.06
219.96985551768827,0.055
219.96990351845628,0.055
219.96995151922428,0.049999997
219.9699995199923,0.055
219.97004752076032,0.055
219.97009552152832,0.049999997
219.97014352229635,0.055
219.97019152306436,0.055
219.97023952383236,0.055
219.9702875246004,0.06
219.9703355253684,0.055
219.9703835261364,0.055
219.9704315269044,0.06
219.97047952767244,0.06
219.97052752844044,0.055
219.97057552920845,0.055
219.97062352997648,0.06
219.97067153074448,0.055
219.9707195315125,0.055
219.9707675322805,0.055
219.97081553304852,0.055
219.97086353381653,0.055
219.97091153458453,0.055
219.97095953535256,0.055
219.97100753612057,0.06
219.97105553688857,0.055
219.9711035376566,0.055
219.9711515384246,0.055
219.9711995391926,0.049999997
219.97124753996061,0.044999998
219.97129554072865,0.049999997
219.97134354149665,0.049999997
219.97139154226466,0.055
219.9714395430327,0.055
219.9714875438007,0.055
219.9715355445687,0.049999997
219.9715835453367,0.049999997
219.97163154610473,0.049999997
219.97167954687274,0.055
219.97172754764074,0.055
219.97177554840877,0.055
219.97182354917678,0.055
219.97187154994478,0.049999997
219.9719195507128,0.055
219.97196755148082,0.049999997
219.97201555224882,0.055
219.97206355301682,0.055
219.97211155378486,0.049999997
219.97215955455286,0.049999997
219.97220755532086,0.055
219.9722555560889,0.055
219.9723035568569,0.055
219.9723515576249,0.055
219.9723995583929,0.055
219.97244755916094,0.049999997
219.97249555992894,0.055
219.97254356069695,0.049999997
219.97259156146498,0.055
219.97263956223298,0.055
219.972687563001,0.055
219.97273556376902,0.055
219.97278356453702,0.065
219.97283156530503,0.06
219.97287956607303,0.06
219.97292756684107,0.055
219.97297556760907,0.055
219.97302356837707,0.049999997
219.9730715691451,0.055
219.9731195699131,0.06
219.9731675706811,0.055
219.97321557144912,0.055
219.97326357221715,0.055
219.97331157298515,0.049999997
219.97335957375316,0.055
219.9734075745212,0.055
219.9734555752892,0.055
219.9735035760572,0.055
219.97355157682523,0.055
219.97359957759323,0.055
219.97364757836124,0.049999997
219.97369557912924,0.055
219.97374357989727,0.055
219.97379158066528,0.055
219.97383958143328,0.06
219.97388758220131,0.049999997
219.97393558296932,0.055
219.97398358373732,0.06
219.97403158450533,0.055
219.97407958527336,0.049999997
219.97412758604136,0.055
219.97417558680937,0.055
219.9742235875774,0.055
219.9742715883454,0.055
219.9743195891134,0.055
219.9743675898814,0.055
219.97441559064944,0.055
219.97446359141745,0.049999997
219.97451159218545,0.049999997
219.97455959295348,0.06
219.9746075937215,0.055
219.9746555944895,0.055
219.97470359525752,0.049999997
219.97475159602553,0.06
219.97479959679353,0.055
219.97484759756153,0.06
219.97489559832957,0.055
219.97494359909757,0.049999997
219.97499159986558,0.055
219.9750396006336,0.055
219.9750876014016,0.055
219.97513560216962,0.055
219.97518360293762,0.049999997
219.97523160370565,0.055
219.97527960447366,0.049999997
219.97532760524166,0.055
219.9753756060097,0.055
219.9754236067777,0.06
219.9754716075457,0.049999997
219.97551960831373,0.049999997
219.97556760908174,0.055
219.97561560984974,0.06
219.97566361061774,0.055
219.97571161138578,0.055
219.97575961215378,0.055
219.97580761292178,0.049999997
219.97585561368982,0.055
219.97590361445782,0.06
219.97595161522582,0.055
219.97599961599383,0.055
219.97604761676186,0.049999997
219.97609561752986,0.049999997
219.97614361829787,0.049999997
219.9761916190659,0.049999997
219.9762396198339,0.049999997
219.9762876206019,0.044999998
219.97633562136994,0.06
219.97638362213794,0.055
219.97643162290595,0.04
219.97647962367395,0.049999997
219.97652762444199,0.049999997
219.97657562521,0.044999998
219.976623625978,0.06
219.97667162674603,0.049999997
219.97671962751403,0.049999997
219.97676762828203,0.049999997
219.97681562905004,0.055
219.97686362981807,0.055
219.97691163058607,0.049999997
219.97695963135408,0.055
219.9770076321221,0.065
219.9770556328901,0.06
219.97710363365812,0.044999998
219.97715163442615,0.04
219.97719963519415,0.049999997
219.97724763596216,0.049999997
219.97729563673016,0.055
219.9773436374982,0.06
219.9773916382662,0.065
219.9774396390342,0.049999997
219.97748763980223,0.055
219.97753564057024,0.055
219.97758364133824,0.049999997
219.97763164210625,0.065
219.97767964287428,0.065
219.97772764364228,0.049999997
219.9777756444103,0.049999997
219.97782364517832,0.04
219.97787164594632,0.06
219.97791964671433,0.055
219.97796764748236,0.06
219.97801564825036,0.04
219.97806364901837,0.055
219.97811164978637,0.06
219.9781596505544,0.049999997
219.9782076513224,0.06
219.9782556520904,0.055
219.97830365285844,0.055
219.97835165362645,0.04
219.97839965439445,0.065
219.97844765516246,0.055
219.9784956559305,0.06
219.9785436566985,0.06
219.9785916574665,0.044999998
219.97863965823453,0.06
219.97868765900253,0.06
219.97873565977054,0.074999996
219.97878366053857,0.06
219.97883166130657,0.049999997
219.97887966207458,0.06
219.97892766284258,0.049999997
219.9789756636106,0.055
219.97902366437862,0.065
219.97907166514662,0.06
219.97911966591465,0.07
219.97916766668266,0.055
219.97921566745066,0.049999997
219.97926366821866,0.049999997
219.9793116689867,0.065
219.9793596697547,0.065
219.9794076705227,0.049999997
219.97945567129074,0.055
219.97950367205874,0.049999997
219.97955167282674,0.04
219.97959967359478,0.049999997
219.97964767436278,0.049999997
219.97969567513078,0.044999998
219.9797436758988,0.049999997
219.97979167666682,0.055
219.97983967743482,0.065
219.97988767820283,0.06
219.97993567897086,0.055
219.97998367973887,0.06
219.98003168050687,0.055
219.98007968127487,0.06
219.9801276820429,0.06
219.9801756828109,0.049999997
219.9802236835789,0.049999997
219.98027168434695,0.044999998
219.98031968511495,0.049999997
219.98036768588295,0.055
219.98041568665099,0.044999998
219.980463687419,0.055
219.980511688187,0.07
219.980559688955,0.055
219.98060768972303,0.06
219.98065569049103,0.055
219.98070369125904,0.06
219.98075169202707,0.049999997
219.98079969279507,0.055
219.98084769356308,0.049999997
219.98089569433108,0.06
219.9809436950991,0.065
219.98099169586712,0.06
219.98103969663512,0.049999997
219.98108769740315,0.044999998
219.98113569817116,0.049999997
219.98118369893916,0.06
219.9812316997072,0.049999997
219.9812797004752,0.049999997
219.9813277012432,0.055
219.9813757020112,0.06
219.98142370277924,0.055
219.98147170354724,0.06
219.98151970431525,0.055
219.98156770508328,0.055
219.98161570585128,0.044999998
219.9816637066193,0.06
219.9817117073873,0.049999997
219.98175970815532,0.055
219.98180770892333,0.049999997
219.98185570969133,0.055
219.98190371045936,0.055
219.98195171122737,0.065
219.98199971199537,0.065
219.9820477127634,0.06
219.9820957135314,0.049999997
219.9821437142994,0.049999997
219.98219171506742,0.044999998
219.98223971583545,0.055
219.98228771660345,0.049999997
219.98233571737146,0.049999997
219.9823837181395,0.055
219.9824317189075,0.06
219.9824797196755,0.06
219.9825277204435,0.065
219.98257572121153,0.06
219.98262372197954,0.049999997
219.98267172274754,0.055
219.98271972351557,0.049999997
219.98276772428358,0.04
219.98281572505158,0.049999997
219.9828637258196,0.055
219.98291172658762,0.065
219.98295972735562,0.055
219.98300772812362,0.055
219.98305572889166,0.06
219.98310372965966,0.049999997
219.98315173042766,0.065
219.9831997311957,0.06
219.9832477319637,0.065
219.9832957327317,0.065
219.9833437334997,0.06
219.98339173426774,0.049999997
219.98343973503574,0.049999997
219.98348773580375,0.055
219.98353573657178,0.044999998
219.98358373733979,0.049999997
219.9836317381078,0.055
219.98367973887582,0.049999997
219.98372773964383,0.049999997
219.98377574041183,0.04
219.98382374117983,0.044999998
219.98387174194787,0.049999997
219.98391974271587,0.049999997
219.98396774348387,0.06
219.9840157442519,0.055
219.9840637450199,0.065
219.9841117457879,0.06
219.98415974655592,0.049999997
219.98420774732395,0.044999998
219.98425574809195,0.044999998
219.98430374885996,0.04
219.984351749628,0.044999998
219.984399750396,0.049999997
219.984447751164,0.074999996
219.98449575193203,0.055
219.98454375270003,0.06
219.98459175346804,0.055
219.98463975423604,0.06
219.98468775500407,0.055
219.98473575577208,0.049999997
219.98478375654008,0.044999998
219.98483175730811,0.044999998
219.98487975807612,0.049999997
219.98492775884412,0.055
219.98497575961213,0.074999996
219.98502376038016,0.055
219.98507176114816,0.06
219.98511976191617,0.065
219.9851677626842,0.065
219.9852157634522,0.044999998
219.9852637642202,0.044999998
219.98531176498824,0.049999997
219.98535976575624,0.06
219.98540776652425,0.049999997
219.98545576729225,0.049999997
219.98550376806028,0.07
219.9855517688283,0.055
219.9855997695963,0.055
219.98564777036432,0.06
219.98569577113233,0.06
219.98574377190033,0.055
219.98579177266834,0.049999997
219.98583977343637,0.049999997
219.98588777420437,0.049999997
219.98593577497238,0.049999997
219.9859837757404,0.055
219.9860317765084,0.044999998
219.98607977727642,0.049999997
219.98612777804445,0.049999997
219.98617577881245,0.04
219.98622377958046,0.049999997
219.98627178034846,0.055
219.9863197811165,0.065
219.9863677818845,0.06
219.9864157826525,0.065
219.98646378342053,0.055
219.98651178418854,0.055
219.98655978495654,0.055
219.98660778572454,0.06
219.98665578649258,0.055
219.98670378726058,0.065
219.98675178802858,0.065
219.98679978879662,0.049999997
219.98684778956462,0.049999997
219.98689579033262,0.044999998
219.98694379110066,0.044999998
219.98699179186866,0.06
219.98703979263666,0.065
219.98708779340467,0.055
219.9871357941727,0.049999997
219.9871837949407,0.055
219.9872317957087,0.049999997
219.98727979647674,0.044999998
219.98732779724475,0.049999997
219.98737579801275,0.049999997
219.98742379878075,0.06
219.98747179954879,0.049999997
219.9875198003168,0.055
219.9875678010848,0.055
219.98761580185283,0.049999997
219.98766380262083,0.065
219.98771180338883,0.049999997
219.98775980415687,0.044999998
219.98780780492487,0.049999997
219.98785580569287,0.049999997
219.98790380646088,0.06
219.9879518072289,0.06
219.9879998079969,0.04
219.98804780876492,0.055
219.98809580953295,0.04
219.98814381030095,0.04
219.98819181106896,0.049999997
219.98823981183696,0.055
219.988287812605,0.06
219.988335813373,0.055
219.988383814141,0.044999998
219.98843181490903,0.065
219.98847981567704,0.049999997
219.98852781644504,0.049999997
219.98857581721307,0.049999997
219.98862381798108,0.049999997
219.98867181874908,0.055
219.9887198195171,0.055
219.98876782028512,0.055
219.98881582105312,0.049999997
219.98886382182113,0.065
219.98891182258916,0.06
219.98895982335716,0.035
219.98900782412517,0.035
219.98905582489317,0.06
219.9891038256612,0.06
219.9891518264292,0.06
219.9891998271972,0.055
219.98924782796524,0.049999997
219.98929582873325,0.049999997
219.98934382950125,0.074999996
219.98939183026928,0.06
219.9894398310373,0.055
219.9894878318053,0.055
219.9895358325733,0.055
219.98958383334133,0.049999997
219.98963183410933,0.06
219.98967983487734,0.06
219.98972783564537,0.055
219.98977583641337,0.06
219.98982383718138,0.06
219.98987183794938,0.049999997
219.9899198387174,0.044999998
219.98996783948542,0.044999998
219.99001584025342,0.065
219.99006384102145,0.055
219.99011184178946,0.06
219.99015984255746,0.055
219.9902078433255,0.055
219.9902558440935,0.06
219.9903038448615,0.055
219.9903518456295,0.049999997
219.99039984639754,0.055
219.99044784716554,0.049999997
219.99049584793354,0.055
219.99054384870158,0.055
219.99059184946958,0.055
219.99063985023759,0.049999997
219.9906878510056,0.055
219.99073585177362,0.07
219.99078385254163,0.044999998
219.99083185330963,0.035
219.99087985407766,0.06
219.99092785484567,0.06
219.99097585561367,0.049999997
219.9910238563817,0.044999998
219.9910718571497,0.065
219.9911198579177,0.065
219.9911678586857,0.049999997
219.99121585945375,0.044999998
219.99126386022175,0.055
219.99131186098975,0.049999997
219.9913598617578,0.049999997
219.9914078625258,0.074999996
219.9914558632938,0.049999997
219.9915038640618,0.055
219.99155186482983,0.049999997
219.99159986559783,0.055
219.99164786636584,0.055
219.99169586713387,0.055
219.99174386790187,0.06
219.99179186866988,0.055
219.9918398694379,0.04
219.99188787020591,0.06
219.99193587097392,0.06
219.99198387174192,0.055
219.99203187250995,0.065
219.99207987327796,0.06
219.99212787404596,0.055
219.992175874814,0.055
219.992223875582,0.06
219.99227187635,0.055
219.992319877118,0.07
219.99236787788604,0.049999997
219.99241587865404,0.07
219.99246387942205,0.06
219.99251188019008,0.049999997
219.99255988095808,0.044999998
219.9926078817261,0.055
219.99265588249412,0.049999997
219.99270388326212,0.055
219.99275188403013,0.055
219.99279988479813,0.044999998
219.99284788556616,0.055
219.99289588633417,0.07
219.99294388710217,0.049999997
219.9929918878702,0.055
219.9930398886382,0.06
219.9930878894062,0.06
219.99313589017422,0.049999997
219.99318389094225,0.044999998
219.99323189171025,0.06
219.99327989247826,0.044999998
219.9933278932463,0.055
219.9933758940143,0.055
219.9934238947823,0.049999997
219.99347189555033,0.055
219.99351989631833,0.074999996
219.99356789708634,0.07
219.99361589785434,0.049999997
219.99366389862237,0.049999997
219.99371189939038,0.049999997
219.99375990015838,0.055
219.9938079009264,0.07
219.99385590169442,0.06
219.99390390246242,0.03
219.99395190323042,0.049999997
219.99399990399846,0.055
219.99404790476646,0.055
219.99409590553446,0.049999997
219.9941439063025,0.055
219.9941919070705,0.06
219.9942399078385,0.049999997
219.99428790860654,0.044999998
219.99433590937454,0.044999998
219.99438391014255,0.065
219.99443191091055,0.049999997
219.99447991167858,0.049999997
219.99452791244659,0.06
219.9945759132146,0.055
219.99462391398262,0.044999998
219.99467191475063,0.06
219.99471991551863,0.044999998
219.99476791628663,0.055
219.99481591705467,0.055
219.99486391782267,0.06
219.99491191859067,0.055
219.9949599193587,0.065
219.9950079201267,0.035
219.9950559208947,0.049999997
219.99510392166275,0.055
219.99515192243075,0.055
219.99519992319875,0.049999997
219.99524792396676,0.044999998
219.9952959247348,0.049999997
219.9953439255028,0.07
219.9953919262708,0.074999996
219.99543992703883,0.049999997
219.99548792780683,0.07
219.99553592857484,0.06
219.99558392934284,0.049999997
219.99563193011087,0.055
219.99567993087888,0.055
219.99572793164688,0.06
219.99577593241492,0.06
219.99582393318292,0.065
219.99587193395092,0.049999997
219.99591993471896,0.06
219.99596793548696,0.06
219.99601593625496,0.06
219.99606393702297,0.04
219.996111937791,0.055
219.996159938559,0.04
219.996207939327,0.06
219.99625594009504,0.055
219.99630394086304,0.044999998
219.99635194163105,0.055
219.99639994239905,0.049999997
219.99644794316708,0.055
219.9964959439351,0.049999997
219.9965439447031,0.055
219.99659194547112,0.049999997
219.99663994623913,0.055
219.99668794700713,0.044999998
219.99673594777516,0.055
219.99678394854317,0.04
219.99683194931117,0.06
219.99687995007918,0.065
219.9969279508472,0.06
219.9969759516152,0.055
219.99702395238322,0.06
219.99707195315125,0.06
219.99711995391925,0.055
219.99716795468726,0.049999997
219.99721595545526,0.055
219.9972639562233,0.049999997
219.9973119569913,0.049999997
219.9973599577593,0.049999997
219.99740795852733,0.049999997
219.99745595929534,0.044999998
219.99750396006334,0.06
219.99755196083137,0.044999998
219.99759996159938,0.065
219.99764796236738,0.044999998
219.99769596313538,0.065
219.99774396390342,0.06
219.99779196467142,0.049999997
219.99783996543943,0.049999997
219.99788796620746,0.049999997
219.99793596697546,0.044999998
219.99798396774347,0.065
219.99803196851147,0.055
219.9980799692795,0.055
219.9981279700475,0.06
219.9981759708155,0.055
219.99822397158354,0.049999997
219.99827197235155,0.049999997
219.99831997311955,0.06
219.99836797388758,0.06
219.9984159746556,0.065
219.9984639754236,0.055
219.9985119761916,0.035
219.99855997695963,0.035
219.99860797772763,0.065
219.99865597849563,0.049999997
219.99870397926367,0.065
219.99875198003167,0.065
219.99879998079967,0.049999997
219.99884798156768,0.049999997
219.9988959823357,0.044999998
219.99894398310371,0.065
219.99899198387172,0.06
219.99903998463975,0.055
219.99908798540775,0.049999997
219.99913598617576,0.06
219.9991839869438,0.065
219.9992319877118,0.044999998
219.9992799884798,0.06
219.9993279892478,0.04
219.99937599001584,0.055
219.99942399078384,0.044999998
219.99947199155184,0.065
219.99951999231988,0.055
219.99956799308788,0.03
219.99961599385588,0.055
219.9996639946239,0.065
219.99971199539192,0.044999998
219.99975999615992,0.049999997
219.99980799692793,0.07
219.99985599769596,0.065
219.99990399846396,0.044999998
219.99995199923197,0.049999997
220.0,0.06
220.000048000768,0.049999997
220.000096001536,0.044999998
220.000144002304,0.044999998
220.00019200307204,0.049999997
220.00024000384005,0.06
220.00028800460805,0.06
220.00033600537608,0.06
220.0003840061441,0.049999997
220.0004320069121,0.06
220.0004800076801,0.065
220.00052800844813,0.049999997
220.00057600921613,0.049999997
220.00062400998414,0.06
220.00067201075217,0.06
220.00072001152017,0.055
220.00076801228818,0.08
220.0008160130562,0.065
220.0008640138242,0.044999998
220.00091201459222,0.055
220.00096001536022,0.049999997
220.00100801612825,0.07
220.00105601689626,0.055
220.00110401766426,0.044999998
220.0011520184323,0.049999997
220.0012000192003,0.049999997
220.0012480199683,0.065
220.0012960207363,0.055
220.00134402150434,0.044999998
220.00139202227234,0.049999997
220.00144002304035,0.06
220.00148802380838,0.049999997
220.00153602457638,0.04
220.00158402534439,0.044999998
220.00163202611242,0.055
220.00168002688042,0.06
220.00172802764843,0.06
220.00177602841643,0.08
220.00182402918446,0.055
220.00187202995247,0.049999997
220.00192003072047,0.06
220.0019680314885,0.049999997
220.0020160322565,0.065
220.0020640330245,0.055
220.0021120337925,0.06
220.00216003456055,0.049999997
220.00220803532855,0.049999997
220.00225603609655,0.049999997
220.0023040368646,0.06
220.0023520376326,0.06
220.0024000384006,0.04
220.00244803916863,0.049999997
220.00249603993663,0.049999997
220.00254404070463,0.06
220.00259204147264,0.065
220.00264004224067,0.06
220.00268804300867,0.074999996
220.00273604377668,0.055
220.0027840445447,0.044999998
220.00283204531272,0.044999998
220.00288004608072,0.049999997
220.00292804684872,0.06
220.00297604761676,0.06
220.00302404838476,0.055
220.00307204915276,0.044999998
220.0031200499208,0.044999998
220.0031680506888,0.055
220.0032160514568,0.04
220.00326405222484,0.049999997
220.00331205299284,0.06
220.00336005376084,0.04
220.00340805452885,0.055
220.00345605529688,0.049999997
220.00350405606488,0.055
220.0035520568329,0.065
220.00360005760092,0.06
220.00364805836892,0.06
220.00369605913693,0.044999998
220.00374405990493,0.049999997
220.00379206067296,0.06
220.00384006144097,0.049999997
220.00388806220897,0.044999998
220.003936062977,0.055
220.003984063745,0.049999997
220.004032064513,0.049999997
220.00408006528104,0.065
220.00412806604905,0.044999998
220.00417606681705,0.055
220.00422406758506,0.06
220.0042720683531,0.055
220.0043200691211,0.049999997
220.0043680698891,0.049999997
220.00441607065713,0.055
220.00446407142513,0.06
220.00451207219314,0.06
220.00456007296114,0.06
220.00460807372917,0.044999998
220.00465607449718,0.07
220.00470407526518,0.044999998
220.0047520760332,0.055
220.00480007680122,0.055
220.00484807756922,0.06
220.00489607833725,0.074999996
220.00494407910526,0.044999998
220.00499207987326,0.055
220.00504008064127,0.07
220.0050880814093,0.055
220.0051360821773,0.055
220.0051840829453,0.055
220.00523208371334,0.06
220.00528008448134,0.055
220.00532808524935,0.055
220.00537608601735,0.055
220.00542408678538,0.055
220.0054720875534,0.055
220.0055200883214,0.049999997
220.00556808908942,0.055
220.00561608985743,0.055
220.00566409062543,0.055
220.00571209139346,0.049999997
220.00576009216147,0.055
220.00580809292947,0.06
220.00585609369747,0.055
220.0059040944655,0.055
220.0059520952335,0.055
220.00600009600151,0.055
220.00604809676955,0.049999997
220.00609609753755,0.055
220.00614409830555,0.055
220.00619209907356,0.049999997
220.0062400998416,0.055
220.0062881006096,0.055
220.0063361013776,0.055
220.00638410214563,0.049999997
220.00643210291364,0.055
220.00648010368164,0.055
220.00652810444967,0.055
220.00657610521768,0.049999997
220.00662410598568,0.055
220.00667210675368,0.049999997
220.00672010752172,0.055
220.00676810828972,0.049999997
220.00681610905772,0.06
220.00686410982576,0.055
220.00691211059376,0.049999997
220.00696011136176,0.055
220.00700811212977,0.055
220.0070561128978,0.049999997
220.0071041136658,0.06
220.0071521144338,0.055
220.00720011520184,0.055
220.00724811596984,0.049999997
220.00729611673785,0.055
220.00734411750588,0.049999997
220.00739211827388,0.06
220.0074401190419,0.06
220.0074881198099,0.049999997
220.00753612057792,0.055
220.00758412134593,0.06
220.00763212211393,0.055
220.00768012288196,0.049999997
220.00772812364997,0.06
220.00777612441797,0.06
220.00782412518598,0.06
220.007872125954,0.055
220.007920126722,0.055
220.00796812749002,0.055
220.00801612825805,0.049999997
220.00806412902605,0.055
220.00811212979406,0.055
220.0081601305621,0.049999997
220.0082081313301,0.055
220.0082561320981,0.049999997
220.0083041328661,0.055
220.00835213363413,0.055
220.00840013440214,0.049999997
220.00844813517014,0.055
220.00849613593817,0.055
220.00854413670618,0.055
220.00859213747418,0.049999997
220.00864013824219,0.055
220.00868813901022,0.055
220.00873613977822,0.055
220.00878414054623,0.055
220.00883214131426,0.049999997
220.00888014208226,0.06
220.00892814285027,0.055
220.0089761436183,0.055
220.0090241443863,0.049999997
220.0090721451543,0.055
220.0091201459223,0.055
220.00916814669034,0.055
220.00921614745835,0.06
220.00926414822635,0.06
220.00931214899438,0.049999997
220.0093601497624,0.06
220.0094081505304,0.055
220.0094561512984,0.049999997
220.00950415206643,0.055
220.00955215283443,0.049999997
220.00960015360243,0.055
220.00964815437047,0.055
220.00969615513847,0.06
220.00974415590647,0.055
220.0097921566745,0.06
220.0098401574425,0.055
220.00988815821052,0.049999997
220.00993615897852,0.049999997
220.00998415974655,0.055
220.01003216051456,0.055
220.01008016128256,0.055
220.0101281620506,0.049999997
220.0101761628186,0.06
220.0102241635866,0.055
220.0102721643546,0.055
220.01032016512264,0.049999997
220.01036816589064,0.049999997
220.01041616665864,0.055
220.01046416742668,0.049999997
220.01051216819468,0.055
220.01056016896268,0.049999997
220.01060816973072,0.049999997
220.01065617049872,0.055
220.01070417126672,0.055
220.01075217203473,0.055
220.01080017280276,0.049999997
220.01084817357076,0.055
220.01089617433877,0.049999997
220.0109441751068,0.055
220.0109921758748,0.055
220.0110401766428,0.055
220.0110881774108,0.055
220.01113617817884,0.055
220.01118417894685,0.055
220.01123217971485,0.049999997
220.01128018048288,0.055
220.0113281812509,0.049999997
220.0113761820189,0.06
220.01142418278693,0.049999997
220.01147218355493,0.055
220.01152018432293,0.06
220.01156818509094,0.055
220.01161618585897,0.055
220.01166418662697,0.049999997
220.01171218739498,0.06
220.011760188163,0.055
220.011808188931,0.055
220.01185618969902,0.06
220.01190419046702,0.06
220.01195219123505,0.055
220.01200019200306,0.049999997
220.01204819277106,0.06
220.0120961935391,0.049999997
220.0121441943071,0.055
220.0121921950751,0.055
220.01224019584313,0.049999997
220.01228819661114,0.055
220.01233619737914,0.055
220.01238419814715,0.055
220.01243219891518,0.055
220.01248019968318,0.055
220.0125282004512,0.055
220.01257620121922,0.06
220.01262420198722,0.049999997
220.01267220275523,0.055
220.01272020352323,0.049999997
220.01276820429126,0.055
220.01281620505927,0.049999997
220.01286420582727,0.055
220.0129122065953,0.055
220.0129602073633,0.055
220.0130082081313,0.055
220.01305620889934,0.055
220.01310420966735,0.049999997
220.01315221043535,0.049999997
220.01320021120335,0.055
220.0132482119714,0.049999997
220.0132962127394,0.055
220.0133442135074,0.055
220.01339221427543,0.049999997
220.01344021504343,0.049999997
220.01348821581144,0.055
220.01353621657944,0.049999997
220.01358421734747,0.049999997
220.01363221811548,0.06
220.01368021888348,0.049999997
220.0137282196515,0.06
220.01377622041952,0.049999997
220.01382422118752,0.06
220.01387222195555,0.049999997
220.01392022272356,0.055
220.01396822349156,0.049999997
220.01401622425956,0.055
220.0140642250276,0.049999997
220.0141122257956,0.055
220.0141602265636,0.049999997
220.01420822733164,0.065
220.01425622809964,0.06
220.01430422886764,0.06
220.01435222963565,0.06
220.01440023040368,0.06
220.01444823117168,0.055
220.0144962319397,0.06
220.01454423270772,0.055
220.01459223347572,0.06
220.01464023424373,0.055
220.01468823501176,0.049999997
220.01473623577976,0.049999997
220.01478423654777,0.049999997
220.01483223731577,0.055
220.0148802380838,0.055
220.0149282388518,0.055
220.0149762396198,0.055
220.01502424038785,0.055
220.01507224115585,0.055
220.01512024192385,0.055
220.01516824269186,0.055
220.0152162434599,0.049999997
220.0152642442279,0.055
220.0153122449959,0.055
220.01536024576393,0.06
220.01540824653193,0.055
220.01545624729994,0.055
220.01550424806797,0.055
220.01555224883597,0.055
220.01560024960398,0.055
220.01564825037198,0.055
220.01569625114,0.055
220.01574425190802,0.055
220.01579225267602,0.055
220.01584025344405,0.055
220.01588825421206,0.055
220.01593625498006,0.055
220.01598425574807,0.06
220.0160322565161,0.049999997
220.0160802572841,0.049999997
220.0161282580521,0.06
220.01617625882014,0.055
220.01622425958814,0.055
220.01627226035615,0.055
220.01632026112418,0.055
220.01636826189218,0.055
220.0164162626602,0.055
220.0164642634282,0.055
220.01651226419622,0.055
220.01656026496423,0.06
220.01660826573223,0.055
220.01665626650026,0.049999997
220.01670426726827,0.049999997
220.01675226803627,0.049999997
220.01680026880427,0.06
220.0168482695723,0.055
220.0168962703403,0.049999997
220.01694427110831,0.044999998
220.01699227187635,0.055
220.01704027264435,0.049999997
220.01708827341236,0.049999997
220.0171362741804,0.055
220.0171842749484,0.055
220.0172322757164,0.049999997
220.0172802764844,0.055
220.01732827725243,0.049999997
220.01737627802044,0.049999997
220.01742427878844,0.055
220.01747227955647,0.049999997
220.01752028032448,0.049999997
220.01756828109248,0.06
220.01761628186048,0.055
220.01766428262852,0.06
220.01771228339652,0.055
220.01776028416452,0.055
220.01780828493256,0.055
220.01785628570056,0.055
220.01790428646856,0.06
220.01795228723657,0.055
220.0180002880046,0.049999997
220.0180482887726,0.055
220.0180962895406,0.055
220.01814429030864,0.055
220.01819229107664,0.049999997
220.01824029184465,0.049999997
220.01828829261268,0.055
220.01833629338068,0.055
220.0183842941487,0.055
220.0184322949167,0.049999997
220.01848029568472,0.049999997
220.01852829645273,0.049999997
220.01857629722073,0.049999997
220.01862429798877,0.049999997
220.01867229875677,0.055
220.01872029952477,0.049999997
220.01876830029278,0.055
220.0188163010608,0.044999998
220.0188643018288,0.055
220.01891230259682,0.06
220.01896030336485,0.06
220.01900830413285,0.055
220.01905630490086,0.049999997
220.0191043056689,0.049999997
220.0191523064369,0.055
220.0192003072049,0.049999997
220.0192483079729,0.06
220.01929630874093,0.049999997
220.01934430950894,0.06
220.01939231027694,0.055
220.01944031104497,0.06
220.01948831181298,0.049999997
220.01953631258098,0.055
220.019584313349,0.055
220.01963231411702,0.055
220.01968031488502,0.06
220.01972831565303,0.049999997
220.01977631642106,0.049999997
220.01982431718906,0.055
220.01987231795707,0.055
220.0199203187251,0.044999998
220.0199683194931,0.055
220.0200163202611,0.049999997
220.0200643210291,0.055
220.02011232179714,0.049999997
220.02016032256515,0.055
220.02020832333315,0.055
220.02025632410118,0.055
220.0203043248692,0.049999997
220.0203523256372,0.055
220.0204003264052,0.055
220.02044832717323,0.055
220.02049632794123,0.049999997
220.02054432870924,0.055
220.02059232947727,0.06
220.02064033024527,0.06
220.02068833101328,0.06
220.0207363317813,0.06
220.0207843325493,0.055
220.02083233331732,0.055
220.02088033408532,0.055
220.02092833485335,0.055
220.02097633562136,0.055
220.02102433638936,0.055
220.0210723371574,0.06
220.0211203379254,0.055
220.0211683386934,0.055
220.0212163394614,0.049999997
220.02126434022944,0.049999997
220.02131234099744,0.06
220.02136034176544,0.055
220.02140834253348,0.055
220.02145634330148,0.055
220.02150434406948,0.049999997
220.02155234483752,0.055
220.02160034560552,0.049999997
220.02164834637352,0.055
220.02169634714153,0.049999997
220.02174434790956,0.055
220.02179234867756,0.049999997
220.02184034944557,0.055
220.0218883502136,0.055
220.0219363509816,0.055
220.0219843517496,0.055
220.0220323525176,0.055
220.02208035328565,0.049999997
220.02212835405365,0.055
220.02217635482165,0.055
220.02222435558969,0.055
220.0222723563577,0.055
220.0223203571257,0.055
220.02236835789373,0.049999997
220.02241635866173,0.055
220.02246435942973,0.055
220.02251236019774,0.049999997
220.02256036096577,0.049999997
220.02260836173377,0.055
220.02265636250178,0.055
220.0227043632698,0.049999997
220.0227523640378,0.055
220.02280036480582,0.055
220.02284836557382,0.049999997
220.02289636634185,0.049999997
220.02294436710986,0.049999997
220.02299236787786,0.06
220.0230403686459,0.055
220.0230883694139,0.055
220.0231363701819,0.055
220.02318437094993,0.06
220.02323237171794,0.055
220.02328037248594,0.049999997
220.02332837325395,0.055
220.02337637402198,0.055
220.02342437478998,0.049999997
220.023472375558,0.06
220.02352037632602,0.055
220.02356837709402,0.055
220.02361637786203,0.055
220.02366437863003,0.06
220.02371237939806,0.049999997
220.02376038016607,0.055
220.02380838093407,0.055
220.0238563817021,0.055
220.0239043824701,0.055
220.0239523832381,0.055
220.02400038400614,0.055
220.02404838477415,0.055
220.02409638554215,0.06
220.02414438631016,0.049999997
220.0241923870782,0.055
220.0242403878462,0.055
220.0242883886142,0.055
220.02433638938223,0.055
220.02438439015023,0.055
220.02443239091824,0.055
220.02448039168624,0.055
220.02452839245427,0.06
220.02457639322228,0.055
220.02462439399028,0.049999997
220.0246723947583,0.06
220.02472039552632,0.055
220.02476839629432,0.055
220.02481639706235,0.055
220.02486439783036,0.055
220.02491239859836,0.049999997
220.02496039936636,0.049999997
220.0250084001344,0.049999997
220.0250564009024,0.055
220.0251044016704,0.055
220.02515240243844,0.049999997
220.02520040320644,0.055
220.02524840397444,0.055
220.02529640474245,0.055
220.02534440551048,0.049999997
220.02539240627848,0.055
220.0254404070465,0.055
220.02548840781452,0.055
220.02553640858252,0.055
220.02558440935053,0.055
220.02563241011856,0.049999997
220.02568041088657,0.055
220.02572841165457,0.049999997
220.02577641242257,0.049999997
220.0258244131906,0.06
220.0258724139586,0.055
220.0259204147266,0.06
220.02596841549465,0.055
220.02601641626265,0.06
220.02606441703065,0.06
220.02611241779866,0.055
220.0261604185667,0.044999998
220.0262084193347,0.044999998
220.0262564201027,0.065
220.02630442087073,0.074999996
220.02635242163873,0.055
220.02640042240674,0.049999997
220.02644842317477,0.06
220.02649642394277,0.055
220.02654442471078,0.049999997
220.02659242547878,0.055
220.02664042624681,0.06
220.02668842701482,0.055
220.02673642778282,0.055
220.02678442855085,0.055
220.02683242931886,0.06
220.02688043008686,0.055
220.02692843085487,0.049999997
220.0269764316229,0.049999997
220.0270244323909,0.055
220.0270724331589,0.055
220.02712043392694,0.044999998
220.02716843469494,0.049999997
220.02721643546295,0.049999997
220.02726443623098,0.055
220.02731243699898,0.055
220.027360437767,0.055
220.027408438535,0.055
220.02745643930302,0.055
220.02750444007103,0.055
220.02755244083903,0.055
220.02760044160706,0.055
220.02764844237507,0.055
220.02769644314307,0.049999997
220.02774444391108,0.055
220.0277924446791,0.049999997
220.0278404454471,0.055
220.02788844621512,0.055
220.02793644698315,0.055
220.02798444775115,0.055
220.02803244851916,0.049999997
220.0280804492872,0.055
220.0281284500552,0.049999997
220.0281764508232,0.049999997
220.0282244515912,0.055
220.02827245235923,0.049999997
220.02832045312724,0.055
220.02836845389524,0.049999997
220.02841645466327,0.06
220.02846445543128,0.055
220.02851245619928,0.049999997
220.02856045696728,0.049999997
220.02860845773532,0.055
220.02865645850332,0.055
220.02870445927132,0.055
220.02875246003936,0.049999997
220.02880046080736,0.055
220.02884846157536,0.055
220.0288964623434,0.055
220.0289444631114,0.055
220.0289924638794,0.06
220.0290404646474,0.049999997
220.02908846541544,0.055
220.02913646618345,0.055
220.02918446695145,0.049999997
220.02923246771948,0.055
220.02928046848749,0.055
220.0293284692555,0.049999997
220.0293764700235,0.055
220.02942447079153,0.049999997
220.02947247155953,0.055
220.02952047232753,0.055
220.02956847309557,0.055
220.02961647386357,0.049999997
220.02966447463157,0.049999997
220.0297124753996,0.055
220.0297604761676,0.049999997
220.0298084769356,0.055
220.02985647770362,0.049999997
220.02990447847165,0.055
220.02995247923965,0.055
220.03000048000766,0.055
220.0300484807757,0.055
220.0300964815437,0.049999997
220.0301444823117,0.055
220.0301924830797,0.049999997
220.03024048384773,0.06
220.03028848461574,0.049999997
220.03033648538374,0.049999997
220.03038448615177,0.055
220.03043248691978,0.055
220.03048048768778,0.055
220.03052848845581,0.055
220.03057648922382,0.055
220.03062448999182,0.049999997
220.03067249075983,0.055
220.03072049152786,0.049999997
220.03076849229586,0.06
220.03081649306387,0.055
220.0308644938319,0.06
220.0309124945999,0.055
220.0309604953679,0.049999997
220.0310084961359,0.055
220.03105649690394,0.055
220.03110449767195,0.055
220.03115249843995,0.055
220.03120049920798,0.055
220.031248499976,0.055
220.031296500744,0.06
220.03134450151202,0.055
220.03139250228003,0.055
220.03144050304803,0.055
220.03148850381604,0.055
220.03153650458407,0.06
220.03158450535207,0.06
220.03163250612008,0.055
220.0316805068881,0.055
220.0317285076561,0.06
220.03177650842412,0.049999997
220.03182450919212,0.055
220.03187250996015,0.055
220.03192051072816,0.055
220.03196851149616,0.055
220.0320165122642,0.055
220.0320645130322,0.055
220.0321125138002,0.055
220.03216051456823,0.049999997
220.03220851533624,0.055
220.03225651610424,0.049999997
220.03230451687224,0.055
220.03235251764028,0.055
220.03240051840828,0.049999997
220.03244851917628,0.055
220.03249651994432,0.055
220.03254452071232,0.055
220.03259252148032,0.049999997
220.03264052224833,0.055
220.03268852301636,0.049999997
220.03273652378437,0.055
220.03278452455237,0.055
220.0328325253204,0.055
220.0328805260884,0.055
220.0329285268564,0.055
220.03297652762444,0.049999997
220.03302452839245,0.049999997
220.03307252916045,0.06
220.03312052992845,0.055
220.03316853069649,0.055
220.0332165314645,0.06
220.0332645322325,0.049999997
220.03331253300053,0.055
220.03336053376853,0.049999997
220.03340853453653,0.055
220.03345653530454,0.055
220.03350453607257,0.06
220.03355253684057,0.055
220.03360053760858,0.06
220.0336485383766,0.055
220.03369653914461,0.06
220.03374453991262,0.06
220.03379254068065,0.06
220.03384054144865,0.055
220.03388854221666,0.049999997
220.03393654298466,0.055
220.0339845437527,0.049999997
220.0340325445207,0.055
220.0340805452887,0.055
220.03412854605673,0.055
220.03417654682474,0.055
220.03422454759274,0.049999997
220.03427254836075,0.055
220.03432054912878,0.055
220.03436854989678,0.06
220.0344165506648,0.055
220.03446455143282,0.055
220.03451255220082,0.055
220.03456055296883,0.055
220.03460855373686,0.049999997
220.03465655450486,0.055
220.03470455527287,0.049999997
220.03475255604087,0.055
220.0348005568089,0.055
220.0348485575769,0.049999997
220.0348965583449,0.055
220.03494455911294,0.055
220.03499255988095,0.06
220.03504056064895,0.049999997
220.03508856141696,0.06
220.035136562185,0.049999997
220.035184562953,0.055
220.035232563721,0.055
220.03528056448903,0.055
220.03532856525703,0.049999997
220.03537656602504,0.049999997
220.03542456679307,0.055
220.03547256756107,0.049999997
220.03552056832908,0.049999997
220.03556856909708,0.055
220.0356165698651,0.055
220.03566457063312,0.055
220.03571257140112,0.055
220.03576057216915,0.055
220.03580857293716,0.049999997
220.03585657370516,0.065
220.03590457447316,0.055
220.0359525752412,0.049999997
220.0360005760092,0.049999997
220.0360485767772,0.055
220.03609657754524,0.06
220.03614457831324,0.06
220.03619257908124,0.055
220.03624057984928,0.055
220.03628858061728,0.055
220.03633658138529,0.049999997
220.0363845821533,0.055
220.03643258292132,0.044999998
220.03648058368933,0.065
220.03652858445733,0.055
220.03657658522536,0.055
220.03662458599337,0.049999997
220.03667258676137,0.055
220.03672058752937,0.055
220.0367685882974,0.055
220.0368165890654,0.055
220.0368645898334,0.055
220.03691259060145,0.06
220.03696059136945,0.055
220.03700859213745,0.055
220.0370565929055,0.055
220.0371045936735,0.055
220.0371525944415,0.055
220.0372005952095,0.055
220.03724859597753,0.055
220.03729659674553,0.055
220.03734459751354,0.055
220.03739259828157,0.049999997
220.03744059904957,0.06
220.03748859981758,0.055
220.03753660058558,0.06
220.03758460135361,0.055
220.03763260212162,0.055
220.03768060288962,0.055
220.03772860365765,0.055
220.03777660442566,0.055
220.03782460519366,0.055
220.0378726059617,0.055
220.0379206067297,0.06
220.0379686074977,0.049999997
220.0380166082657,0.055
220.03806460903374,0.06
220.03811260980174,0.049999997
220.03816061056975,0.055
220.03820861133778,0.055
220.03825661210578,0.055
220.0383046128738,0.049999997
220.0383526136418,0.055
220.03840061440982,0.049999997
220.03844861517783,0.049999997
220.03849661594583,0.055
220.03854461671386,0.049999997
220.03859261748187,0.055
220.03864061824987,0.055
220.0386886190179,0.049999997
220.0387366197859,0.049999997
220.0387846205539,0.055
220.03883262132192,0.049999997
220.03888062208995,0.049999997
220.03892862285795,0.055
220.03897662362596,0.055
220.039024624394,0.049999997
220.039072625162,0.055
220.03912062593,0.055
220.039168626698,0.055
220.03921662746603,0.055
220.03926462823404,0.049999997
220.03931262900204,0.055
220.03936062977007,0.055
220.03940863053808,0.055
220.03945663130608,0.049999997
220.0395046320741,0.049999997
220.03955263284212,0.06
220.03960063361012,0.055
220.03964863437812,0.049999997
220.03969663514616,0.055
220.03974463591416,0.055
220.03979263668217,0.055
220.0398406374502,0.055
220.0398886382182,0.055
220.0399366389862,0.06
220.0399846397542,0.055
220.04003264052224,0.06
220.04008064129025,0.055
220.04012864205825,0.055
220.04017664282628,0.049999997
220.04022464359429,0.06
220.0402726443623,0.055
220.04032064513032,0.055
220.04036864589833,0.055
220.04041664666633,0.06
220.04046464743433,0.055
220.04051264820237,0.055
220.04056064897037,0.055
220.04060864973837,0.055
220.0406566505064,0.044999998
220.0407046512744,0.049999997
220.0407526520424,0.055
220.04080065281042,0.049999997
220.04084865357845,0.049999997
220.04089665434645,0.055
220.04094465511446,0.055
220.0409926558825,0.06
220.0410406566505,0.055
220.0410886574185,0.055
220.04113665818653,0.049999997
220.04118465895453,0.055
220.04123265972254,0.049999997
220.04128066049054,0.055
220.04132866125858,0.049999997
220.04137666202658,0.06
220.04142466279458,0.055
220.04147266356262,0.055
220.04152066433062,0.055
220.04156866509862,0.06
220.04161666586663,0.055
220.04166466663466,0.06
220.04171266740266,0.049999997
220.04176066817067,0.06
220.0418086689387,0.055
220.0418566697067,0.06
220.0419046704747,0.055
220.04195267124274,0.055
220.04200067201074,0.055
220.04204867277875,0.055
220.04209667354675,0.055
220.04214467431478,0.055
220.0421926750828,0.055
220.0422406758508,0.055
220.04228867661882,0.055
220.04233667738683,0.049999997
220.04238467815483,0.055
220.04243267892284,0.049999997
220.04248067969087,0.06
220.04252868045887,0.055
220.04257668122688,0.055
220.0426246819949,0.049999997
220.0426726827629,0.049999997
220.04272068353092,0.055
220.04276868429895,0.049999997
220.04281668506695,0.055
220.04286468583496,0.049999997
220.04291268660296,0.06
220.042960687371,0.055
220.043008688139,0.055
220.043056688907,0.055
220.04310468967503,0.055
220.04315269044304,0.055
220.04320069121104,0.055
220.04324869197904,0.044999998
220.04329669274708,0.049999997
220.04334469351508,0.055
220.04339269428309,0.049999997
220.04344069505112,0.055
220.04348869581912,0.049999997
220.04353669658713,0.065
220.04358469735516,0.06
220.04363269812316,0.055
220.04368069889117,0.055
220.04372869965917,0.049999997
220.0437767004272,0.06
220.0438247011952,0.055
220.0438727019632,0.049999997
220.04392070273124,0.055
220.04396870349925,0.055
220.04401670426725,0.055
220.04406470503525,0.055
220.0441127058033,0.055
220.0441607065713,0.049999997
220.0442087073393,0.055
220.04425670810733,0.055
220.04430470887533,0.049999997
220.04435270964333,0.06
220.04440071041137,0.06
220.04444871117937,0.055
220.04449671194737,0.06
220.04454471271538,0.049999997
220.0445927134834,0.055
220.04464071425141,0.055
220.04468871501942,0.055
220.04473671578745,0.055
220.04478471655545,0.055
220.04483271732346,0.055
220.04488071809146,0.044999998
220.0449287188595,0.055
220.0449767196275,0.055
220.0450247203955,0.055
220.04507272116354,0.055
220.04512072193154,0.06
220.04516872269954,0.055
220.04521672346758,0.06
220.04526472423558,0.055
220.04531272500358,0.055
220.0453607257716,0.055
220.04540872653962,0.06
220.04545672730762,0.055
220.04550472807563,0.055
220.04555272884366,0.049999997
220.04560072961166,0.06
220.04564873037967,0.049999997
220.04569673114767,0.055
220.0457447319157,0.055
220.0457927326837,0.055
220.0458407334517,0.049999997
220.04588873421974,0.055
220.04593673498775,0.049999997
220.04598473575575,0.06
220.04603273652378,0.049999997
220.0460807372918,0.055
220.0461287380598,0.055
220.0461767388278,0.055
220.04622473959583,0.055
220.04627274036383,0.055
220.04632074113184,0.055
220.04636874189987,0.055
220.04641674266787,0.055
220.04646474343588,0.055
220.04651274420388,0.055
220.0465607449719,0.055
220.04660874573992,0.055
220.04665674650792,0.049999997
220.04670474727595,0.055
220.04675274804396,0.055
220.04680074881196,0.055
220.04684874958,0.055
220.046896750348,0.055
220.046944751116,0.044999998
220.046992751884,0.049999997
220.04704075265204,0.055
220.04708875342004,0.049999997
220.04713675418805,0.055
220.04718475495608,0.055
220.04723275572408,0.055
220.04728075649209,0.049999997
220.0473287572601,0.055
220.04737675802812,0.049999997
220.04742475879613,0.06
220.04747275956413,0.055
220.04752076033216,0.055
220.04756876110017,0.049999997
220.04761676186817,0.049999997
220.0476647626362,0.055
220.0477127634042,0.055
220.0477607641722,0.06
220.0478087649402,0.049999997
220.04785676570825,0.049999997
220.04790476647625,0.049999997
220.04795276724425,0.049999997
220.0480007680123,0.055
220.0480487687803,0.06
220.0480967695483,0.055
220.0481447703163,0.055
220.04819277108433,0.055
220.04824077185233,0.055
220.04828877262034,0.06
220.04833677338837,0.049999997
220.04838477415637,0.055
220.04843277492438,0.06
220.0484807756924,0.055
220.04852877646042,0.049999997
220.04857677722842,0.055
220.04862477799642,0.055
220.04867277876446,0.055
220.04872077953246,0.055
220.04876878030046,0.055
220.0488167810685,0.055
220.0488647818365,0.055
220.0489127826045,0.055
220.0489607833725,0.055
220.04900878414054,0.049999997
220.04905678490854,0.06
220.04910478567655,0.049999997
220.04915278644458,0.055
220.04920078721258,0.055
220.0492487879806,0.06
220.04929678874862,0.049999997
220.04934478951662,0.049999997
220.04939279028463,0.055
220.04944079105263,0.049999997
220.04948879182066,0.055
220.04953679258867,0.055
220.04958479335667,0.049999997
220.0496327941247,0.055
220.0496807948927,0.049999997
220.0497287956607,0.049999997
220.04977679642872,0.055
220.04982479719675,0.049999997
220.04987279796475,0.06
220.04992079873276,0.049999997
220.0499687995008,0.06
220.0500168002688,0.049999997
220.0500648010368,0.049999997
220.05011280180483,0.06
220.05016080257283,0.049999997
220.05020880334084,0.049999997
220.05025680410884,0.055
220.05030480487687,0.06
220.05035280564488,0.06
220.05040080641288,0.055
220.0504488071809,0.055
220.05049680794892,0.049999997
220.05054480871692,0.055
220.05059280948493,0.049999997
220.05064081025296,0.055
220.05068881102096,0.055
220.05073681178897,0.06
220.050784812557,0.055
220.050832813325,0.06
220.050880814093,0.055
220.05092881486104,0.055
220.05097681562904,0.06
220.05102481639705,0.06
220.05107281716505,0.055
220.05112081793308,0.049999997
220.0511688187011,0.055
220.0512168194691,0.06
220.05126482023712,0.055
220.05131282100513,0.055
220.05136082177313,0.044999998
220.05140882254113,0.049999997
220.05145682330917,0.06
220.05150482407717,0.055
220.05155282484517,0.055
220.0516008256132,0.055
220.0516488263812,0.055
220.05169682714921,0.055
220.05174482791725,0.044999998
220.05179282868525,0.049999997
220.05184082945325,0.049999997
220.05188883022126,0.044999998
220.0519368309893,0.055
220.0519848317573,0.055
220.0520328325253,0.055
220.05208083329333,0.049999997
220.05212883406134,0.06
220.05217683482934,0.049999997
220.05222483559734,0.055
220.05227283636538,0.055
220.05232083713338,0.055
220.05236883790138,0.055
220.05241683866942,0.055
220.05246483943742,0.055
220.05251284020542,0.055
220.05256084097346,0.055
220.05260884174146,0.049999997
220.05265684250946,0.055
220.05270484327747,0.055
220.0527528440455,0.055
220.0528008448135,0.055
220.0528488455815,0.055
220.05289684634954,0.055
220.05294484711754,0.049999997
220.05299284788555,0.049999997
220.05304084865355,0.055
220.05308884942158,0.055
220.0531368501896,0.055
220.0531848509576,0.049999997
220.05323285172562,0.055
220.05328085249363,0.055
220.05332885326163,0.055
220.05337685402966,0.049999997
220.05342485479767,0.055
220.05347285556567,0.049999997
220.05352085633368,0.055
220.0535688571017,0.049999997
220.0536168578697,0.055
220.05366485863772,0.055
220.05371285940575,0.06
220.05376086017375,0.055
220.05380886094176,0.055
220.05385686170976,0.055
220.0539048624778,0.055
220.0539528632458,0.06
220.0540008640138,0.055
220.05404886478183,0.055
220.05409686554984,0.055
220.05414486631784,0.049999997
220.05419286708587,0.049999997
220.05424086785388,0.055
220.05428886862188,0.055
220.05433686938989,0.055
220.05438487015792,0.055
220.05443287092592,0.055
220.05448087169393,0.049999997
220.05452887246196,0.055
220.05457687322996,0.055
220.05462487399797,0.055
220.05467287476597,0.055
220.054720875534,0.055
220.054768876302,0.044999998
220.05481687707,0.055
220.05486487783804,0.055
220.05491287860605,0.055
220.05496087937405,0.055
220.05500888014208,0.049999997
220.0550568809101,0.055
220.0551048816781,0.055
220.0551528824461,0.055
220.05520088321413,0.055
220.05524888398213,0.049999997
220.05529688475013,0.06
220.05534488551817,0.055
220.05539288628617,0.055
220.05544088705417,0.055
220.05548888782218,0.049999997
220.0555368885902,0.06
220.05558488935822,0.049999997
220.05563289012622,0.049999997
220.05568089089425,0.055
220.05572889166226,0.049999997
220.05577689243026,0.055
220.0558248931983,0.055
220.0558728939663,0.06
220.0559208947343,0.049999997
220.0559688955023,0.06
220.05601689627034,0.055
220.05606489703834,0.06
220.05611289780634,0.055
220.05616089857438,0.049999997
220.05620889934238,0.049999997
220.05625690011038,0.055
220.0563049008784,0.055
220.05635290164642,0.049999997
220.05640090241442,0.055
220.05644890318243,0.055
220.05649690395046,0.049999997
220.05654490471846,0.055
220.05659290548647,0.055
220.0566409062545,0.055
220.0566889070225,0.055
220.0567369077905,0.055
220.0567849085585,0.049999997
220.05683290932654,0.049999997
220.05688091009455,0.055
220.05692891086255,0.055
220.05697691163058,0.049999997
220.0570249123986,0.055
220.0570729131666,0.055
220.0571209139346,0.055
220.05716891470263,0.06
220.05721691547063,0.055
220.05726491623864,0.049999997
220.05731291700667,0.049999997
220.05736091777467,0.055
220.05740891854268,0.06
220.0574569193107,0.049999997
220.0575049200787,0.055
220.05755292084672,0.049999997
220.05760092161472,0.06
220.05764892238275,0.055
220.05769692315076,0.055
220.05774492391876,0.049999997
220.0577929246868,0.055
220.0578409254548,0.049999997
220.0578889262228,0.055
220.0579369269908,0.055
220.05798492775884,0.049999997
220.05803292852684,0.049999997
220.05808092929485,0.055
220.05812893006288,0.055
220.05817693083088,0.049999997
220.0582249315989,0.049999997
220.05827293236692,0.055
220.05832093313492,0.049999997
220.05836893390293,0.055
220.05841693467093,0.049999997
220.05846493543896,0.055
220.05851293620697,0.049999997
220.05856093697497,0.055
220.058608937743,0.055
220.058656938511,0.06
220.058704939279,0.055
220.05875294004701,0.055
220.05880094081505,0.049999997
220.05884894158305,0.049999997
220.05889694235105,0.055
220.0589449431191,0.055
220.0589929438871,0.055
220.0590409446551,0.049999997
220.05908894542313,0.055
220.05913694619113,0.055
220.05918494695914,0.055
220.05923294772714,0.06
220.05928094849517,0.049999997
220.05932894926318,0.055
220.05937695003118,0.06
220.0594249507992,0.06
220.05947295156722,0.055
220.05952095233522,0.06
220.05956895310322,0.055
220.05961695387126,0.049999997
220.05966495463926,0.055
220.05971295540726,0.055
220.0597609561753,0.049999997
220.0598089569433,0.055
220.0598569577113,0.049999997
220.05990495847934,0.055
220.05995295924734,0.055
220.06000096001534,0.049999997
220.06004896078335,0.049999997
220.06009696155138,0.055
220.06014496231938,0.055
220.0601929630874,0.055
220.06024096385542,0.055
220.06028896462342,0.055
220.06033696539143,0.055
220.06038496615943,0.055
220.06043296692746,0.055
220.06048096769547,0.049999997
220.06052896846347,0.065
220.0605769692315,0.055
220.0606249699995,0.06
220.0606729707675,0.055
220.06072097153552,0.049999997
220.06076897230355,0.055
220.06081697307155,0.049999997
220.06086497383956,0.055
220.0609129746076,0.055
220.0609609753756,0.055
220.0610089761436,0.055
220.06105697691163,0.049999997
220.06110497767963,0.049999997
220.06115297844764,0.06
220.06120097921564,0.055
220.06124897998367,0.049999997
220.06129698075168,0.055
220.06134498151968,0.055
220.0613929822877,0.049999997
220.06144098305572,0.049999997
220.06148898382372,0.055
220.06153698459173,0.049999997
220.06158498535976,0.049999997
220.06163298612776,0.049999997
220.06168098689577,0.049999997
220.0617289876638,0.055
220.0617769884318,0.049999997
220.0618249891998,0.06
220.06187298996784,0.055
220.06192099073584,0.055
220.06196899150385,0.055
220.06201699227185,0.055
220.06206499303988,0.055
220.0621129938079,0.06
220.0621609945759,0.055
220.06220899534392,0.055
220.06225699611193,0.049999997
220.06230499687993,0.055
220.06235299764793,0.055
220.06240099841597,0.049999997
220.06244899918397,0.055
220.06249699995197,0.06
220.06254500072,0.049999997
220.062593001488,0.049999997
220.06264100225602,0.055
220.06268900302405,0.055
220.06273700379205,0.055
220.06278500456006,0.055
220.06283300532806,0.055
220.0628810060961,0.055
220.0629290068641,0.055
220.0629770076321,0.049999997
220.06302500840013,0.049999997
220.06307300916814,0.055
220.06312100993614,0.049999997
220.06316901070414,0.049999997
220.06321701147218,0.06
220.06326501224018,0.055
220.06331301300818,0.049999997
220.06336101377622,0.055
220.06340901454422,0.049999997
220.06345701531222,0.055
220.06350501608026,0.049999997
220.06355301684826,0.055
220.06360101761626,0.055
220.06364901838427,0.055
220.0636970191523,0.055
220.0637450199203,0.055
220.0637930206883,0.055
220.06384102145634,0.055
220.06388902222434,0.049999997
220.06393702299235,0.055
220.06398502376035,0.049999997
220.06403302452838,0.049999997
220.0640810252964,0.055
220.0641290260644,0.055
220.06417702683243,0.055
220.06422502760043,0.055
220.06427302836843,0.049999997
220.06432102913647,0.049999997
220.06436902990447,0.055
220.06441703067247,0.049999997
220.06446503144048,0.049999997
220.0645130322085,0.055
220.0645610329765,0.049999997
220.06460903374452,0.06
220.06465703451255,0.055
220.06470503528055,0.055
220.06475303604856,0.055
220.06480103681656,0.055
220.0648490375846,0.055
220.0648970383526,0.049999997
220.0649450391206,0.049999997
220.06499303988863,0.055
220.06504104065664,0.049999997
220.06508904142464,0.049999997
220.06513704219267,0.055
220.06518504296068,0.06
220.06523304372868,0.06
220.0652810444967,0.049999997
220.06532904526472,0.049999997
220.06537704603272,0.055
220.06542504680073,0.049999997
220.06547304756876,0.049999997
220.06552104833676,0.055
220.06556904910477,0.055
220.06561704987277,0.055
220.0656650506408,0.049999997
220.0657130514088,0.055
220.0657610521768,0.055
220.06580905294484,0.055
220.06585705371285,0.055
220.06590505448085,0.06
220.06595305524888,0.049999997
220.0660010560169,0.055
220.0660490567849,0.055
220.0660970575529,0.055
220.06614505832093,0.06
220.06619305908893,0.06
220.06624105985694,0.049999997
220.06628906062497,0.055
220.06633706139297,0.055
220.06638506216098,0.055
220.06643306292898,0.055
220.066481063697,0.06
220.06652906446502,0.055
220.06657706523302,0.049999997
220.06662506600105,0.06
220.06667306676906,0.049999997
220.06672106753706,0.055
220.0667690683051,0.049999997
220.0668170690731,0.055
220.0668650698411,0.049999997
220.0669130706091,0.055
220.06696107137714,0.049999997
220.06700907214514,0.049999997
220.06705707291314,0.055
220.06710507368118,0.049999997
220.06715307444918,0.055
220.06720107521718,0.044999998
220.0672490759852,0.049999997
220.06729707675322,0.049999997
220.06734507752122,0.049999997
220.06739307828923,0.055
220.06744107905726,0.049999997
220.06748907982526,0.055
220.06753708059327,0.049999997
220.0675850813613,0.055
220.0676330821293,0.049999997
220.0676810828973,0.055
220.0677290836653,0.049999997
220.06777708443335,0.055
220.06782508520135,0.06
220.06787308596935,0.049999997
220.06792108673739,0.055
220.0679690875054,0.055
220.0680170882734,0.049999997
220.0680650890414,0.049999997
220.06811308980943,0.055
220.06816109057743,0.044999998
220.06820909134544,0.049999997
220.06825709211347,0.06
220.06830509288147,0.055
220.06835309364948,0.06
220.0684010944175,0.055
220.0684490951855,0.06
220.06849709595352,0.055
220.06854509672152,0.055
220.06859309748955,0.055
220.06864109825756,0.049999997
220.06868909902556,0.055
220.0687370997936,0.049999997
220.0687851005616,0.055
220.0688331013296,0.06
220.0688811020976,0.055
220.06892910286564,0.055
220.06897710363364,0.055
220.06902510440165,0.055
220.06907310516968,0.055
220.06912110593768,0.055
220.0691691067057,0.055
220.06921710747372,0.055
220.06926510824172,0.06
220.06931310900973,0.055
220.06936110977773,0.049999997
220.06940911054576,0.055
220.06945711131377,0.055
220.06950511208177,0.055
220.0695531128498,0.055
220.0696011136178,0.06
220.0696491143858,0.055
220.06969711515382,0.055
220.06974511592185,0.049999997
220.06979311668985,0.049999997
220.06984111745786,0.06
220.0698891182259,0.06
220.0699371189939,0.06
220.0699851197619,0.055
220.07003312052993,0.06
220.07008112129793,0.049999997
220.07012912206594,0.06
220.07017712283394,0.055
220.07022512360197,0.06
220.07027312436998,0.049999997
220.07032112513798,0.06
220.070369125906,0.055
220.07041712667402,0.06
220.07046512744202,0.055
220.07051312821002,0.049999997
220.07056112897806,0.055
220.07060912974606,0.049999997
220.07065713051406,0.049999997
220.0707051312821,0.049999997
220.0707531320501,0.055
220.0708011328181,0.049999997
220.07084913358614,0.049999997
220.07089713435414,0.055
220.07094513512214,0.055
220.07099313589015,0.049999997
220.07104113665818,0.055
220.07108913742618,0.049999997
220.0711371381942,0.06
220.07118513896222,0.049999997
220.07123313973023,0.06
220.07128114049823,0.055
220.07132914126623,0.06
220.07137714203427,0.06
220.07142514280227,0.055
220.07147314357027,0.055
220.0715211443383,0.049999997
220.0715691451063,0.049999997
220.0716171458743,0.049999997
220.07166514664235,0.055
220.07171314741035,0.06
220.07176114817835,0.055
220.07180914894636,0.055
220.0718571497144,0.055
220.0719051504824,0.055
220.0719531512504,0.049999997
220.07200115201843,0.055
220.07204915278643,0.055
220.07209715355444,0.055
220.07214515432244,0.049999997
220.07219315509047,0.06
220.07224115585848,0.055
220.07228915662648,0.049999997
220.07233715739451,0.055
220.07238515816252,0.049999997
220.07243315893052,0.049999997
220.07248115969855,0.06
220.07252916046656,0.055
220.07257716123456,0.049999997
220.07262516200257,0.055
220.0726731627706,0.055
220.0727211635386,0.049999997
220.0727691643066,0.055
220.07281716507464,0.055
220.07286516584264,0.06
220.07291316661065,0.055
220.07296116737865,0.055
220.07300916814668,0.06
220.0730571689147,0.055
220.0731051696827,0.06
220.07315317045072,0.049999997
220.07320117121873,0.055
220.07324917198673,0.049999997
220.07329717275476,0.055
220.07334517352277,0.049999997
220.07339317429077,0.06
220.07344117505878,0.049999997
220.0734891758268,0.049999997
220.0735371765948,0.049999997
220.07358517736282,0.055
220.07363317813085,0.049999997
220.07368117889885,0.06
220.07372917966686,0.055
220.07377718043486,0.06
220.0738251812029,0.055
220.0738731819709,0.06
220.0739211827389,0.055
220.07396918350693,0.06
220.07401718427494,0.055
220.07406518504294,0.049999997
220.07411318581097,0.049999997
220.07416118657898,0.06
220.07420918734698,0.049999997
220.07425718811498,0.049999997
220.07430518888302,0.049999997
220.07435318965102,0.055
220.07440119041902,0.049999997
220.07444919118706,0.06
220.07449719195506,0.055
220.07454519272306,0.06
220.07459319349107,0.055
220.0746411942591,0.06
220.0746891950271,0.055
220.0747371957951,0.055
220.07478519656314,0.055
220.07483319733115,0.055
220.07488119809915,0.055
220.07492919886718,0.055
220.07497719963519,0.055
220.0750252004032,0.055
220.0750732011712,0.055
220.07512120193923,0.055
220.07516920270723,0.055
220.07521720347523,0.049999997
220.07526520424327,0.055
220.07531320501127,0.055
220.07536120577927,0.049999997
220.07540920654728,0.055
220.0754572073153,0.055
220.0755052080833,0.055
220.07555320885132,0.055
220.07560120961935,0.055
220.07564921038735,0.055
220.07569721115536,0.049999997
220.0757452119234,0.055
220.0757932126914,0.049999997
220.0758412134594,0.049999997
220.0758892142274,0.049999997
220.07593721499543,0.049999997
220.07598521576344,0.055
220.07603321653144,0.049999997
220.07608121729947,0.049999997
220.07612921806748,0.049999997
220.07617721883548,0.055
220.0762252196035,0.055
220.07627322037152,0.055
220.07632122113952,0.065
220.07636922190753,0.049999997
220.07641722267556,0.06
220.07646522344356,0.055
220.07651322421157,0.055
220.0765612249796,0.055
220.0766092257476,0.049999997
220.0766572265156,0.049999997
220.0767052272836,0.055
220.07675322805164,0.055
220.07680122881965,0.055
220.07684922958765,0.049999997
220.07689723035568,0.049999997
220.0769452311237,0.055
220.0769932318917,0.049999997
220.0770412326597,0.06
220.07708923342773,0.049999997
220.07713723419573,0.055
220.07718523496374,0.055
220.07723323573177,0.055
220.07728123649977,0.055
220.07732923726778,0.06
220.0773772380358,0.055
220.0774252388038,0.06
220.07747323957182,0.055
220.07752124033982,0.06
220.07756924110785,0.055
220.07761724187586,0.049999997
220.07766524264386,0.055
220.0777132434119,0.049999997
220.0777612441799,0.055
220.0778092449479,0.055
220.0778572457159,0.055
220.07790524648394,0.055
220.07795324725194,0.055
220.07800124801994,0.06
220.07804924878798,0.049999997
220.07809724955598,0.055
220.07814525032398,0.055
220.07819325109202,0.049999997
220.07824125186002,0.055
220.07828925262802,0.055
220.07833725339603,0.055
220.07838525416406,0.049999997
220.07843325493207,0.049999997
220.07848125570007,0.055
220.0785292564681,0.055
220.0785772572361,0.06
220.0786252580041,0.049999997
220.0786732587721,0.055
220.07872125954015,0.055
220.07876926030815,0.055
220.07881726107615,0.055
220.0788652618442,0.06
220.0789132626122,0.06
220.0789612633802,0.049999997
220.07900926414823,0.065
220.07905726491623,0.049999997
220.07910526568423,0.055
220.07915326645224,0.055
220.07920126722027,0.055
220.07924926798827,0.055
220.07929726875628,0.055
220.0793452695243,0.055
220.07939327029231,0.055
220.07944127106032,0.055
220.07948927182832,0.055
220.07953727259635,0.049999997
220.07958527336436,0.055
220.07963327413236,0.055
220.0796812749004,0.049999997
220.0797292756684,0.06
220.0797772764364,0.055
220.07982527720443,0.055
220.07987327797244,0.06
220.07992127874044,0.055
220.07996927950845,0.049999997
220.08001728027648,0.06
220.08006528104448,0.049999997
220.0801132818125,0.049999997
220.08016128258052,0.049999997
220.08020928334852,0.049999997
220.08025728411653,0.049999997
220.08030528488453,0.055
220.08035328565256,0.055
220.08040128642057,0.055
220.08044928718857,0.06
220.0804972879566,0.055
220.0805452887246,0.055
220.0805932894926,0.049999997
220.08064129026064,0.055
220.08068929102865,0.049999997
220.08073729179665,0.055
220.08078529256466,0.049999997
220.0808332933327,0.049999997
220.0808812941007,0.055
220.0809292948687,0.055
220.08097729563673,0.055
220.08102529640473,0.055
220.08107329717274,0.055
220.08112129794074,0.06
220.08116929870877,0.06
220.08121729947678,0.055
220.08126530024478,0.06
220.0813133010128,0.055
220.08136130178082,0.055
220.08140930254882,0.055
220.08145730331685,0.055
220.08150530408486,0.049999997
220.08155330485286,0.049999997
220.08160130562086,0.055
220.0816493063889,0.06
220.0816973071569,0.055
220.0817453079249,0.055
220.08179330869294,0.055
220.08184130946094,0.055
220.08188931022895,0.055
220.08193731099695,0.055
220.08198531176498,0.049999997
220.08203331253299,0.049999997
220.082081313301,0.055
220.08212931406902,0.049999997
220.08217731483703,0.06
220.08222531560503,0.049999997
220.08227331637306,0.055
220.08232131714107,0.049999997
220.08236931790907,0.06
220.08241731867707,0.055
220.0824653194451,0.055
220.0825133202131,0.049999997
220.0825613209811,0.06
220.08260932174915,0.049999997
220.08265732251715,0.055
220.08270532328515,0.049999997
220.08275332405316,0.055
220.0828013248212,0.049999997
220.0828493255892,0.049999997
220.0828973263572,0.049999997
220.08294532712523,0.06
220.08299332789323,0.049999997
220.08304132866124,0.049999997
220.08308932942927,0.06
220.08313733019727,0.065
220.08318533096528,0.055
220.08323333173328,0.06
220.08328133250131,0.049999997
220.08332933326932,0.06
220.08337733403732,0.055
220.08342533480536,0.065
220.08347333557336,0.055
220.08352133634136,0.055
220.08356933710937,0.055
220.0836173378774,0.06
220.0836653386454,0.055
220.0837133394134,0.06
220.08376134018144,0.055
220.08380934094944,0.06
220.08385734171745,0.055
220.08390534248548,0.06
220.08395334325348,0.044999998
220.0840013440215,0.06
220.0840493447895,0.049999997
220.08409734555752,0.055
220.08414534632553,0.055
220.08419334709353,0.055
220.08424134786156,0.055
220.08428934862957,0.06
220.08433734939757,0.055
220.08438535016558,0.055
220.0844333509336,0.049999997
220.0844813517016,0.06
220.08452935246962,0.055
220.08457735323765,0.055
220.08462535400565,0.049999997
220.08467335477366,0.065
220.0847213555417,0.06
220.0847693563097,0.06
220.0848173570777,0.049999997
220.0848653578457,0.06
220.08491335861373,0.055
220.08496135938174,0.06
220.08500936014974,0.055
220.08505736091777,0.065
220.08510536168578,0.055
220.08515336245378,0.049999997
220.08520136322178,0.055
220.08524936398982,0.049999997
220.08529736475782,0.055
220.08534536552582,0.055
220.08539336629386,0.055
220.08544136706186,0.06
220.08548936782987,0.055
220.0855373685979,0.06
220.0855853693659,0.049999997
220.0856333701339,0.06
220.0856813709019,0.055
220.08572937166994,0.055
220.08577737243795,0.055
220.08582537320595,0.06
220.08587337397398,0.055
220.085921374742,0.055
220.08596937551,0.055
220.086017376278,0.055
220.08606537704603,0.055
220.08611337781403,0.049999997
220.08616137858203,0.049999997
220.08620937935007,0.049999997
220.08625738011807,0.055
220.08630538088607,0.055
220.0863533816541,0.049999997
220.0864013824221,0.055
220.08644938319011,0.055
220.08649738395812,0.055
220.08654538472615,0.055
220.08659338549415,0.06
220.08664138626216,0.055
220.0866893870302,0.055
220.0867373877982,0.049999997
220.0867853885662,0.055
220.0868333893342,0.049999997
220.08688139010223,0.055
220.08692939087024,0.055
220.08697739163824,0.055
220.08702539240628,0.06
220.08707339317428,0.049999997
220.08712139394228,0.055
220.08716939471032,0.049999997
220.08721739547832,0.055
220.08726539624632,0.055
220.08731339701433,0.055
220.08736139778236,0.055
220.08740939855036,0.055
220.08745739931837,0.049999997
220.0875054000864,0.049999997
220.0875534008544,0.049999997
220.0876014016224,0.055
220.0876494023904,0.055
220.08769740315844,0.06
220.08774540392645,0.055
220.08779340469445,0.055
220.08784140546248,0.055
220.0878894062305,0.055
220.0879374069985,0.055
220.08798540776652,0.06
220.08803340853453,0.055
220.08808140930253,0.055
220.08812941007054,0.055
220.08817741083857,0.06
220.08822541160657,0.049999997
220.08827341237458,0.055
220.0883214131426,0.055
220.0883694139106,0.055
220.08841741467862,0.055
220.08846541544662,0.055
220.08851341621465,0.055
220.08856141698266,0.055
220.08860941775066,0.055
220.0886574185187,0.055
220.0887054192867,0.055
220.0887534200547,0.055
220.08880142082273,0.055
220.08884942159074,0.06
220.08889742235874,0.055
220.08894542312675,0.049999997
220.08899342389478,0.049999997
220.08904142466278,0.055
220.08908942543079,0.055
220.08913742619882,0.049999997
220.08918542696682,0.055
