Time (s),Data
1.739835837373398,0.055
1.7398838381414101,0.049999997
1.7399318389094225,0.055
1.7399798396774346,0.049999997
1.740027840445447,0.055
1.7400758412134594,0.055
1.7401238419814715,0.06
1.7401718427494839,0.055
1.7402198435174963,0.055
1.7402678442855084,0.055
1.7403158450535208,0.06
1.7403638458215331,0.055
1.7404118465895453,0.049999997
1.7404598473575577,0.06
1.7405078481255698,0.049999997
1.7405558488935822,0.055
1.7406038496615945,0.049999997
1.7406518504296067,0.055
1.740699851197619,0.055
1.7407478519656314,0.06
1.7407958527336436,0.049999997
1.740843853501656,0.055
1.7408918542696683,0.055
1.7409398550376805,0.049999997
1.7409878558056928,0.049999997
1.741035856573705,0.049999997
1.7410838573417173,0.055
1.7411318581097297,0.055
1.7411798588777418,0.06
1.7412278596457542,0.055
1.7412758604137666,0.049999997
1.7413238611817787,0.06
1.741371861949791,0.049999997
1.7414198627178035,0.055
1.7414678634858156,0.055
1.741515864253828,0.055
1.7415638650218404,0.049999997
1.7416118657898525,0.055
1.7416598665578649,0.049999997
1.741707867325877,0.049999997
1.7417558680938894,0.055
1.7418038688619017,0.049999997
1.741851869629914,0.055
1.7418998703979263,0.049999997
1.7419478711659386,0.055
1.7419958719339508,0.055
1.7420438727019631,0.055
1.7420918734699755,0.055
1.7421398742379877,0.055
1.742187875006,0.055
1.7422358757740122,0.055
1.7422838765420245,0.055
1.742331877310037,0.049999997
1.742379878078049,0.055
1.7424278788460614,0.049999997
1.7424758796140738,0.049999997
1.742523880382086,0.049999997
1.7425718811500983,0.055
1.7426198819181107,0.055
1.7426678826861228,0.055
1.7427158834541352,0.055
1.7427638842221473,0.06
1.7428118849901597,0.055
1.742859885758172,0.055
1.7429078865261842,0.06
1.7429558872941966,0.06
1.743003888062209,0.055
1.743051888830221,0.055
1.7430998895982335,0.06
1.7431478903662458,0.055
1.743195891134258,0.049999997
1.7432438919022704,0.06
1.7432918926702827,0.055
1.7433398934382949,0.06
1.7433878942063072,0.049999997
1.7434358949743194,0.065
1.7434838957423318,0.055
1.7435318965103441,0.049999997
1.7435798972783563,0.055
1.7436278980463686,0.049999997
1.743675898814381,0.049999997
1.7437238995823932,0.055
1.7437719003504055,0.055
1.743819901118418,0.055
1.74386790188643,0.06
1.7439159026544424,0.06
1.7439639034224546,0.055
1.744011904190467,0.055
1.7440599049584793,0.055
1.7441079057264914,0.055
1.7441559064945038,0.055
1.7442039072625162,0.049999997
1.7442519080305283,0.055
1.7442999087985407,0.049999997
1.744347909566553,0.06
1.7443959103345652,0.055
1.7444439111025776,0.049999997
1.7444919118705897,0.049999997
1.744539912638602,0.055
1.7445879134066145,0.055
1.7446359141746266,0.055
1.744683914942639,0.055
1.7447319157106513,0.06
1.7447799164786635,0.049999997
1.7448279172466759,0.055
1.7448759180146882,0.055
1.7449239187827004,0.055
1.7449719195507127,0.049999997
1.7450199203187249,0.055
1.7450679210867373,0.055
1.7451159218547496,0.055
1.7451639226227618,0.055
1.7452119233907741,0.055
1.7452599241587865,0.049999997
1.7453079249267986,0.055
1.745355925694811,0.049999997
1.7454039264628234,0.055
1.7454519272308355,0.055
1.745499927998848,0.055
1.7455479287668603,0.055
1.7455959295348724,0.055
1.7456439303028848,0.049999997
1.745691931070897,0.055
1.7457399318389093,0.055
1.7457879326069217,0.055
1.7458359333749338,0.049999997
1.7458839341429462,0.055
1.7459319349109585,0.049999997
1.7459799356789707,0.06
1.746027936446983,0.049999997
1.7460759372149954,0.06
1.7461239379830076,0.049999997
1.74617193875102,0.055
1.746219939519032,0.06
1.7462679402870445,0.049999997
1.7463159410550568,0.049999997
1.746363941823069,0.055
1.7464119425910813,0.055
1.7464599433590937,0.055
1.7465079441271059,0.055
1.7465559448951182,0.049999997
1.7466039456631306,0.055
1.7466519464311427,0.06
1.7466999471991551,0.055
1.7467479479671673,0.055
1.7467959487351796,0.055
1.746843949503192,0.055
1.7468919502712041,0.055
1.7469399510392165,0.055
1.7469879518072289,0.06
1.747035952575241,0.055
1.7470839533432534,0.055
1.7471319541112658,0.06
1.747179954879278,0.055
1.7472279556472903,0.055
1.7472759564153026,0.055
1.7473239571833148,0.055
1.7473719579513272,0.049999997
1.7474199587193393,0.055
1.7474679594873517,0.055
1.747515960255364,0.055
1.7475639610233762,0.055
1.7476119617913886,0.055
1.747659962559401,0.049999997
1.747707963327413,0.055
1.7477559640954254,0.049999997
1.7478039648634378,0.055
1.74785196563145,0.049999997
1.7478999663994623,0.055
1.7479479671674745,0.049999997
1.7479959679354868,0.06
1.7480439687034992,0.049999997
1.7480919694715114,0.055
1.7481399702395237,0.049999997
1.748187971007536,0.055
1.7482359717755482,0.049999997
1.7482839725435606,0.055
1.748331973311573,0.049999997
1.7483799740795851,0.055
1.7484279748475975,0.049999997
1.7484759756156096,0.055
1.748523976383622,0.055
1.7485719771516344,0.055
1.7486199779196465,0.055
1.7486679786876589,0.049999997
1.7487159794556713,0.049999997
1.7487639802236834,0.055
1.7488119809916958,0.055
1.7488599817597081,0.06
1.7489079825277203,0.055
1.7489559832957327,0.055
1.749003984063745,0.055
1.7490519848317572,0.055
1.7490999855997695,0.055
1.7491479863677817,0.055
1.749195987135794,0.06
1.7492439879038064,0.055
1.7492919886718186,0.055
1.749339989439831,0.049999997
1.7493879902078433,0.055
1.7494359909758554,0.049999997
1.7494839917438678,0.049999997
1.7495319925118802,0.049999997
1.7495799932798923,0.055
1.7496279940479047,0.055
1.7496759948159168,0.049999997
1.7497239955839292,0.06
1.7497719963519416,0.049999997
1.7498199971199537,0.055
1.749867997887966,0.049999997
1.7499159986559785,0.06
1.7499639994239906,0.049999997
1.750012000192003,0.06
1.7500600009600153,0.049999997
1.7501080017280275,0.06
1.7501560024960399,0.055
1.750204003264052,0.06
1.7502520040320644,0.055
1.7503000048000767,0.065
1.750348005568089,0.055
1.7503960063361013,0.065
1.7504440071041136,0.055
1.7504920078721258,0.06
1.7505400086401381,0.055
1.7505880094081505,0.06
1.7506360101761627,0.055
1.750684010944175,0.049999997
1.7507320117121874,0.055
1.7507800124801995,0.055
1.750828013248212,0.049999997
1.750876014016224,0.055
1.7509240147842364,0.055
1.7509720155522488,0.055
1.751020016320261,0.06
1.7510680170882733,0.055
1.7511160178562857,0.049999997
1.7511640186242978,0.06
1.7512120193923102,0.055
1.7512600201603226,0.055
1.7513080209283347,0.055
1.751356021696347,0.06
1.7514040224643592,0.065
1.7514520232323716,0.055
1.751500024000384,0.049999997
1.751548024768396,0.06
1.7515960255364085,0.049999997
1.7516440263044208,0.06
1.751692027072433,0.055
1.7517400278404454,0.055
1.7517880286084577,0.055
1.7518360293764699,0.07
1.7518840301444822,0.055
1.7519320309124944,0.055
1.7519800316805068,0.055
1.7520280324485191,0.055
1.7520760332165313,0.055
1.7521240339845436,0.049999997
1.752172034752556,0.055
1.7522200355205682,0.055
1.7522680362885805,0.055
1.752316037056593,0.049999997
1.752364037824605,0.055
1.7524120385926174,0.049999997
1.7524600393606296,0.055
1.752508040128642,0.049999997
1.7525560408966543,0.049999997
1.7526040416646664,0.049999997
1.7526520424326788,0.049999997
1.7527000432006912,0.049999997
1.7527480439687033,0.049999997
1.7527960447367157,0.049999997
1.752844045504728,0.049999997
1.7528920462727402,0.055
1.7529400470407526,0.055
1.752988047808765,0.055
1.753036048576777,0.055
1.7530840493447895,0.049999997
1.7531320501128016,0.049999997
1.753180050880814,0.055
1.7532280516488263,0.06
1.7532760524168385,0.055
1.7533240531848509,0.055
1.7533720539528632,0.055
1.7534200547208754,0.055
1.7534680554888877,0.049999997
1.7535160562569,0.055
1.7535640570249122,0.049999997
1.7536120577929246,0.055
1.7536600585609368,0.055
1.7537080593289491,0.049999997
1.7537560600969615,0.055
1.7538040608649736,0.055
1.753852061632986,0.055
1.7539000624009984,0.055
1.7539480631690105,0.055
1.753996063937023,0.055
1.7540440647050353,0.049999997
1.7540920654730474,0.055
1.7541400662410598,0.055
1.754188067009072,0.055
1.7542360677770843,0.055
1.7542840685450967,0.049999997
1.7543320693131088,0.055
1.7543800700811212,0.055
1.7544280708491335,0.06
1.7544760716171457,0.055
1.754524072385158,0.049999997
1.7545720731531704,0.055
1.7546200739211826,0.049999997
1.754668074689195,0.055
1.7547160754572073,0.055
1.7547640762252195,0.055
1.7548120769932318,0.055
1.754860077761244,0.055
1.7549080785292563,0.044999998
1.7549560792972687,0.055
1.7550040800652809,0.055
1.7550520808332932,0.049999997
1.7551000816013056,0.055
1.7551480823693177,0.049999997
1.75519608313733,0.055
1.7552440839053425,0.049999997
1.7552920846733546,0.055
1.755340085441367,0.049999997
1.7553880862093791,0.055
1.7554360869773915,0.055
1.7554840877454039,0.044999998
1.755532088513416,0.049999997
1.7555800892814284,0.055
1.7556280900494408,0.06
1.755676090817453,0.049999997
1.7557240915854653,0.055
1.7557720923534776,0.044999998
1.7558200931214898,0.06
1.7558680938895022,0.049999997
1.7559160946575143,0.055
1.7559640954255267,0.055
1.756012096193539,0.06
1.7560600969615512,0.06
1.7561080977295636,0.055
1.756156098497576,0.055
1.756204099265588,0.055
1.7562521000336004,0.049999997
1.7563001008016128,0.055
1.756348101569625,0.055
1.7563961023376373,0.055
1.7564441031056497,0.055
1.7564921038736618,0.055
1.7565401046416742,0.06
1.7565881054096864,0.055
1.7566361061776987,0.055
1.756684106945711,0.06
1.7567321077137232,0.055
1.7567801084817356,0.055
1.756828109249748,0.055
1.7568761100177601,0.055
1.7569241107857725,0.049999997
1.7569721115537849,0.055
1.757020112321797,0.055
1.7570681130898094,0.055
1.7571161138578215,0.055
1.7571641146258339,0.055
1.7572121153938463,0.049999997
1.7572601161618584,0.055
1.7573081169298708,0.055
1.7573561176978831,0.055
1.7574041184658953,0.049999997
1.7574521192339077,0.055
1.75750012000192,0.049999997
1.7575481207699322,0.055
1.7575961215379445,0.055
1.7576441223059567,0.055
1.757692123073969,0.049999997
1.7577401238419814,0.055
1.7577881246099936,0.049999997
1.757836125378006,0.055
1.7578841261460183,0.055
1.7579321269140304,0.055
1.7579801276820428,0.055
1.7580281284500552,0.055
1.7580761292180673,0.055
1.7581241299860797,0.055
1.758172130754092,0.06
1.7582201315221042,0.055
1.7582681322901166,0.055
1.7583161330581287,0.055
1.758364133826141,0.055
1.7584121345941535,0.06
1.7584601353621656,0.055
1.758508136130178,0.055
1.7585561368981903,0.049999997
1.7586041376662025,0.049999997
1.7586521384342149,0.055
1.7587001392022272,0.049999997
1.7587481399702394,0.055
1.7587961407382517,0.055
1.758844141506264,0.055
1.7588921422742763,0.055
1.7589401430422886,0.055
1.7589881438103008,0.055
1.7590361445783131,0.055
1.7590841453463255,0.055
1.7591321461143377,0.055
1.75918014688235,0.049999997
1.7592281476503624,0.055
1.7592761484183745,0.055
1.759324149186387,0.049999997
1.759372149954399,0.049999997
1.7594201507224114,0.055
1.7594681514904238,0.055
1.759516152258436,0.055
1.7595641530264483,0.055
1.7596121537944607,0.055
1.7596601545624728,0.049999997
1.7597081553304852,0.055
1.7597561560984976,0.055
1.7598041568665097,0.055
1.759852157634522,0.055
1.7599001584025344,0.055
1.7599481591705466,0.055
1.759996159938559,0.055
1.760044160706571,0.055
1.7600921614745835,0.049999997
1.7601401622425958,0.055
1.760188163010608,0.06
1.7602361637786204,0.049999997
1.7602841645466327,0.055
1.7603321653146449,0.049999997
1.7603801660826572,0.055
1.7604281668506696,0.049999997
1.7604761676186818,0.06
1.7605241683866941,0.055
1.7605721691547063,0.055
1.7606201699227186,0.055
1.760668170690731,0.055
1.7607161714587432,0.049999997
1.7607641722267555,0.055
1.7608121729947679,0.055
1.76086017376278,0.055
1.7609081745307924,0.049999997
1.7609561752988048,0.049999997
1.761004176066817,0.049999997
1.7610521768348293,0.055
1.7611001776028414,0.055
1.7611481783708538,0.055
1.7611961791388662,0.055
1.7612441799068783,0.06
1.7612921806748907,0.055
1.761340181442903,0.055
1.7613881822109152,0.055
1.7614361829789276,0.049999997
1.76148418374694,0.049999997
1.761532184514952,0.044999998
1.7615801852829645,0.049999997
1.7616281860509766,0.055
1.761676186818989,0.049999997
1.7617241875870013,0.055
1.7617721883550135,0.049999997
1.7618201891230258,0.055
1.7618681898910382,0.049999997
1.7619161906590504,0.055
1.7619641914270627,0.049999997
1.762012192195075,0.055
1.7620601929630872,0.055
1.7621081937310996,0.065
1.762156194499112,0.055
1.7622041952671241,0.06
1.7622521960351365,0.055
1.7623001968031486,0.055
1.762348197571161,0.055
1.7623961983391734,0.06
1.7624441991071855,0.049999997
1.762492199875198,0.06
1.7625402006432103,0.049999997
1.7625882014112224,0.06
1.7626362021792348,0.049999997
1.7626842029472471,0.06
1.7627322037152593,0.055
1.7627802044832717,0.049999997
1.7628282052512838,0.049999997
1.7628762060192962,0.049999997
1.7629242067873085,0.055
1.7629722075553207,0.055
1.763020208323333,0.055
1.7630682090913454,0.055
1.7631162098593576,0.06
1.76316421062737,0.055
1.7632122113953823,0.055
1.7632602121633945,0.055
1.7633082129314068,0.049999997
1.763356213699419,0.06
1.7634042144674313,0.049999997
1.7634522152354437,0.055
1.7635002160034559,0.055
1.7635482167714682,0.06
1.7635962175394806,0.06
1.7636442183074927,0.055
1.763692219075505,0.055
1.7637402198435175,0.055
1.7637882206115296,0.055
1.763836221379542,0.055
1.7638842221475544,0.06
1.7639322229155665,0.055
1.7639802236835789,0.06
1.764028224451591,0.049999997
1.7640762252196034,0.055
1.7641242259876158,0.055
1.764172226755628,0.055
1.7642202275236403,0.055
1.7642682282916526,0.055
1.7643162290596648,0.055
1.7643642298276772,0.055
1.7644122305956895,0.055
1.7644602313637017,0.049999997
1.764508232131714,0.055
1.7645562328997262,0.055
1.7646042336677386,0.049999997
1.764652234435751,0.06
1.764700235203763,0.06
1.7647482359717754,0.055
1.7647962367397878,0.055
1.7648442375078,0.055
1.7648922382758123,0.055
1.7649402390438247,0.055
1.7649882398118368,0.055
1.7650362405798492,0.049999997
1.7650842413478613,0.055
1.7651322421158737,0.055
1.765180242883886,0.049999997
1.7652282436518982,0.049999997
1.7652762444199106,0.055
1.765324245187923,0.055
1.7653722459559351,0.049999997
1.7654202467239475,0.055
1.7654682474919599,0.049999997
1.765516248259972,0.049999997
1.7655642490279844,0.055
1.7656122497959967,0.055
1.7656602505640089,0.049999997
1.7657082513320213,0.055
1.7657562521000334,0.06
1.7658042528680458,0.06
1.7658522536360581,0.055
1.7659002544040703,0.049999997
1.7659482551720826,0.049999997
1.765996255940095,0.055
1.7660442567081072,0.055
1.7660922574761195,0.06
1.766140258244132,0.049999997
1.766188259012144,0.055
1.7662362597801564,0.055
1.7662842605481686,0.055
1.766332261316181,0.055
1.7663802620841933,0.055
1.7664282628522054,0.055
1.7664762636202178,0.055
1.7665242643882302,0.055
1.7665722651562423,0.055
1.7666202659242547,0.055
1.766668266692267,0.055
1.7667162674602792,0.055
1.7667642682282916,0.055
1.7668122689963037,0.06
1.766860269764316,0.055
1.7669082705323285,0.055
1.7669562713003406,0.055
1.767004272068353,0.055
1.7670522728363653,0.055
1.7671002736043775,0.049999997
1.7671482743723899,0.055
1.7671962751404022,0.049999997
1.7672442759084144,0.055
1.7672922766764267,0.049999997
1.7673402774444391,0.06
1.7673882782124513,0.049999997
1.7674362789804636,0.055
1.7674842797484758,0.049999997
1.7675322805164881,0.06
1.7675802812845005,0.055
1.7676282820525127,0.06
1.767676282820525,0.055
1.7677242835885374,0.055
1.7677722843565495,0.049999997
1.767820285124562,0.049999997
1.7678682858925743,0.055
1.7679162866605864,0.049999997
1.7679642874285988,0.049999997
1.768012288196611,0.055
1.7680602889646233,0.06
1.7681082897326357,0.055
1.7681562905006478,0.049999997
1.7682042912686602,0.055
1.7682522920366726,0.055
1.7683002928046847,0.055
1.768348293572697,0.055
1.7683962943407094,0.055
1.7684442951087216,0.055
1.768492295876734,0.06
1.768540296644746,0.06
1.7685882974127585,0.049999997
1.7686362981807708,0.055
1.768684298948783,0.055
1.7687322997167954,0.055
1.7687803004848077,0.049999997
1.7688283012528199,0.055
1.7688763020208322,0.055
1.7689243027888446,0.055
1.7689723035568568,0.055
1.7690203043248691,0.055
1.7690683050928815,0.055
1.7691163058608936,0.055
1.769164306628906,0.055
1.7692123073969181,0.055
1.7692603081649305,0.055
1.7693083089329429,0.049999997
1.769356309700955,0.049999997
1.7694043104689674,0.049999997
1.7694523112369798,0.055
1.769500312004992,0.055
1.7695483127730043,0.055
1.7695963135410167,0.055
1.7696443143090288,0.055
1.7696923150770412,0.055
1.7697403158450533,0.055
1.7697883166130657,0.055
1.769836317381078,0.06
1.7698843181490902,0.055
1.7699323189171026,0.049999997
1.769980319685115,0.055
1.770028320453127,0.049999997
1.7700763212211394,0.049999997
1.7701243219891518,0.049999997
1.770172322757164,0.049999997
1.7702203235251763,0.049999997
1.7702683242931885,0.049999997
1.7703163250612008,0.055
1.7703643258292132,0.049999997
1.7704123265972254,0.055
1.7704603273652377,0.049999997
1.77050832813325,0.049999997
1.7705563289012622,0.055
1.7706043296692746,0.049999997
1.770652330437287,0.055
1.7707003312052991,0.049999997
1.7707483319733115,0.06
1.7707963327413236,0.049999997
1.770844333509336,0.055
1.7708923342773484,0.055
1.7709403350453605,0.055
1.770988335813373,0.049999997
1.7710363365813853,0.06
1.7710843373493974,0.055
1.7711323381174098,0.055
1.7711803388854221,0.049999997
1.7712283396534343,0.055
1.7712763404214467,0.049999997
1.771324341189459,0.06
1.7713723419574712,0.049999997
1.7714203427254835,0.055
1.7714683434934957,0.06
1.771516344261508,0.06
1.7715643450295204,0.055
1.7716123457975326,0.055
1.771660346565545,0.055
1.7717083473335573,0.055
1.7717563481015695,0.049999997
1.7718043488695818,0.055
1.7718523496375942,0.049999997
1.7719003504056063,0.055
1.7719483511736187,0.055
1.7719963519416309,0.055
1.7720443527096432,0.049999997
1.7720923534776556,0.055
1.7721403542456677,0.055
1.77218835501368,0.055
1.7722363557816925,0.06
1.7722843565497046,0.049999997
1.772332357317717,0.055
1.7723803580857294,0.055
1.7724283588537415,0.049999997
1.7724763596217539,0.055
1.772524360389766,0.055
1.7725723611577784,0.055
1.7726203619257908,0.049999997
1.772668362693803,0.06
1.7727163634618153,0.055
1.7727643642298276,0.049999997
1.7728123649978398,0.055
1.7728603657658522,0.055
1.7729083665338645,0.049999997
1.7729563673018767,0.055
1.773004368069889,0.055
1.7730523688379014,0.055
1.7731003696059136,0.055
1.773148370373926,0.055
1.773196371141938,0.06
1.7732443719099504,0.055
1.7732923726779628,0.055
1.773340373445975,0.049999997
1.7733883742139873,0.055
1.7734363749819997,0.049999997
1.7734843757500118,0.055
1.7735323765180242,0.049999997
1.7735803772860366,0.055
1.7736283780540487,0.055
1.773676378822061,0.055
1.7737243795900732,0.049999997
1.7737723803580856,0.049999997
1.773820381126098,0.055
1.7738683818941101,0.055
1.7739163826621225,0.049999997
1.7739643834301349,0.055
1.774012384198147,0.055
1.7740603849661594,0.055
1.7741083857341717,0.055
1.7741563865021839,0.049999997
1.7742043872701962,0.049999997
1.7742523880382084,0.055
1.7743003888062208,0.055
1.7743483895742331,0.055
1.7743963903422453,0.055
1.7744443911102576,0.055
1.77449239187827,0.06
1.7745403926462822,0.049999997
1.7745883934142945,0.055
1.774636394182307,0.049999997
1.774684394950319,0.049999997
1.7747323957183314,0.049999997
1.7747803964863438,0.055
1.774828397254356,0.055
1.7748763980223683,0.055
1.7749243987903804,0.049999997
1.7749723995583928,0.049999997
1.7750204003264052,0.055
1.7750684010944173,0.049999997
1.7751164018624297,0.055
1.775164402630442,0.049999997
1.7752124033984542,0.055
1.7752604041664666,0.049999997
1.775308404934479,0.06
1.775356405702491,0.055
1.7754044064705035,0.055
1.7754524072385156,0.06
1.775500408006528,0.06
1.7755484087745403,0.055
1.7755964095425525,0.055
1.7756444103105649,0.049999997
1.7756924110785772,0.055
1.7757404118465894,0.055
1.7757884126146017,0.055
1.775836413382614,0.055
1.7758844141506263,0.055
1.7759324149186386,0.055
1.7759804156866508,0.055
1.7760284164546631,0.049999997
1.7760764172226755,0.049999997
1.7761244179906877,0.055
1.7761724187587,0.055
1.7762204195267124,0.055
1.7762684202947245,0.049999997
1.776316421062737,0.055
1.7763644218307493,0.049999997
1.7764124225987614,0.055
1.7764604233667738,0.055
1.7765084241347862,0.049999997
1.7765564249027983,0.049999997
1.7766044256708107,0.055
1.7766524264388228,0.055
1.7767004272068352,0.055
1.7767484279748476,0.055
1.7767964287428597,0.055
1.776844429510872,0.055
1.7768924302788844,0.055
1.7769404310468966,0.049999997
1.776988431814909,0.055
1.7770364325829213,0.049999997
1.7770844333509335,0.055
1.7771324341189458,0.049999997
1.777180434886958,0.055
1.7772284356549704,0.049999997
1.7772764364229827,0.055
1.7773244371909949,0.049999997
1.7773724379590072,0.06
1.7774204387270196,0.049999997
1.7774684394950317,0.055
1.7775164402630441,0.055
1.7775644410310565,0.065
1.7776124417990686,0.055
1.777660442567081,0.06
1.7777084433350931,0.049999997
1.7777564441031055,0.055
1.7778044448711179,0.049999997
1.77785244563913,0.06
1.7779004464071424,0.055
1.7779484471751548,0.06
1.777996447943167,0.055
1.7780444487111793,0.065
1.7780924494791917,0.055
1.7781404502472038,0.06
1.7781884510152162,0.055
1.7782364517832283,0.055
1.7782844525512407,0.049999997
1.778332453319253,0.055
1.7783804540872652,0.055
1.7784284548552776,0.055
1.77847645562329,0.049999997
1.778524456391302,0.06
1.7785724571593144,0.055
1.7786204579273268,0.06
1.778668458695339,0.055
1.7787164594633513,0.06
1.7787644602313637,0.055
1.7788124609993758,0.055
1.7788604617673882,0.049999997
1.7789084625354004,0.055
1.7789564633034127,0.055
1.779004464071425,0.06
1.7790524648394372,0.049999997
1.7791004656074496,0.06
1.779148466375462,0.055
1.7791964671434741,0.065
1.7792444679114865,0.055
1.7792924686794989,0.06
1.779340469447511,0.049999997
1.7793884702155234,0.06
1.7794364709835355,0.055
1.779484471751548,0.06
1.7795324725195603,0.049999997
1.7795804732875724,0.049999997
1.7796284740555848,0.055
1.7796764748235971,0.055
1.7797244755916093,0.049999997
1.7797724763596217,0.055
1.779820477127634,0.055
1.7798684778956462,0.055
1.7799164786636585,0.049999997
1.7799644794316707,0.06
1.780012480199683,0.049999997
1.7800604809676954,0.049999997
1.7801084817357076,0.055
1.78015648250372,0.055
1.7802044832717323,0.049999997
1.7802524840397445,0.055
1.7803004848077568,0.055
1.7803484855757692,0.049999997
1.7803964863437813,0.055
1.7804444871117937,0.055
1.780492487879806,0.055
1.7805404886478182,0.044999998
1.7805884894158306,0.055
1.7806364901838427,0.049999997
1.780684490951855,0.055
1.7807324917198675,0.049999997
1.7807804924878796,0.055
1.780828493255892,0.049999997
1.7808764940239044,0.055
1.7809244947919165,0.055
1.7809724955599289,0.055
1.7810204963279412,0.055
1.7810684970959534,0.055
1.7811164978639658,0.055
1.781164498631978,0.055
1.7812124993999903,0.055
1.7812605001680026,0.055
1.7813085009360148,0.055
1.7813565017040272,0.049999997
1.7814045024720395,0.055
1.7814525032400517,0.055
1.781500504008064,0.049999997
1.7815485047760764,0.06
1.7815965055440885,0.055
1.781644506312101,0.06
1.781692507080113,0.055
1.7817405078481254,0.055
1.7817885086161378,0.049999997
1.78183650938415,0.049999997
1.7818845101521623,0.055
1.7819325109201747,0.055
1.7819805116881868,0.049999997
1.7820285124561992,0.055
1.7820765132242116,0.055
1.7821245139922237,0.055
1.782172514760236,0.055
1.7822205155282485,0.049999997
1.7822685162962606,0.055
1.782316517064273,0.055
1.7823645178322851,0.055
1.7824125186002975,0.055
1.7824605193683098,0.055
1.782508520136322,0.055
1.7825565209043344,0.055
1.7826045216723467,0.049999997
1.7826525224403589,0.055
1.7827005232083712,0.055
1.7827485239763836,0.049999997
1.7827965247443958,0.049999997
1.7828445255124081,0.049999997
1.7828925262804203,0.055
1.7829405270484326,0.055
1.782988527816445,0.055
1.7830365285844572,0.06
1.7830845293524695,0.049999997
1.783132530120482,0.06
1.783180530888494,0.049999997
1.7832285316565064,0.055
1.7832765324245188,0.055
1.783324533192531,0.055
1.7833725339605433,0.055
1.7834205347285554,0.055
1.7834685354965678,0.055
1.7835165362645802,0.055
1.7835645370325923,0.055
1.7836125378006047,0.055
1.783660538568617,0.055
1.7837085393366292,0.055
1.7837565401046416,0.055
1.783804540872654,0.055
1.783852541640666,0.049999997
1.7839005424086785,0.06
1.7839485431766908,0.055
1.783996543944703,0.055
1.7840445447127153,0.06
1.7840925454807275,0.055
1.7841405462487399,0.049999997
1.7841885470167522,0.055
1.7842365477847644,0.055
1.7842845485527767,0.055
1.784332549320789,0.055
1.7843805500888013,0.055
1.7844285508568136,0.049999997
1.784476551624826,0.06
1.7845245523928381,0.055
1.7845725531608505,0.055
1.7846205539288627,0.055
1.784668554696875,0.06
1.7847165554648874,0.049999997
1.7847645562328995,0.06
1.784812557000912,0.055
1.7848605577689243,0.049999997
1.7849085585369364,0.055
1.7849565593049488,0.055
1.7850045600729612,0.049999997
1.7850525608409733,0.055
1.7851005616089857,0.055
1.7851485623769978,0.06
1.7851965631450102,0.055
1.7852445639130226,0.055
1.7852925646810347,0.06
1.785340565449047,0.055
1.7853885662170594,0.049999997
1.7854365669850716,0.055
1.785484567753084,0.055
1.7855325685210963,0.06
1.7855805692891085,0.055
1.7856285700571208,0.055
1.7856765708251332,0.055
1.7857245715931453,0.049999997
1.7857725723611577,0.055
1.7858205731291699,0.049999997
1.7858685738971822,0.06
1.7859165746651946,0.049999997
1.7859645754332067,0.049999997
1.7860125762012191,0.049999997
1.7860605769692315,0.055
1.7861085777372436,0.055
1.786156578505256,0.055
1.7862045792732684,0.055
1.7862525800412805,0.049999997
1.7863005808092929,0.055
1.786348581577305,0.055
1.7863965823453174,0.055
1.7864445831133298,0.049999997
1.786492583881342,0.055
1.7865405846493543,0.055
1.7865885854173666,0.055
1.7866365861853788,0.049999997
1.7866845869533912,0.055
1.7867325877214035,0.049999997
1.7867805884894157,0.055
1.786828589257428,0.049999997
1.7868765900254402,0.06
1.7869245907934526,0.055
1.786972591561465,0.049999997
1.787020592329477,0.049999997
1.7870685930974894,0.055
1.7871165938655018,0.049999997
1.787164594633514,0.055
1.7872125954015263,0.049999997
1.7872605961695387,0.055
1.7873085969375508,0.044999998
1.7873565977055632,0.06
1.7874045984735754,0.049999997
1.7874525992415877,0.055
1.7875006000096,0.055
1.7875486007776122,0.055
1.7875966015456246,0.055
1.787644602313637,0.055
1.7876926030816491,0.055
1.7877406038496615,0.06
1.7877886046176739,0.055
1.787836605385686,0.049999997
1.7878846061536984,0.055
1.7879326069217107,0.049999997
1.787980607689723,0.055
1.7880286084577353,0.06
1.7880766092257474,0.055
1.7881246099937598,0.06
1.7881726107617721,0.055
1.7882206115297843,0.06
1.7882686122977967,0.055
1.788316613065809,0.06
1.7883646138338212,0.055
1.7884126146018335,0.06
1.788460615369846,0.055
1.788508616137858,0.06
1.7885566169058704,0.055
1.7886046176738826,0.049999997
1.788652618441895,0.049999997
1.7887006192099073,0.049999997
1.7887486199779195,0.055
1.7887966207459318,0.055
1.7888446215139442,0.049999997
1.7888926222819563,0.055
1.7889406230499687,0.055
1.788988623817981,0.055
1.7890366245859932,0.049999997
1.7890846253540056,0.055
1.7891326261220177,0.055
1.78918062689003,0.055
1.7892286276580425,0.049999997
1.7892766284260546,0.055
1.789324629194067,0.055
1.7893726299620794,0.06
1.7894206307300915,0.049999997
1.7894686314981039,0.055
1.7895166322661162,0.06
1.7895646330341284,0.06
1.7896126338021408,0.049999997
1.7896606345701531,0.055
1.7897086353381653,0.049999997
1.7897566361061776,0.06
1.7898046368741898,0.055
1.7898526376422021,0.06
1.7899006384102145,0.049999997
1.7899486391782267,0.055
1.789996639946239,0.055
1.7900446407142514,0.055
1.7900926414822635,0.049999997
1.790140642250276,0.06
1.7901886430182883,0.055
1.7902366437863004,0.055
1.7902846445543128,0.049999997
1.790332645322325,0.06
1.7903806460903373,0.055
1.7904286468583497,0.055
1.7904766476263618,0.049999997
1.7905246483943742,0.055
1.7905726491623866,0.055
1.7906206499303987,0.055
1.790668650698411,0.055
1.7907166514664234,0.055
1.7907646522344356,0.055
1.790812653002448,0.055
1.79086065377046,0.055
1.7909086545384725,0.049999997
1.7909566553064848,0.055
1.791004656074497,0.055
1.7910526568425094,0.055
1.7911006576105217,0.049999997
1.7911486583785339,0.055
1.7911966591465462,0.049999997
1.7912446599145586,0.055
1.7912926606825708,0.055
1.7913406614505831,0.049999997
1.7913886622185955,0.049999997
1.7914366629866076,0.06
1.79148466375462,0.055
1.7915326645226322,0.049999997
1.7915806652906445,0.055
1.791628666058657,0.049999997
1.791676666826669,0.049999997
1.7917246675946814,0.055
1.7917726683626938,0.049999997
1.791820669130706,0.06
1.7918686698987183,0.055
1.7919166706667307,0.06
1.7919646714347428,0.055
1.7920126722027552,0.055
1.7920606729707673,0.055
1.7921086737387797,0.06
1.792156674506792,0.06
1.7922046752748042,0.049999997
1.7922526760428166,0.049999997
1.792300676810829,0.055
1.792348677578841,0.055
1.7923966783468535,0.055
1.7924446791148658,0.055
1.792492679882878,0.06
1.7925406806508903,0.055
1.7925886814189025,0.055
1.7926366821869149,0.055
1.7926846829549272,0.055
1.7927326837229394,0.055
1.7927806844909517,0.055
1.792828685258964,0.055
1.7928766860269763,0.055
1.7929246867949886,0.055
1.792972687563001,0.055
1.7930206883310131,0.055
1.7930686890990255,0.055
1.7931166898670379,0.055
1.79316469063505,0.055
1.7932126914030624,0.055
1.7932606921710745,0.049999997
1.793308692939087,0.055
1.7933566937070993,0.055
1.7934046944751114,0.055
1.7934526952431238,0.055
1.7935006960111362,0.055
1.7935486967791483,0.055
1.7935966975471607,0.055
1.793644698315173,0.055
1.7936926990831852,0.049999997
1.7937406998511976,0.049999997
1.7937887006192097,0.049999997
1.793836701387222,0.055
1.7938847021552344,0.055
1.7939327029232466,0.049999997
1.793980703691259,0.06
1.7940287044592713,0.06
1.7940767052272835,0.049999997
1.7941247059952958,0.049999997
1.7941727067633082,0.055
1.7942207075313203,0.049999997
1.7942687082993327,0.055
1.7943167090673449,0.049999997
1.7943647098353572,0.055
1.7944127106033696,0.049999997
1.7944607113713817,0.055
1.7945087121393941,0.044999998
1.7945567129074065,0.055
1.7946047136754186,0.055
1.794652714443431,0.055
1.7947007152114434,0.049999997
1.7947487159794555,0.055
1.7947967167474679,0.049999997
1.7948447175154802,0.06
1.7948927182834924,0.055
1.7949407190515048,0.065
1.794988719819517,0.06
1.7950367205875293,0.055
1.7950847213555416,0.06
1.7951327221235538,0.055
1.7951807228915662,0.06
1.7952287236595785,0.055
1.7952767244275907,0.06
1.795324725195603,0.06
1.7953727259636154,0.055
1.7954207267316276,0.06
1.79546872749964,0.049999997
1.795516728267652,0.065
1.7955647290356644,0.06
1.7956127298036768,0.06
1.795660730571689,0.055
1.7957087313397013,0.055
1.7957567321077137,0.049999997
1.7958047328757258,0.065
1.7958527336437382,0.055
1.7959007344117506,0.044999998
1.7959487351797627,0.055
1.795996735947775,0.055
1.7960447367157872,0.06
1.7960927374837996,0.044999998
1.796140738251812,0.06
1.7961887390198241,0.055
1.7962367397878365,0.06
1.7962847405558489,0.055
1.796332741323861,0.049999997
1.7963807420918734,0.049999997
1.7964287428598857,0.049999997
1.7964767436278979,0.055
1.7965247443959103,0.06
1.7965727451639224,0.055
1.7966207459319348,0.055
1.7966687466999471,0.055
1.7967167474679593,0.049999997
1.7967647482359717,0.055
1.796812749003984,0.06
1.7968607497719962,0.055
1.7969087505400085,0.049999997
1.796956751308021,0.055
1.797004752076033,0.049999997
1.7970527528440454,0.055
1.7971007536120578,0.049999997
1.79714875438007,0.055
1.7971967551480823,0.055
1.7972447559160944,0.06
1.7972927566841068,0.06
1.7973407574521192,0.055
1.7973887582201313,0.06
1.7974367589881437,0.06
1.797484759756156,0.049999997
1.7975327605241682,0.049999997
1.7975807612921806,0.049999997
1.797628762060193,0.049999997
1.797676762828205,0.049999997
1.7977247635962175,0.055
1.7977727643642296,0.049999997
1.797820765132242,0.055
1.7978687659002544,0.049999997
1.7979167666682665,0.049999997
1.7979647674362789,0.055
1.7980127682042912,0.049999997
1.7980607689723034,0.055
1.7981087697403157,0.055
1.7981567705083281,0.055
1.7982047712763403,0.049999997
1.7982527720443526,0.055
1.7983007728123648,0.049999997
1.7983487735803771,0.055
1.7983967743483895,0.055
1.7984447751164017,0.055
1.798492775884414,0.055
1.7985407766524264,0.055
1.7985887774204385,0.049999997
1.798636778188451,0.055
1.7986847789564633,0.055
1.7987327797244754,0.055
1.7987807804924878,0.055
1.7988287812605002,0.055
1.7988767820285123,0.055
1.7989247827965247,0.055
1.7989727835645368,0.055
1.7990207843325492,0.055
1.7990687851005616,0.049999997
1.7991167858685737,0.055
1.799164786636586,0.055
1.7992127874045984,0.055
1.7992607881726106,0.06
1.799308788940623,0.055
1.7993567897086353,0.055
1.7994047904766475,0.055
1.7994527912446598,0.055
1.799500792012672,0.055
1.7995487927806844,0.055
1.7995967935486967,0.055
1.7996447943167089,0.055
1.7996927950847212,0.055
1.7997407958527336,0.055
1.7997887966207458,0.055
1.7998367973887581,0.055
1.7998847981567705,0.049999997
1.7999327989247826,0.055
1.799980799692795,0.049999997
1.8000288004608072,0.055
1.8000768012288195,0.055
1.800124801996832,0.055
1.800172802764844,0.055
1.8002208035328564,0.055
1.8002688043008688,0.055
1.800316805068881,0.044999998
1.8003648058368933,0.055
1.8004128066049057,0.049999997
1.8004608073729178,0.049999997
1.8005088081409302,0.049999997
1.8005568089089425,0.049999997
1.8006048096769547,0.055
1.800652810444967,0.049999997
1.8007008112129792,0.055
1.8007488119809916,0.049999997
1.800796812749004,0.06
1.800844813517016,0.049999997
1.8008928142850285,0.06
1.8009408150530408,0.055
1.800988815821053,0.06
1.8010368165890653,0.055
1.8010848173570777,0.049999997
1.8011328181250899,0.055
1.8011808188931022,0.055
1.8012288196611144,0.055
1.8012768204291267,0.055
1.801324821197139,0.049999997
1.8013728219651512,0.055
1.8014208227331636,0.06
1.801468823501176,0.055
1.8015168242691881,0.055
1.8015648250372005,0.055
1.8016128258052129,0.06
1.801660826573225,0.055
1.8017088273412374,0.055
1.8017568281092495,0.055
1.801804828877262,0.055
1.8018528296452743,0.049999997
1.8019008304132864,0.055
1.8019488311812988,0.049999997
1.8019968319493112,0.055
1.8020448327173233,0.055
1.8020928334853357,0.055
1.802140834253348,0.055
1.8021888350213602,0.055
1.8022368357893725,0.055
1.802284836557385,0.055
1.802332837325397,0.055
1.8023808380934094,0.055
1.8024288388614216,0.055
1.802476839629434,0.049999997
1.8025248403974463,0.055
1.8025728411654585,0.055
1.8026208419334708,0.055
1.8026688427014832,0.055
1.8027168434694953,0.049999997
1.8027648442375077,0.06
1.80281284500552,0.06
1.8028608457735322,0.06
1.8029088465415446,0.049999997
1.8029568473095567,0.055
1.8030048480775691,0.055
1.8030528488455815,0.06
1.8031008496135936,0.055
1.803148850381606,0.049999997
1.8031968511496184,0.055
1.8032448519176305,0.065
1.8032928526856429,0.055
1.8033408534536552,0.049999997
1.8033888542216674,0.055
1.8034368549896798,0.055
1.803484855757692,0.055
1.8035328565257043,0.055
1.8035808572937166,0.055
1.8036288580617288,0.055
1.8036768588297412,0.049999997
1.8037248595977535,0.049999997
1.8037728603657657,0.055
1.803820861133778,0.055
1.8038688619017904,0.055
1.8039168626698026,0.06
1.803964863437815,0.055
1.804012864205827,0.06
1.8040608649738394,0.06
1.8041088657418518,0.055
1.804156866509864,0.049999997
1.8042048672778763,0.055
1.8042528680458887,0.06
1.8043008688139008,0.055
1.8043488695819132,0.055
1.8043968703499256,0.055
1.8044448711179377,0.055
1.80449287188595,0.055
1.8045408726539625,0.049999997
1.8045888734219746,0.055
1.804636874189987,0.055
1.8046848749579991,0.055
1.8047328757260115,0.055
1.8047808764940239,0.06
1.804828877262036,0.055
1.8048768780300484,0.06
1.8049248787980607,0.055
1.8049728795660729,0.055
1.8050208803340853,0.055
1.8050688811020976,0.055
1.8051168818701098,0.06
1.8051648826381221,0.049999997
1.8052128834061343,0.055
1.8052608841741467,0.06
1.805308884942159,0.055
1.8053568857101712,0.055
1.8054048864781835,0.049999997
1.805452887246196,0.06
1.805500888014208,0.055
1.8055488887822204,0.06
1.8055968895502328,0.049999997
1.805644890318245,0.06
1.8056928910862573,0.055
1.8057408918542694,0.055
1.8057888926222818,0.055
1.8058368933902942,0.06
1.8058848941583063,0.055
1.8059328949263187,0.055
1.805980895694331,0.055
1.8060288964623432,0.055
1.8060768972303556,0.055
1.806124897998368,0.055
1.80617289876638,0.055
1.8062208995343925,0.055
1.8062689003024048,0.055
1.806316901070417,0.055
1.8063649018384293,0.055
1.8064129026064415,0.055
1.8064609033744539,0.049999997
1.8065089041424662,0.055
1.8065569049104784,0.049999997
1.8066049056784907,0.049999997
1.8066529064465031,0.049999997
1.8067009072145153,0.06
1.8067489079825276,0.049999997
1.80679690875054,0.055
1.8068449095185521,0.055
1.8068929102865645,0.055
1.8069409110545767,0.055
1.806988911822589,0.055
1.8070369125906014,0.049999997
1.8070849133586135,0.055
1.807132914126626,0.049999997
1.8071809148946383,0.06
1.8072289156626504,0.049999997
1.8072769164306628,0.049999997
1.8073249171986752,0.049999997
1.8073729179666873,0.049999997
1.8074209187346997,0.049999997
1.8074689195027118,0.06
1.8075169202707242,0.055
1.8075649210387366,0.055
1.8076129218067487,0.049999997
1.807660922574761,0.055
1.8077089233427734,0.055
1.8077569241107856,0.055
1.807804924878798,0.049999997
1.8078529256468103,0.055
1.8079009264148225,0.049999997
1.8079489271828348,0.055
1.8079969279508472,0.055
1.8080449287188594,0.049999997
1.8080929294868717,0.049999997
1.8081409302548839,0.049999997
1.8081889310228962,0.06
1.8082369317909086,0.049999997
1.8082849325589208,0.06
1.8083329333269331,0.055
1.8083809340949455,0.055
1.8084289348629576,0.06
1.80847693563097,0.055
1.8085249363989824,0.049999997
1.8085729371669945,0.049999997
1.808620937935007,0.049999997
1.808668938703019,0.049999997
1.8087169394710314,0.055
1.8087649402390438,0.049999997
1.808812941007056,0.055
1.8088609417750683,0.049999997
1.8089089425430807,0.055
1.8089569433110928,0.055
1.8090049440791052,0.065
1.8090529448471175,0.055
1.8091009456151297,0.065
1.809148946383142,0.06
1.8091969471511542,0.06
1.8092449479191666,0.055
1.809292948687179,0.049999997
1.809340949455191,0.055
1.8093889502232035,0.055
1.8094369509912158,0.055
1.809484951759228,0.06
1.8095329525272403,0.055
1.8095809532952527,0.06
1.8096289540632648,0.055
1.8096769548312772,0.055
1.8097249555992896,0.055
1.8097729563673017,0.049999997
1.809820957135314,0.049999997
1.8098689579033262,0.055
1.8099169586713386,0.055
1.809964959439351,0.055
1.8100129602073631,0.055
1.8100609609753755,0.055
1.8101089617433879,0.055
1.8101569625114,0.055
1.8102049632794124,0.055
1.8102529640474248,0.06
1.810300964815437,0.055
1.8103489655834493,0.055
1.8103969663514614,0.055
1.8104449671194738,0.049999997
1.8104929678874861,0.055
1.8105409686554983,0.049999997
1.8105889694235107,0.055
1.810636970191523,0.049999997
1.8106849709595352,0.055
1.8107329717275475,0.049999997
1.81078097249556,0.049999997
1.810828973263572,0.049999997
1.8108769740315844,0.055
1.8109249747995966,0.055
1.810972975567609,0.06
1.8110209763356213,0.06
1.8110689771036335,0.055
1.8111169778716458,0.055
1.8111649786396582,0.049999997
1.8112129794076703,0.055
1.8112609801756827,0.055
1.811308980943695,0.049999997
1.8113569817117072,0.049999997
1.8114049824797196,0.055
1.811452983247732,0.049999997
1.811500984015744,0.049999997
1.8115489847837565,0.055
1.8115969855517686,0.055
1.811644986319781,0.055
1.8116929870877934,0.055
1.8117409878558055,0.055
1.8117889886238179,0.055
1.8118369893918302,0.06
1.8118849901598424,0.055
1.8119329909278548,0.06
1.8119809916958671,0.055
1.8120289924638793,0.055
1.8120769932318916,0.055
1.8121249939999038,0.06
1.8121729947679162,0.06
1.8122209955359285,0.055
1.8122689963039407,0.049999997
1.812316997071953,0.055
1.8123649978399654,0.06
1.8124129986079776,0.055
1.81246099937599,0.055
1.8125090001440023,0.06
1.8125570009120144,0.06
1.8126050016800268,0.055
1.812653002448039,0.055
1.8127010032160513,0.055
1.8127490039840637,0.055
1.8127970047520758,0.06
1.8128450055200882,0.055
1.8128930062881006,0.06
1.8129410070561127,0.055
1.812989007824125,0.055
1.8130370085921375,0.055
1.8130850093601496,0.055
1.813133010128162,0.055
1.8131810108961741,0.055
1.8132290116641865,0.055
1.8132770124321989,0.055
1.813325013200211,0.049999997
1.8133730139682234,0.055
1.8134210147362357,0.055
1.8134690155042479,0.049999997
1.8135170162722603,0.049999997
1.8135650170402726,0.055
1.8136130178082848,0.055
1.8136610185762971,0.055
1.8137090193443095,0.049999997
1.8137570201123216,0.055
1.813805020880334,0.049999997
1.8138530216483462,0.055
1.8139010224163585,0.055
1.813949023184371,0.06
1.813997023952383,0.055
1.8140450247203954,0.055
1.8140930254884078,0.055
1.81414102625642,0.06
1.8141890270244323,0.055
1.8142370277924447,0.055
1.8142850285604568,0.055
1.8143330293284692,0.06
1.8143810300964813,0.055
1.8144290308644937,0.055
1.814477031632506,0.055
1.8145250324005182,0.055
1.8145730331685306,0.055
1.814621033936543,0.06
1.814669034704555,0.06
1.8147170354725675,0.055
1.8147650362405798,0.055
1.814813037008592,0.055
1.8148610377766043,0.055
1.8149090385446165,0.055
1.8149570393126289,0.06
1.8150050400806412,0.055
1.8150530408486534,0.049999997
1.8151010416166657,0.055
1.8151490423846781,0.055
1.8151970431526903,0.06
1.8152450439207026,0.06
1.815293044688715,0.055
1.8153410454567271,0.055
1.8153890462247395,0.055
1.8154370469927519,0.049999997
1.815485047760764,0.055
1.8155330485287764,0.055
1.8155810492967885,0.055
1.815629050064801,0.055
1.8156770508328133,0.06
1.8157250516008254,0.055
1.8157730523688378,0.055
1.8158210531368502,0.065
1.8158690539048623,0.055
1.8159170546728747,0.055
1.815965055440887,0.055
1.8160130562088992,0.055
1.8160610569769116,0.049999997
1.8161090577449237,0.055
1.816157058512936,0.055
1.8162050592809484,0.055
1.8162530600489606,0.055
1.816301060816973,0.055
1.8163490615849853,0.049999997
1.8163970623529975,0.055
1.8164450631210098,0.055
1.8164930638890222,0.049999997
1.8165410646570344,0.049999997
1.8165890654250467,0.055
1.8166370661930589,0.055
1.8166850669610712,0.055
1.8167330677290836,0.06
1.8167810684970958,0.065
1.8168290692651081,0.049999997
1.8168770700331205,0.055
1.8169250708011326,0.055
1.816973071569145,0.049999997
1.8170210723371574,0.055
1.8170690731051695,0.055
1.8171170738731819,0.055
1.8171650746411943,0.055
1.8172130754092064,0.049999997
1.8172610761772188,0.055
1.817309076945231,0.055
1.8173570777132433,0.06
1.8174050784812557,0.055
1.8174530792492678,0.055
1.8175010800172802,0.055
1.8175490807852925,0.06
1.8175970815533047,0.055
1.817645082321317,0.055
1.8176930830893294,0.055
1.8177410838573416,0.055
1.817789084625354,0.055
1.817837085393366,0.055
1.8178850861613784,0.055
1.8179330869293908,0.049999997
1.817981087697403,0.055
1.8180290884654153,0.049999997
1.8180770892334277,0.055
1.8181250900014398,0.055
1.8181730907694522,0.049999997
1.8182210915374646,0.055
1.8182690923054767,0.055
1.818317093073489,0.055
1.8183650938415012,0.055
1.8184130946095136,0.055
1.818461095377526,0.049999997
1.8185090961455381,0.055
1.8185570969135505,0.049999997
1.8186050976815629,0.055
1.818653098449575,0.049999997
1.8187010992175874,0.049999997
1.8187490999855997,0.06
1.818797100753612,0.049999997
1.8188451015216243,0.06
1.8188931022896366,0.055
1.8189411030576488,0.06
1.8189891038256611,0.06
1.8190371045936733,0.055
1.8190851053616857,0.049999997
1.819133106129698,0.055
1.8191811068977102,0.055
1.8192291076657225,0.055
1.819277108433735,0.055
1.819325109201747,0.06
1.8193731099697594,0.055
1.8194211107377718,0.055
1.819469111505784,0.055
1.8195171122737963,0.055
1.8195651130418085,0.049999997
1.8196131138098208,0.055
1.8196611145778332,0.055
1.8197091153458453,0.055
1.8197571161138577,0.055
1.81980511688187,0.049999997
1.8198531176498822,0.049999997
1.8199011184178946,0.049999997
1.819949119185907,0.055
1.819997119953919,0.049999997
1.8200451207219315,0.06
1.8200931214899436,0.049999997
1.820141122257956,0.055
1.8201891230259684,0.06
1.8202371237939805,0.049999997
1.8202851245619929,0.049999997
1.8203331253300052,0.049999997
1.8203811260980174,0.06
1.8204291268660298,0.049999997
1.8204771276340421,0.049999997
1.8205251284020543,0.055
1.8205731291700666,0.055
1.820621129938079,0.049999997
1.8206691307060912,0.055
1.8207171314741035,0.049999997
1.8207651322421157,0.055
1.820813133010128,0.049999997
1.8208611337781404,0.055
1.8209091345461526,0.049999997
1.820957135314165,0.055
1.8210051360821773,0.055
1.8210531368501894,0.049999997
1.8211011376182018,0.055
1.8211491383862142,0.049999997
1.8211971391542263,0.06
1.8212451399222387,0.055
1.8212931406902508,0.065
1.8213411414582632,0.055
1.8213891422262756,0.06
1.8214371429942877,0.055
1.8214851437623,0.06
1.8215331445303125,0.055
1.8215811452983246,0.065
1.821629146066337,0.055
1.8216771468343493,0.049999997
1.8217251476023615,0.055
1.8217731483703739,0.049999997
1.821821149138386,0.06
1.8218691499063984,0.06
1.8219171506744107,0.055
1.8219651514424229,0.049999997
1.8220131522104352,0.049999997
1.8220611529784476,0.06
1.8221091537464598,0.049999997
1.8221571545144721,0.055
1.8222051552824845,0.049999997
1.8222531560504966,0.055
1.822301156818509,0.049999997
1.8223491575865212,0.06
1.8223971583545335,0.055
1.822445159122546,0.055
1.822493159890558,0.055
1.8225411606585704,0.055
1.8225891614265828,0.055
1.822637162194595,0.055
1.8226851629626073,0.06
1.8227331637306197,0.055
1.8227811644986318,0.055
1.8228291652666442,0.049999997
1.8228771660346565,0.049999997
1.8229251668026687,0.055
1.822973167570681,0.055
1.8230211683386932,0.055
1.8230691691067056,0.055
1.823117169874718,0.055
1.82316517064273,0.049999997
1.8232131714107425,0.055
1.8232611721787548,0.055
1.823309172946767,0.055
1.8233571737147793,0.06
1.8234051744827917,0.055
1.8234531752508039,0.055
1.8235011760188162,0.049999997
1.8235491767868284,0.055
1.8235971775548407,0.049999997
1.823645178322853,0.049999997
1.8236931790908653,0.049999997
1.8237411798588776,0.055
1.82378918062689,0.055
1.8238371813949021,0.055
1.8238851821629145,0.055
1.8239331829309269,0.049999997
1.823981183698939,0.055
1.8240291844669514,0.055
1.8240771852349635,0.055
1.824125186002976,0.055
1.8241731867709883,0.055
1.8242211875390004,0.055
1.8242691883070128,0.055
1.8243171890750252,0.055
1.8243651898430373,0.055
1.8244131906110497,0.049999997
1.824461191379062,0.055
1.8245091921470742,0.049999997
1.8245571929150866,0.055
1.824605193683099,0.055
1.824653194451111,0.055
1.8247011952191234,0.049999997
1.8247491959871356,0.049999997
1.824797196755148,0.049999997
1.8248451975231603,0.049999997
1.8248931982911725,0.055
1.8249411990591848,0.06
1.8249891998271972,0.055
1.8250372005952094,0.055
1.8250852013632217,0.049999997
1.825133202131234,0.055
1.8251812028992462,0.055
1.8252292036672586,0.055
1.8252772044352708,0.049999997
1.8253252052032831,0.049999997
1.8253732059712955,0.055
1.8254212067393076,0.055
1.82546920750732,0.055
1.8255172082753324,0.055
1.8255652090433445,0.06
1.8256132098113569,0.049999997
1.8256612105793693,0.049999997
1.8257092113473814,0.055
1.8257572121153938,0.06
1.825805212883406,0.055
1.8258532136514183,0.055
1.8259012144194307,0.049999997
1.8259492151874428,0.055
1.8259972159554552,0.055
1.8260452167234675,0.055
1.8260932174914797,0.055
1.826141218259492,0.055
1.8261892190275044,0.055
1.8262372197955166,0.049999997
1.826285220563529,0.049999997
1.8263332213315413,0.055
1.8263812220995534,0.055
1.8264292228675658,0.055
1.826477223635578,0.049999997
1.8265252244035903,0.055
1.8265732251716027,0.055
1.8266212259396148,0.055
1.8266692267076272,0.055
1.8267172274756396,0.055
1.8267652282436517,0.049999997
1.826813229011664,0.049999997
1.8268612297796765,0.049999997
1.8269092305476886,0.055
1.826957231315701,0.049999997
1.8270052320837131,0.055
1.8270532328517255,0.055
1.8271012336197379,0.055
1.82714923438775,0.055
1.8271972351557624,0.049999997
1.8272452359237747,0.055
1.827293236691787,0.055
1.8273412374597993,0.049999997
1.8273892382278116,0.049999997
1.8274372389958238,0.055
1.8274852397638361,0.055
1.8275332405318483,0.055
1.8275812412998607,0.055
1.827629242067873,0.055
1.8276772428358852,0.065
1.8277252436038975,0.06
1.82777324437191,0.049999997
1.827821245139922,0.055
1.8278692459079344,0.06
1.8279172466759468,0.055
1.827965247443959,0.049999997
1.8280132482119713,0.049999997
1.8280612489799837,0.055
1.8281092497479958,0.049999997
1.8281572505160082,0.055
1.8282052512840203,0.055
1.8282532520520327,0.055
1.828301252820045,0.055
1.8283492535880572,0.06
1.8283972543560696,0.055
1.828445255124082,0.055
1.828493255892094,0.055
1.8285412566601065,0.06
1.8285892574281188,0.049999997
1.828637258196131,0.055
1.8286852589641434,0.06
1.8287332597321555,0.055
1.8287812605001679,0.049999997
1.8288292612681802,0.055
1.8288772620361924,0.055
1.8289252628042048,0.055
1.8289732635722171,0.055
1.8290212643402293,0.055
1.8290692651082416,0.055
1.829117265876254,0.055
1.8291652666442662,0.055
1.8292132674122785,0.055
1.8292612681802907,0.055
1.829309268948303,0.049999997
1.8293572697163154,0.055
1.8294052704843276,0.055
1.82945327125234,0.06
1.8295012720203523,0.06
1.8295492727883644,0.055
1.8295972735563768,0.049999997
1.8296452743243892,0.055
1.8296932750924013,0.055
1.8297412758604137,0.06
1.8297892766284258,0.049999997
1.8298372773964382,0.055
1.8298852781644506,0.06
1.8299332789324627,0.055
1.829981279700475,0.055
1.8300292804684875,0.055
1.8300772812364996,0.055
1.830125282004512,0.055
1.8301732827725243,0.06
1.8302212835405365,0.055
1.8302692843085488,0.049999997
1.8303172850765612,0.055
1.8303652858445734,0.049999997
1.8304132866125857,0.055
1.8304612873805979,0.049999997
1.8305092881486102,0.055
1.8305572889166226,0.055
1.8306052896846348,0.055
1.8306532904526471,0.049999997
1.8307012912206595,0.055
1.8307492919886716,0.055
1.830797292756684,0.06
1.8308452935246964,0.049999997
1.8308932942927085,0.049999997
1.830941295060721,0.065
1.830989295828733,0.055
1.8310372965967454,0.055
1.8310852973647578,0.055
1.83113329813277,0.06
1.8311812989007823,0.049999997
1.8312292996687947,0.049999997
1.8312773004368068,0.049999997
1.8313253012048192,0.049999997
1.8313733019728315,0.049999997
1.8314213027408437,0.049999997
1.831469303508856,0.06
1.8315173042768682,0.055
1.8315653050448806,0.055
1.831613305812893,0.049999997
1.831661306580905,0.06
1.8317093073489175,0.049999997
1.8317573081169298,0.055
1.831805308884942,0.055
1.8318533096529543,0.055
1.8319013104209667,0.049999997
1.8319493111889789,0.055
1.8319973119569912,0.055
1.8320453127250036,0.06
1.8320933134930157,0.055
1.832141314261028,0.06
1.8321893150290403,0.055
1.8322373157970526,0.06
1.832285316565065,0.055
1.8323333173330771,0.06
1.8323813181010895,0.049999997
1.8324293188691019,0.06
1.832477319637114,0.055
1.8325253204051264,0.055
1.8325733211731388,0.06
1.832621321941151,0.06
1.8326693227091633,0.055
1.8327173234771754,0.065
1.8327653242451878,0.055
1.8328133250132002,0.06
1.8328613257812123,0.055
1.8329093265492247,0.06
1.832957327317237,0.055
1.8330053280852492,0.06
1.8330533288532616,0.055
1.833101329621274,0.06
1.833149330389286,0.055
1.8331973311572984,0.049999997
1.8332453319253106,0.055
1.833293332693323,0.049999997
1.8333413334613353,0.055
1.8333893342293475,0.055
1.8334373349973598,0.055
1.8334853357653722,0.049999997
1.8335333365333844,0.049999997
1.8335813373013967,0.055
1.833629338069409,0.049999997
1.8336773388374212,0.055
1.8337253396054336,0.055
1.833773340373446,0.06
1.8338213411414581,0.055
1.8338693419094705,0.06
1.8339173426774826,0.055
1.833965343445495,0.055
1.8340133442135074,0.055
1.8340613449815195,0.049999997
1.8341093457495319,0.06
1.8341573465175443,0.055
1.8342053472855564,0.055
1.8342533480535688,0.055
1.8343013488215811,0.055
1.8343493495895933,0.055
1.8343973503576056,0.06
1.8344453511256178,0.055
1.8344933518936302,0.055
1.8345413526616425,0.055
1.8345893534296547,0.055
1.834637354197667,0.055
1.8346853549656794,0.055
1.8347333557336916,0.055
1.834781356501704,0.055
1.8348293572697163,0.049999997
1.8348773580377284,0.049999997
1.8349253588057408,0.049999997
1.834973359573753,0.044999998
1.8350213603417653,0.055
1.8350693611097777,0.049999997
1.8351173618777898,0.049999997
1.8351653626458022,0.055
1.8352133634138146,0.055
1.8352613641818267,0.049999997
1.835309364949839,0.07
1.8353573657178515,0.049999997
1.8354053664858636,0.06
1.835453367253876,0.055
1.8355013680218883,0.049999997
1.8355493687899005,0.055
1.8355973695579129,0.049999997
1.835645370325925,0.049999997
1.8356933710939374,0.049999997
1.8357413718619497,0.055
1.835789372629962,0.049999997
1.8358373733979743,0.055
1.8358853741659866,0.049999997
1.8359333749339988,0.055
1.8359813757020111,0.049999997
1.8360293764700235,0.06
1.8360773772380357,0.055
1.836125378006048,0.055
1.8361733787740602,0.055
1.8362213795420725,0.055
1.836269380310085,0.055
1.836317381078097,0.06
1.8363653818461094,0.055
1.8364133826141218,0.055
1.836461383382134,0.055
1.8365093841501463,0.055
1.8365573849181587,0.055
1.8366053856861708,0.055
1.8366533864541832,0.055
1.8367013872221953,0.055
1.8367493879902077,0.055
1.83679738875822,0.055
1.8368453895262322,0.055
1.8368933902942446,0.055
1.836941391062257,0.055
1.836989391830269,0.055
1.8370373925982815,0.055
1.8370853933662938,0.055
1.837133394134306,0.055
1.8371813949023184,0.055
1.8372293956703307,0.049999997
1.8372773964383429,0.055
1.8373253972063552,0.055
1.8373733979743674,0.055
1.8374213987423798,0.055
1.8374693995103921,0.049999997
1.8375174002784043,0.055
1.8375654010464166,0.049999997
1.837613401814429,0.055
1.8376614025824412,0.055
1.8377094033504535,0.055
1.8377574041184659,0.055
1.837805404886478,0.06
1.8378534056544904,0.049999997
1.8379014064225025,0.049999997
1.837949407190515,0.049999997
1.8379974079585273,0.055
1.8380454087265394,0.055
1.8380934094945518,0.055
1.8381414102625642,0.049999997
1.8381894110305763,0.055
1.8382374117985887,0.055
1.838285412566601,0.049999997
1.8383334133346132,0.055
1.8383814141026256,0.06
1.8384294148706377,0.049999997
1.83847741563865,0.055
1.8385254164066624,0.055
1.8385734171746746,0.06
1.838621417942687,0.055
1.8386694187106993,0.055
1.8387174194787115,0.049999997
1.8387654202467238,0.055
1.8388134210147362,0.055
1.8388614217827484,0.049999997
1.8389094225507607,0.055
1.8389574233187729,0.055
1.8390054240867852,0.055
1.8390534248547976,0.049999997
1.8391014256228098,0.049999997
1.8391494263908221,0.055
1.8391974271588345,0.055
1.8392454279268466,0.055
1.839293428694859,0.055
1.8393414294628714,0.055
1.8393894302308835,0.06
1.839437430998896,0.055
1.8394854317669083,0.055
1.8395334325349204,0.055
1.8395814333029328,0.055
1.839629434070945,0.049999997
1.8396774348389573,0.06
1.8397254356069697,0.055
1.8397734363749818,0.055
1.8398214371429942,0.055
1.8398694379110065,0.055
1.8399174386790187,0.055
1.839965439447031,0.055
1.8400134402150434,0.055
1.8400614409830556,0.055
1.840109441751068,0.055
1.84015744251908,0.049999997
1.8402054432870925,0.055
1.8402534440551048,0.055
1.840301444823117,0.055
1.8403494455911293,0.06
1.8403974463591417,0.055
1.8404454471271539,0.055
1.8404934478951662,0.055
1.8405414486631786,0.055
1.8405894494311907,0.055
1.840637450199203,0.055
1.8406854509672153,0.055
1.8407334517352276,0.055
1.84078145250324,0.055
1.8408294532712521,0.06
1.8408774540392645,0.055
1.8409254548072769,0.06
1.840973455575289,0.06
1.8410214563433014,0.06
1.8410694571113138,0.055
1.841117457879326,0.06
1.8411654586473383,0.049999997
1.8412134594153506,0.06
1.8412614601833628,0.049999997
1.8413094609513752,0.055
1.8413574617193873,0.055
1.8414054624873997,0.06
1.841453463255412,0.055
1.8415014640234242,0.06
1.8415494647914366,0.055
1.841597465559449,0.055
1.841645466327461,0.049999997
1.8416934670954734,0.055
1.8417414678634858,0.055
1.841789468631498,0.055
1.8418374693995103,0.055
1.8418854701675225,0.055
1.8419334709355348,0.055
1.8419814717035472,0.06
1.8420294724715593,0.055
1.8420774732395717,0.055
1.842125474007584,0.055
1.8421734747755962,0.055
1.8422214755436086,0.055
1.842269476311621,0.055
1.8423174770796331,0.049999997
1.8423654778476455,0.055
1.8424134786156576,0.049999997
1.84246147938367,0.055
1.8425094801516824,0.049999997
1.8425574809196945,0.055
1.8426054816877069,0.055
1.8426534824557192,0.055
1.8427014832237314,0.055
1.8427494839917438,0.049999997
1.8427974847597561,0.055
1.8428454855277683,0.049999997
1.8428934862957806,0.06
1.842941487063793,0.049999997
1.8429894878318052,0.06
1.8430374885998175,0.049999997
1.8430854893678297,0.055
1.843133490135842,0.055
1.8431814909038544,0.055
1.8432294916718666,0.055
1.843277492439879,0.055
1.8433254932078913,0.055
1.8433734939759034,0.055
1.8434214947439158,0.055
1.8434694955119282,0.055
1.8435174962799403,0.049999997
1.8435654970479527,0.055
1.8436134978159648,0.049999997
1.8436614985839772,0.049999997
1.8437094993519896,0.049999997
1.8437575001200017,0.049999997
1.843805500888014,0.055
1.8438535016560265,0.049999997
1.8439015024240386,0.049999997
1.843949503192051,0.049999997
1.8439975039600633,0.055
1.8440455047280755,0.055
1.8440935054960879,0.049999997
1.8441415062641,0.055
1.8441895070321124,0.055
1.8442375078001247,0.06
1.8442855085681369,0.055
1.8443335093361493,0.06
1.8443815101041616,0.055
1.8444295108721738,0.055
1.8444775116401861,0.044999998
1.8445255124081985,0.049999997
1.8445735131762107,0.049999997
1.844621513944223,0.06
1.8446695147122354,0.055
1.8447175154802475,0.065
1.84476551624826,0.055
1.844813517016272,0.06
1.8448615177842844,0.055
1.8449095185522968,0.065
1.844957519320309,0.049999997
1.8450055200883213,0.055
1.8450535208563337,0.049999997
1.8451015216243458,0.06
1.8451495223923582,0.055
1.8451975231603706,0.055
1.8452455239283827,0.055
1.845293524696395,0.06
1.8453415254644072,0.049999997
1.8453895262324196,0.06
1.845437527000432,0.049999997
1.845485527768444,0.055
1.8455335285364565,0.049999997
1.8455815293044688,0.055
1.845629530072481,0.049999997
1.8456775308404934,0.049999997
1.8457255316085057,0.049999997
1.8457735323765179,0.055
1.8458215331445302,0.049999997
1.8458695339125424,0.055
1.8459175346805548,0.044999998
1.8459655354485671,0.055
1.8460135362165793,0.049999997
1.8460615369845916,0.055
1.846109537752604,0.055
1.8461575385206161,0.049999997
1.8462055392886285,0.049999997
1.8462535400566409,0.055
1.846301540824653,0.049999997
1.8463495415926654,0.055
1.8463975423606778,0.06
1.84644554312869,0.06
1.8464935438967023,0.049999997
1.8465415446647144,0.055
1.8465895454327268,0.055
1.8466375462007392,0.055
1.8466855469687513,0.055
1.8467335477367637,0.049999997
1.846781548504776,0.055
1.8468295492727882,0.055
1.8468775500408006,0.049999997
1.846925550808813,0.049999997
1.846973551576825,0.049999997
1.8470215523448374,0.06
1.8470695531128496,0.055
1.847117553880862,0.055
1.8471655546488743,0.049999997
1.8472135554168865,0.055
1.8472615561848988,0.049999997
1.8473095569529112,0.055
1.8473575577209234,0.049999997
1.8474055584889357,0.049999997
1.847453559256948,0.06
1.8475015600249602,0.055
1.8475495607929726,0.06
1.8475975615609848,0.055
1.8476455623289971,0.06
1.8476935630970095,0.055
1.8477415638650216,0.055
1.847789564633034,0.055
1.8478375654010464,0.055
1.8478855661690585,0.055
1.847933566937071,0.055
1.8479815677050833,0.049999997
1.8480295684730954,0.055
1.8480775692411078,0.055
1.84812557000912,0.055
1.8481735707771323,0.055
1.8482215715451447,0.06
1.8482695723131568,0.06
1.8483175730811692,0.055
1.8483655738491815,0.049999997
1.8484135746171937,0.06
1.848461575385206,0.055
1.8485095761532184,0.055
1.8485575769212306,0.049999997
1.848605577689243,0.055
1.8486535784572553,0.055
1.8487015792252675,0.055
1.8487495799932798,0.055
1.848797580761292,0.049999997
1.8488455815293043,0.055
1.8488935822973167,0.055
1.8489415830653289,0.055
1.8489895838333412,0.049999997
1.8490375846013536,0.049999997
1.8490855853693657,0.055
1.849133586137378,0.055
1.8491815869053905,0.049999997
1.8492295876734026,0.055
1.849277588441415,0.049999997
1.8493255892094271,0.055
1.8493735899774395,0.055
1.8494215907454519,0.06
1.849469591513464,0.06
1.8495175922814764,0.055
1.8495655930494888,0.049999997
1.849613593817501,0.055
1.8496615945855133,0.055
1.8497095953535256,0.06
1.8497575961215378,0.055
1.8498055968895502,0.055
1.8498535976575623,0.055
1.8499015984255747,0.049999997
1.849949599193587,0.049999997
1.8499975999615992,0.049999997
1.8500456007296116,0.06
1.850093601497624,0.055
1.850141602265636,0.055
1.8501896030336484,0.055
1.8502376038016608,0.055
1.850285604569673,0.055
1.8503336053376853,0.055
1.8503816061056977,0.049999997
1.8504296068737098,0.055
1.8504776076417222,0.055
1.8505256084097343,0.055
1.8505736091777467,0.055
1.850621609945759,0.055
1.8506696107137712,0.055
1.8507176114817836,0.055
1.850765612249796,0.049999997
1.8508136130178081,0.055
1.8508616137858205,0.055
1.8509096145538328,0.06
1.850957615321845,0.049999997
1.8510056160898574,0.049999997
1.8510536168578695,0.055
1.8511016176258819,0.049999997
1.8511496183938942,0.055
1.8511976191619064,0.055
1.8512456199299188,0.06
1.8512936206979311,0.055
1.8513416214659433,0.06
1.8513896222339556,0.055
1.851437623001968,0.049999997
1.8514856237699802,0.055
1.8515336245379925,0.049999997
1.8515816253060047,0.055
1.851629626074017,0.049999997
1.8516776268420294,0.06
1.8517256276100416,0.049999997
1.851773628378054,0.055
1.8518216291460663,0.06
1.8518696299140784,0.055
1.8519176306820908,0.06
1.8519656314501032,0.049999997
1.8520136322181153,0.06
1.8520616329861277,0.055
1.85210963375414,0.055
1.8521576345221522,0.055
1.8522056352901646,0.055
1.8522536360581767,0.055
1.852301636826189,0.06
1.8523496375942015,0.055
1.8523976383622136,0.055
1.852445639130226,0.06
1.8524936398982383,0.055
1.8525416406662505,0.055
1.8525896414342629,0.055
1.8526376422022752,0.055
1.8526856429702874,0.049999997
1.8527336437382997,0.055
1.8527816445063119,0.055
1.8528296452743243,0.055
1.8528776460423366,0.049999997
1.8529256468103488,0.055
1.8529736475783611,0.049999997
1.8530216483463735,0.055
1.8530696491143857,0.055
1.853117649882398,0.049999997
1.8531656506504104,0.049999997
1.8532136514184225,0.049999997
1.853261652186435,0.055
1.853309652954447,0.055
1.8533576537224594,0.055
1.8534056544904718,0.049999997
1.853453655258484,0.049999997
1.8535016560264963,0.055
1.8535496567945087,0.055
1.8535976575625208,0.055
1.8536456583305332,0.049999997
1.8536936590985456,0.049999997
1.8537416598665577,0.055
1.85378966063457,0.049999997
1.8538376614025824,0.055
1.8538856621705946,0.06
1.853933662938607,0.055
1.853981663706619,0.055
1.8540296644746315,0.055
1.8540776652426438,0.049999997
1.854125666010656,0.049999997
1.8541736667786684,0.049999997
1.8542216675466807,0.055
1.8542696683146929,0.055
1.8543176690827052,0.055
1.8543656698507176,0.055
1.8544136706187297,0.049999997
1.8544616713867421,0.049999997
1.8545096721547543,0.049999997
1.8545576729227666,0.049999997
1.854605673690779,0.055
1.8546536744587911,0.049999997
1.8547016752268035,0.049999997
1.8547496759948159,0.055
1.854797676762828,0.049999997
1.8548456775308404,0.049999997
1.8548936782988528,0.049999997
1.854941679066865,0.055
1.8549896798348773,0.049999997
1.8550376806028894,0.055
1.8550856813709018,0.049999997
1.8551336821389142,0.06
1.8551816829069263,0.055
1.8552296836749387,0.06
1.855277684442951,0.049999997
1.8553256852109632,0.06
1.8553736859789756,0.055
1.855421686746988,0.055
1.855469687515,0.049999997
1.8555176882830124,0.055
1.8555656890510246,0.049999997
1.855613689819037,0.06
1.8556616905870493,0.049999997
1.8557096913550615,0.055
1.8557576921230738,0.055
1.8558056928910862,0.06
1.8558536936590984,0.055
1.8559016944271107,0.049999997
1.855949695195123,0.055
1.8559976959631352,0.049999997
1.8560456967311476,0.055
1.85609369749916,0.055
1.8561416982671721,0.055
1.8561896990351845,0.06
1.8562376998031966,0.06
1.856285700571209,0.049999997
1.8563337013392214,0.055
1.8563817021072335,0.049999997
1.856429702875246,0.049999997
1.8564777036432583,0.06
1.8565257044112704,0.049999997
1.8565737051792828,0.07
1.8566217059472951,0.044999998
1.8566697067153073,0.074999996
1.8567177074833197,0.044999998
1.8567657082513318,0.049999997
1.8568137090193442,0.049999997
1.8568617097873565,0.049999997
1.8569097105553687,0.055
1.856957711323381,0.06
1.8570057120913934,0.065
1.8570537128594056,0.055
1.857101713627418,0.065
1.8571497143954303,0.074999996
1.8571977151634425,0.07
1.8572457159314548,0.07
1.857293716699467,0.049999997
1.8573417174674793,0.06
1.8573897182354917,0.044999998
1.8574377190035039,0.044999998
1.8574857197715162,0.074999996
1.8575337205395286,0.049999997
1.8575817213075407,0.055
1.857629722075553,0.049999997
1.8576777228435655,0.055
1.8577257236115776,0.06
1.85777372437959,0.07
1.8578217251476024,0.055
1.8578697259156145,0.074999996
1.8579177266836269,0.06
1.857965727451639,0.06
1.8580137282196514,0.044999998
1.8580617289876638,0.065
1.858109729755676,0.049999997
1.8581577305236883,0.06
1.8582057312917006,0.065
1.8582537320597128,0.035
1.8583017328277252,0.065
1.8583497335957375,0.06
1.8583977343637497,0.06
1.858445735131762,0.04
1.8584937358997742,0.049999997
1.8585417366677865,0.049999997
1.858589737435799,0.044999998
1.858637738203811,0.044999998
1.8586857389718234,0.049999997
1.8587337397398358,0.049999997
1.858781740507848,0.044999998
1.8588297412758603,0.055
1.8588777420438727,0.049999997
1.8589257428118848,0.055
1.8589737435798972,0.055
1.8590217443479093,0.049999997
1.8590697451159217,0.04
1.859117745883934,0.049999997
1.8591657466519462,0.055
1.8592137474199586,0.065
1.859261748187971,0.06
1.859309748955983,0.06
1.8593577497239955,0.06
1.8594057504920078,0.055
1.85945375126002,0.055
1.8595017520280324,0.049999997
1.8595497527960447,0.06
1.8595977535640569,0.055
1.8596457543320692,0.06
1.8596937551000814,0.055
1.8597417558680938,0.044999998
1.8597897566361061,0.049999997
1.8598377574041183,0.049999997
1.8598857581721306,0.04
1.859933758940143,0.049999997
1.8599817597081552,0.049999997
1.8600297604761675,0.065
1.86007776124418,0.055
1.860125762012192,0.065
1.8601737627802044,0.055
1.8602217635482166,0.06
1.860269764316229,0.049999997
1.8603177650842413,0.049999997
1.8603657658522534,0.049999997
1.8604137666202658,0.044999998
1.8604617673882782,0.044999998
1.8605097681562903,0.055
1.8605577689243027,0.065
1.860605769692315,0.06
1.8606537704603272,0.065
1.8607017712283396,0.055
1.8607497719963517,0.06
1.860797772764364,0.049999997
1.8608457735323765,0.065
1.8608937743003886,0.055
1.860941775068401,0.06
1.8609897758364133,0.055
1.8610377766044255,0.06
1.8610857773724379,0.049999997
1.8611337781404502,0.055
1.8611817789084624,0.049999997
1.8612297796764747,0.044999998
1.861277780444487,0.044999998
1.8613257812124993,0.049999997
1.8613737819805116,0.055
1.8614217827485238,0.06
1.8614697835165361,0.06
1.8615177842845485,0.055
1.8615657850525607,0.049999997
1.861613785820573,0.049999997
1.8616617865885854,0.055
1.8617097873565975,0.06
1.86175778812461,0.06
1.8618057888926223,0.06
1.8618537896606344,0.06
1.8619017904286468,0.055
1.861949791196659,0.065
1.8619977919646713,0.049999997
1.8620457927326837,0.06
1.8620937935006958,0.055
1.8621417942687082,0.06
1.8621897950367206,0.06
1.8622377958047327,0.049999997
1.862285796572745,0.06
1.8623337973407574,0.055
1.8623817981087696,0.06
1.862429798876782,0.055
1.862477799644794,0.049999997
1.8625258004128065,0.044999998
1.8625738011808188,0.049999997
1.862621801948831,0.055
1.8626698027168433,0.055
1.8627178034848557,0.055
1.8627658042528679,0.065
1.8628138050208802,0.049999997
1.8628618057888926,0.06
1.8629098065569047,0.049999997
1.8629578073249171,0.055
1.8630058080929295,0.055
1.8630538088609416,0.055
1.863101809628954,0.049999997
1.8631498103969661,0.049999997
1.8631978111649785,0.055
1.8632458119329909,0.055
1.863293812701003,0.055
1.8633418134690154,0.055
1.8633898142370278,0.055
1.86343781500504,0.055
1.8634858157730523,0.055
1.8635338165410646,0.055
1.8635818173090768,0.055
1.8636298180770892,0.055
1.8636778188451013,0.055
1.8637258196131137,0.055
1.863773820381126,0.055
1.8638218211491382,0.055
1.8638698219171506,0.055
1.863917822685163,0.049999997
1.863965823453175,0.055
1.8640138242211874,0.055
1.8640618249891998,0.055
1.864109825757212,0.055
1.8641578265252243,0.055
1.8642058272932365,0.049999997
1.8642538280612488,0.049999997
1.8643018288292612,0.049999997
1.8643498295972734,0.049999997
1.8643978303652857,0.055
1.864445831133298,0.055
1.8644938319013102,0.049999997
1.8645418326693226,0.055
1.864589833437335,0.055
1.8646378342053471,0.055
1.8646858349733595,0.049999997
1.8647338357413716,0.06
1.864781836509384,0.055
1.8648298372773964,0.06
1.8648778380454085,0.055
1.8649258388134209,0.055
1.8649738395814333,0.049999997
1.8650218403494454,0.049999997
1.8650698411174578,0.049999997
1.8651178418854701,0.055
1.8651658426534823,0.055
1.8652138434214947,0.055
1.865261844189507,0.055
1.8653098449575192,0.049999997
1.8653578457255315,0.049999997
1.8654058464935437,0.055
1.865453847261556,0.055
1.8655018480295684,0.049999997
1.8655498487975806,0.055
1.865597849565593,0.055
1.8656458503336053,0.055
1.8656938511016175,0.055
1.8657418518696298,0.055
1.8657898526376422,0.049999997
1.8658378534056543,0.055
1.8658858541736667,0.055
1.8659338549416788,0.055
1.8659818557096912,0.055
1.8660298564777036,0.055
1.8660778572457157,0.055
1.866125858013728,0.055
1.8661738587817405,0.055
1.8662218595497526,0.055
1.866269860317765,0.049999997
1.8663178610857774,0.055
1.8663658618537895,0.055
1.8664138626218019,0.049999997
1.866461863389814,0.055
1.8665098641578264,0.055
1.8665578649258388,0.055
1.866605865693851,0.055
1.8666538664618633,0.055
1.8667018672298756,0.049999997
1.8667498679978878,0.049999997
1.8667978687659001,0.055
1.8668458695339125,0.055
1.8668938703019247,0.06
1.866941871069937,0.055
1.8669898718379494,0.055
1.8670378726059615,0.055
1.867085873373974,0.055
1.867133874141986,0.055
1.8671818749099984,0.055
1.8672298756780108,0.055
1.867277876446023,0.055
1.8673258772140353,0.049999997
1.8673738779820477,0.055
1.8674218787500598,0.055
1.8674698795180722,0.055
1.8675178802860846,0.049999997
1.8675658810540967,0.055
1.867613881822109,0.055
1.8676618825901212,0.055
1.8677098833581336,0.055
1.867757884126146,0.055
1.867805884894158,0.049999997
1.8678538856621705,0.055
1.8679018864301828,0.049999997
1.867949887198195,0.055
1.8679978879662074,0.049999997
1.8680458887342197,0.055
1.8680938895022319,0.049999997
1.8681418902702442,0.049999997
1.8681898910382564,0.055
1.8682378918062688,0.055
1.8682858925742811,0.049999997
1.8683338933422933,0.055
1.8683818941103056,0.049999997
1.868429894878318,0.055
1.8684778956463302,0.044999998
1.8685258964143425,0.049999997
1.868573897182355,0.049999997
1.868621897950367,0.055
1.8686698987183794,0.049999997
1.8687178994863918,0.055
1.868765900254404,0.049999997
1.8688139010224163,0.06
1.8688619017904284,0.055
1.8689099025584408,0.06
1.8689579033264532,0.06
1.8690059040944653,0.06
1.8690539048624777,0.049999997
1.86910190563049,0.055
1.8691499063985022,0.055
1.8691979071665146,0.055
1.869245907934527,0.049999997
1.869293908702539,0.055
1.8693419094705515,0.055
1.8693899102385636,0.06
1.869437911006576,0.055
1.8694859117745883,0.055
1.8695339125426005,0.055
1.8695819133106129,0.055
1.8696299140786252,0.06
1.8696779148466374,0.055
1.8697259156146497,0.055
1.869773916382662,0.06
1.8698219171506743,0.055
1.8698699179186866,0.055
1.8699179186866988,0.055
1.8699659194547111,0.055
1.8700139202227235,0.055
1.8700619209907356,0.055
1.870109921758748,0.049999997
1.8701579225267604,0.055
1.8702059232947725,0.049999997
1.870253924062785,0.055
1.8703019248307973,0.055
1.8703499255988094,0.049999997
1.8703979263668218,0.055
1.8704459271348342,0.055
1.8704939279028463,0.055
1.8705419286708587,0.049999997
1.8705899294388708,0.055
1.8706379302068832,0.055
1.8706859309748955,0.055
1.8707339317429077,0.055
1.87078193251092,0.049999997
1.8708299332789324,0.049999997
1.8708779340469446,0.049999997
1.870925934814957,0.055
1.8709739355829693,0.049999997
1.8710219363509815,0.055
1.8710699371189938,0.055
1.871117937887006,0.055
1.8711659386550183,0.055
1.8712139394230307,0.055
1.8712619401910429,0.06
1.8713099409590552,0.049999997
1.8713579417270676,0.055
1.8714059424950797,0.049999997
1.8714539432630921,0.055
1.8715019440311045,0.049999997
1.8715499447991166,0.055
1.871597945567129,0.055
1.8716459463351411,0.06
1.8716939471031535,0.055
1.8717419478711659,0.055
1.871789948639178,0.055
1.8718379494071904,0.055
1.8718859501752028,0.049999997
1.871933950943215,0.06
1.8719819517112273,0.055
1.8720299524792396,0.055
1.8720779532472518,0.055
1.8721259540152642,0.055
1.8721739547832763,0.049999997
1.8722219555512887,0.055
1.872269956319301,0.055
1.8723179570873132,0.055
1.8723659578553256,0.055
1.872413958623338,0.049999997
1.87246195939135,0.049999997
1.8725099601593624,0.055
1.8725579609273748,0.055
1.872605961695387,0.055
1.8726539624633993,0.049999997
1.8727019632314117,0.055
1.8727499639994238,0.049999997
1.8727979647674362,0.055
1.8728459655354484,0.055
1.8728939663034607,0.055
1.872941967071473,0.055
1.8729899678394852,0.049999997
1.8730379686074976,0.055
1.87308596937551,0.055
1.8731339701435221,0.055
1.8731819709115345,0.06
1.8732299716795469,0.055
1.873277972447559,0.055
1.8733259732155714,0.055
1.8733739739835835,0.055
1.8734219747515959,0.055
1.8734699755196083,0.055
1.8735179762876204,0.06
1.8735659770556328,0.055
1.8736139778236451,0.055
1.8736619785916573,0.055
1.8737099793596697,0.055
1.873757980127682,0.049999997
1.8738059808956942,0.055
1.8738539816637065,0.055
1.8739019824317187,0.049999997
1.873949983199731,0.055
1.8739979839677434,0.055
1.8740459847357556,0.055
1.874093985503768,0.055
1.8741419862717803,0.055
1.8741899870397924,0.055
1.8742379878078048,0.049999997
1.8742859885758172,0.049999997
1.8743339893438293,0.049999997
1.8743819901118417,0.049999997
1.874429990879854,0.055
1.8744779916478662,0.055
1.8745259924158786,0.055
1.8745739931838907,0.049999997
1.874621993951903,0.055
1.8746699947199155,0.049999997
1.8747179954879276,0.055
1.87476599625594,0.049999997
1.8748139970239523,0.049999997
1.8748619977919645,0.049999997
1.8749099985599769,0.049999997
1.8749579993279892,0.049999997
1.8750060000960014,0.049999997
1.8750540008640137,0.049999997
1.875102001632026,0.055
1.8751500024000383,0.055
1.8751980031680506,0.049999997
1.8752460039360628,0.049999997
1.8752940047040751,0.055
1.8753420054720875,0.055
1.8753900062400997,0.055
1.875438007008112,0.055
1.8754860077761244,0.055
1.8755340085441365,0.055
1.875582009312149,0.055
1.875630010080161,0.055
1.8756780108481734,0.055
1.8757260116161858,0.049999997
1.875774012384198,0.055
1.8758220131522103,0.06
1.8758700139202227,0.055
1.8759180146882348,0.049999997
1.8759660154562472,0.055
1.8760140162242596,0.049999997
1.8760620169922717,0.055
1.876110017760284,0.055
1.8761580185282964,0.049999997
1.8762060192963086,0.055
1.876254020064321,0.049999997
1.876302020832333,0.055
1.8763500216003455,0.049999997
1.8763980223683578,0.065
1.87644602313637,0.055
1.8764940239043824,0.06
1.8765420246723947,0.055
1.8765900254404069,0.06
1.8766380262084192,0.055
1.8766860269764316,0.049999997
1.8767340277444438,0.055
1.8767820285124561,0.049999997
1.8768300292804683,0.055
1.8768780300484806,0.055
1.876926030816493,0.049999997
1.8769740315845052,0.06
1.8770220323525175,0.049999997
1.87707003312053,0.06
1.877118033888542,0.055
1.8771660346565544,0.06
1.8772140354245668,0.049999997
1.877262036192579,0.055
1.8773100369605913,0.055
1.8773580377286034,0.055
1.8774060384966158,0.06
1.8774540392646282,0.055
1.8775020400326403,0.055
1.8775500408006527,0.055
1.877598041568665,0.055
1.8776460423366772,0.049999997
1.8776940431046896,0.055
1.877742043872702,0.055
1.877790044640714,0.055
1.8778380454087265,0.055
1.8778860461767388,0.055
1.877934046944751,0.055
1.8779820477127633,0.055
1.8780300484807755,0.06
1.8780780492487879,0.055
1.8781260500168002,0.055
1.8781740507848124,0.055
1.8782220515528247,0.055
1.878270052320837,0.055
1.8783180530888492,0.049999997
1.8783660538568616,0.055
1.878414054624874,0.055
1.8784620553928861,0.049999997
1.8785100561608985,0.055
1.8785580569289106,0.049999997
1.878606057696923,0.055
1.8786540584649354,0.049999997
1.8787020592329475,0.055
1.87875006000096,0.055
1.8787980607689723,0.055
1.8788460615369844,0.049999997
1.8788940623049968,0.049999997
1.8789420630730091,0.049999997
1.8789900638410213,0.049999997
1.8790380646090337,0.055
1.8790860653770458,0.055
1.8791340661450582,0.06
1.8791820669130705,0.049999997
1.8792300676810827,0.06
1.879278068449095,0.049999997
1.8793260692171074,0.049999997
1.8793740699851196,0.055
1.879422070753132,0.06
1.8794700715211443,0.055
1.8795180722891565,0.055
1.8795660730571688,0.055
1.8796140738251812,0.06
1.8796620745931933,0.049999997
1.8797100753612057,0.065
1.8797580761292179,0.055
1.8798060768972302,0.06
1.8798540776652426,0.049999997
1.8799020784332547,0.055
1.879950079201267,0.049999997
1.8799980799692795,0.06
1.8800460807372916,0.049999997
1.880094081505304,0.06
1.8801420822733164,0.055
1.8801900830413285,0.06
1.8802380838093409,0.049999997
1.880286084577353,0.055
1.8803340853453654,0.06
1.8803820861133778,0.06
1.88043008688139,0.049999997
1.8804780876494023,0.06
1.8805260884174146,0.049999997
1.8805740891854268,0.055
1.8806220899534392,0.055
1.8806700907214515,0.055
1.8807180914894637,0.049999997
1.880766092257476,0.06
1.8808140930254882,0.049999997
1.8808620937935006,0.055
1.880910094561513,0.049999997
1.880958095329525,0.055
1.8810060960975374,0.049999997
1.8810540968655498,0.06
1.881102097633562,0.055
1.8811500984015743,0.049999997
1.8811980991695867,0.055
1.8812460999375988,0.055
1.8812941007056112,0.049999997
1.8813421014736234,0.055
1.8813901022416357,0.055
1.881438103009648,0.049999997
1.8814861037776602,0.049999997
1.8815341045456726,0.055
1.881582105313685,0.055
1.8816301060816971,0.055
1.8816781068497095,0.055
1.8817261076177219,0.055
1.881774108385734,0.055
1.8818221091537464,0.06
1.8818701099217587,0.049999997
1.8819181106897709,0.055
1.8819661114577833,0.055
1.8820141122257954,0.049999997
1.8820621129938078,0.049999997
1.8821101137618201,0.06
1.8821581145298323,0.049999997
1.8822061152978447,0.049999997
1.882254116065857,0.055
1.8823021168338692,0.049999997
1.8823501176018815,0.055
1.882398118369894,0.049999997
1.882446119137906,0.055
1.8824941199059184,0.049999997
1.8825421206739306,0.055
1.882590121441943,0.055
1.8826381222099553,0.055
1.8826861229779674,0.044999998
1.8827341237459798,0.055
1.8827821245139922,0.049999997
1.8828301252820043,0.055
1.8828781260500167,0.055
1.882926126818029,0.055
1.8829741275860412,0.049999997
1.8830221283540536,0.055
1.8830701291220657,0.049999997
1.883118129890078,0.055
1.8831661306580905,0.049999997
1.8832141314261026,0.055
1.883262132194115,0.049999997
1.8833101329621273,0.055
1.8833581337301395,0.049999997
1.8834061344981519,0.055
1.8834541352661642,0.049999997
1.8835021360341764,0.055
1.8835501368021887,0.049999997
1.8835981375702011,0.049999997
1.8836461383382133,0.055
1.8836941391062256,0.06
1.8837421398742378,0.055
1.8837901406422501,0.055
1.8838381414102625,0.049999997
1.8838861421782747,0.049999997
1.883934142946287,0.055
1.8839821437142994,0.055
1.8840301444823115,0.055
1.884078145250324,0.049999997
1.8841261460183363,0.055
1.8841741467863484,0.055
1.8842221475543608,0.055
1.884270148322373,0.055
1.8843181490903853,0.055
1.8843661498583977,0.055
1.8844141506264098,0.055
1.8844621513944222,0.055
1.8845101521624346,0.06
1.8845581529304467,0.055
1.884606153698459,0.055
1.8846541544664714,0.055
1.8847021552344836,0.049999997
1.884750156002496,0.055
1.884798156770508,0.055
1.8848461575385205,0.055
1.8848941583065328,0.055
1.884942159074545,0.055
1.8849901598425574,0.055
1.8850381606105697,0.049999997
1.8850861613785819,0.055
1.8851341621465942,0.055
1.8851821629146066,0.049999997
1.8852301636826188,0.055
1.8852781644506311,0.044999998
1.8853261652186435,0.055
1.8853741659866556,0.055
1.885422166754668,0.055
1.8854701675226802,0.055
1.8855181682906925,0.055
1.8855661690587049,0.055
1.885614169826717,0.055
1.8856621705947294,0.055
1.8857101713627418,0.049999997
1.885758172130754,0.055
1.8858061728987663,0.049999997
1.8858541736667787,0.055
1.8859021744347908,0.055
1.8859501752028032,0.044999998
1.8859981759708153,0.06
1.8860461767388277,0.06
1.88609417750684,0.049999997
1.8861421782748522,0.055
1.8861901790428646,0.055
1.886238179810877,0.055
1.886286180578889,0.055
1.8863341813469015,0.06
1.8863821821149138,0.055
1.886430182882926,0.055
1.8864781836509383,0.055
1.8865261844189505,0.06
1.8865741851869628,0.049999997
1.8866221859549752,0.06
1.8866701867229874,0.055
1.8867181874909997,0.049999997
1.886766188259012,0.055
1.8868141890270242,0.055
1.8868621897950366,0.055
1.886910190563049,0.049999997
1.8869581913310611,0.055
1.8870061920990735,0.055
1.8870541928670859,0.055
1.887102193635098,0.049999997
1.8871501944031104,0.055
1.8871981951711225,0.055
1.887246195939135,0.049999997
1.8872941967071473,0.055
1.8873421974751594,0.049999997
1.8873901982431718,0.055
1.8874381990111841,0.055
1.8874861997791963,0.049999997
1.8875342005472087,0.055
1.887582201315221,0.049999997
1.8876302020832332,0.055
1.8876782028512455,0.049999997
1.8877262036192577,0.055
1.88777420438727,0.055
1.8878222051552824,0.055
1.8878702059232946,0.055
1.887918206691307,0.055
1.8879662074593193,0.049999997
1.8880142082273315,0.049999997
1.8880622089953438,0.055
1.8881102097633562,0.055
1.8881582105313683,0.049999997
1.8882062112993807,0.055
1.8882542120673929,0.055
1.8883022128354052,0.055
1.8883502136034176,0.049999997
1.8883982143714297,0.055
1.888446215139442,0.049999997
1.8884942159074545,0.055
1.8885422166754666,0.049999997
1.888590217443479,0.055
1.8886382182114914,0.055
1.8886862189795035,0.055
1.8887342197475159,0.06
1.8887822205155282,0.06
1.8888302212835404,0.055
1.8888782220515528,0.049999997
1.888926222819565,0.06
1.8889742235875773,0.049999997
1.8890222243555896,0.055
1.8890702251236018,0.055
1.8891182258916142,0.049999997
1.8891662266596265,0.055
1.8892142274276387,0.055
1.889262228195651,0.055
1.8893102289636634,0.049999997
1.8893582297316756,0.055
1.889406230499688,0.049999997
1.8894542312677,0.049999997
1.8895022320357124,0.049999997
1.8895502328037248,0.055
1.889598233571737,0.049999997
1.8896462343397493,0.055
1.8896942351077617,0.055
1.8897422358757738,0.06
1.8897902366437862,0.049999997
1.8898382374117986,0.055
1.8898862381798107,0.049999997
1.889934238947823,0.055
1.8899822397158352,0.044999998
1.8900302404838476,0.049999997
1.89007824125186,0.055
1.8901262420198721,0.055
1.8901742427878845,0.049999997
1.8902222435558969,0.06
1.890270244323909,0.049999997
1.8903182450919214,0.055
1.8903662458599337,0.049999997
1.8904142466279459,0.055
1.8904622473959583,0.049999997
1.8905102481639704,0.06
1.8905582489319828,0.049999997
1.8906062496999951,0.049999997
1.8906542504680073,0.049999997
1.8907022512360196,0.055
1.890750252004032,0.044999998
1.8907982527720442,0.049999997
1.8908462535400565,0.055
1.890894254308069,0.055
1.890942255076081,0.049999997
1.8909902558440934,0.055
1.8910382566121058,0.055
1.891086257380118,0.055
1.8911342581481303,0.055
1.8911822589161424,0.06
1.8912302596841548,0.055
1.8912782604521672,0.055
1.8913262612201793,0.049999997
1.8913742619881917,0.06
1.891422262756204,0.055
1.8914702635242162,0.055
1.8915182642922286,0.049999997
1.891566265060241,0.055
1.891614265828253,0.049999997
1.8916622665962655,0.055
1.8917102673642776,0.049999997
1.89175826813229,0.055
1.8918062689003023,0.049999997
1.8918542696683145,0.055
1.8919022704363269,0.049999997
1.8919502712043392,0.055
1.8919982719723514,0.049999997
1.8920462727403637,0.055
1.8920942735083761,0.055
1.8921422742763883,0.049999997
1.8921902750444006,0.055
1.8922382758124128,0.055
1.8922862765804251,0.049999997
1.8923342773484375,0.049999997
1.8923822781164497,0.049999997
1.892430278884462,0.06
1.8924782796524744,0.055
1.8925262804204865,0.055
1.892574281188499,0.049999997
1.8926222819565113,0.055
1.8926702827245234,0.049999997
1.8927182834925358,0.055
1.8927662842605482,0.049999997
1.8928142850285603,0.055
1.8928622857965727,0.049999997
1.8929102865645848,0.055
1.8929582873325972,0.049999997
1.8930062881006096,0.055
1.8930542888686217,0.049999997
1.893102289636634,0.055
1.8931502904046464,0.049999997
1.8931982911726586,0.055
1.893246291940671,0.055
1.8932942927086833,0.06
1.8933422934766955,0.055
1.8933902942447078,0.06
1.89343829501272,0.055
1.8934862957807324,0.049999997
1.8935342965487447,0.055
1.8935822973167569,0.049999997
1.8936302980847692,0.055
1.8936782988527816,0.049999997
1.8937262996207938,0.055
1.8937743003888061,0.049999997
1.8938223011568185,0.049999997
1.8938703019248306,0.06
1.893918302692843,0.055
1.8939663034608551,0.055
1.8940143042288675,0.055
1.8940623049968799,0.055
1.894110305764892,0.055
1.8941583065329044,0.055
1.8942063073009168,0.055
1.894254308068929,0.055
1.8943023088369413,0.055
1.8943503096049537,0.049999997
1.8943983103729658,0.049999997
1.8944463111409782,0.055
1.8944943119089905,0.049999997
1.8945423126770027,0.049999997
1.894590313445015,0.055
1.8946383142130272,0.049999997
1.8946863149810396,0.06
1.894734315749052,0.049999997
1.894782316517064,0.049999997
1.8948303172850764,0.055
1.8948783180530888,0.055
1.894926318821101,0.049999997
1.8949743195891133,0.055
1.8950223203571257,0.049999997
1.8950703211251378,0.06
1.8951183218931502,0.055
1.8951663226611624,0.055
1.8952143234291747,0.049999997
1.895262324197187,0.049999997
1.8953103249651992,0.055
1.8953583257332116,0.055
1.895406326501224,0.055
1.8954543272692361,0.055
1.8955023280372485,0.055
1.8955503288052609,0.055
1.895598329573273,0.049999997
1.8956463303412854,0.055
1.8956943311092975,0.06
1.89574233187731,0.055
1.8957903326453223,0.055
1.8958383334133344,0.055
1.8958863341813468,0.06
1.8959343349493591,0.055
1.8959823357173713,0.055
1.8960303364853837,0.049999997
1.896078337253396,0.055
1.8961263380214082,0.055
1.8961743387894205,0.06
1.896222339557433,0.055
1.896270340325445,0.049999997
1.8963183410934574,0.055
1.8963663418614696,0.055
1.896414342629482,0.055
1.8964623433974943,0.049999997
1.8965103441655065,0.06
1.8965583449335188,0.055
1.8966063457015312,0.055
1.8966543464695433,0.055
1.8967023472375557,0.049999997
1.896750348005568,0.055
1.8967983487735802,0.049999997
1.8968463495415926,0.055
1.8968943503096047,0.049999997
1.896942351077617,0.055
1.8969903518456295,0.049999997
1.8970383526136416,0.055
1.897086353381654,0.055
1.8971343541496664,0.049999997
1.8971823549176785,0.055
1.8972303556856909,0.055
1.8972783564537032,0.049999997
1.8973263572217154,0.055
1.8973743579897278,0.055
1.89742235875774,0.049999997
1.8974703595257523,0.055
1.8975183602937646,0.049999997
1.8975663610617768,0.055
1.8976143618297892,0.049999997
1.8976623625978015,0.06
1.8977103633658137,0.055
1.897758364133826,0.049999997
1.8978063649018384,0.049999997
1.8978543656698506,0.055
1.897902366437863,0.049999997
1.897950367205875,0.055
1.8979983679738874,0.049999997
1.8980463687418998,0.055
1.898094369509912,0.049999997
1.8981423702779243,0.055
1.8981903710459367,0.049999997
1.8982383718139488,0.049999997
1.8982863725819612,0.049999997
1.8983343733499736,0.055
1.8983823741179857,0.055
1.898430374885998,0.049999997
1.8984783756540105,0.055
1.8985263764220226,0.055
1.898574377190035,0.049999997
1.8986223779580471,0.049999997
1.8986703787260595,0.055
1.8987183794940719,0.049999997
1.898766380262084,0.06
1.8988143810300964,0.055
1.8988623817981087,0.06
1.8989103825661209,0.055
1.8989583833341332,0.06
1.8990063841021456,0.049999997
1.8990543848701578,0.055
1.8991023856381701,0.055
1.8991503864061823,0.055
1.8991983871741946,0.049999997
1.899246387942207,0.055
1.8992943887102192,0.049999997
1.8993423894782315,0.055
1.899390390246244,0.049999997
1.899438391014256,0.055
1.8994863917822684,0.055
1.8995343925502808,0.055
1.899582393318293,0.055
1.8996303940863053,0.06
1.8996783948543174,0.055
1.8997263956223298,0.06
1.8997743963903422,0.049999997
1.8998223971583543,0.055
1.8998703979263667,0.055
1.899918398694379,0.065
1.8999663994623912,0.055
1.9000144002304036,0.06
1.900062400998416,0.049999997
1.900110401766428,0.065
1.9001584025344405,0.055
1.9002064033024528,0.055
1.900254404070465,0.049999997
1.9003024048384773,0.055
1.9003504056064895,0.049999997
1.9003984063745019,0.055
1.9004464071425142,0.049999997
1.9004944079105264,0.055
1.9005424086785387,0.055
1.900590409446551,0.055
1.9006384102145633,0.049999997
1.9006864109825756,0.055
1.900734411750588,0.055
1.9007824125186001,0.055
1.9008304132866125,0.049999997
1.9008784140546247,0.055
1.900926414822637,0.055
1.9009744155906494,0.06
1.9010224163586615,0.049999997
1.901070417126674,0.055
1.9011184178946863,0.049999997
1.9011664186626984,0.06
1.9012144194307108,0.044999998
1.9012624201987232,0.06
1.9013104209667353,0.049999997
1.9013584217347477,0.055
1.9014064225027598,0.049999997
1.9014544232707722,0.055
1.9015024240387846,0.055
1.9015504248067967,0.055
1.901598425574809,0.055
1.9016464263428214,0.06
1.9016944271108336,0.06
1.901742427878846,0.06
1.9017904286468583,0.055
1.9018384294148705,0.06
1.9018864301828828,0.06
1.9019344309508952,0.049999997
1.9019824317189074,0.055
1.9020304324869197,0.055
1.9020784332549319,0.055
1.9021264340229442,0.055
1.9021744347909566,0.06
1.9022224355589687,0.049999997
1.9022704363269811,0.055
1.9023184370949935,0.055
1.9023664378630056,0.055
1.902414438631018,0.055
1.9024624393990304,0.055
1.9025104401670425,0.055
1.9025584409350549,0.06
1.902606441703067,0.055
1.9026544424710794,0.055
1.9027024432390918,0.055
1.902750444007104,0.055
1.9027984447751163,0.055
1.9028464455431287,0.055
1.9028944463111408,0.055
1.9029424470791532,0.055
1.9029904478471655,0.055
1.9030384486151777,0.055
1.90308644938319,0.049999997
1.9031344501512022,0.049999997
1.9031824509192146,0.055
1.903230451687227,0.055
1.903278452455239,0.049999997
1.9033264532232514,0.055
1.9033744539912638,0.055
1.903422454759276,0.055
1.9034704555272883,0.049999997
1.9035184562953007,0.055
1.9035664570633128,0.055
1.9036144578313252,0.055
1.9036624585993376,0.055
1.9037104593673497,0.055
1.903758460135362,0.055
1.9038064609033742,0.055
1.9038544616713866,0.049999997
1.903902462439399,0.055
1.9039504632074111,0.055
1.9039984639754235,0.055
1.9040464647434359,0.049999997
1.904094465511448,0.055
1.9041424662794604,0.055
1.9041904670474727,0.055
1.904238467815485,0.049999997
1.9042864685834973,0.055
1.9043344693515094,0.055
1.9043824701195218,0.06
1.9044304708875341,0.055
1.9044784716555463,0.06
1.9045264724235587,0.055
1.904574473191571,0.049999997
1.9046224739595832,0.06
1.9046704747275955,0.06
1.904718475495608,0.055
1.90476647626362,0.065
1.9048144770316324,0.055
1.9048624777996446,0.055
1.904910478567657,0.055
1.9049584793356693,0.049999997
1.9050064801036815,0.049999997
1.9050544808716938,0.055
1.9051024816397062,0.055
1.9051504824077183,0.055
1.9051984831757307,0.055
1.905246483943743,0.049999997
1.9052944847117552,0.055
1.9053424854797676,0.049999997
1.90539048624778,0.055
1.905438487015792,0.055
1.9054864877838045,0.055
1.9055344885518166,0.055
1.905582489319829,0.06
1.9056304900878414,0.055
1.9056784908558535,0.049999997
1.9057264916238659,0.06
1.9057744923918782,0.055
1.9058224931598904,0.055
1.9058704939279028,0.055
1.9059184946959151,0.055
1.9059664954639273,0.06
1.9060144962319396,0.055
1.9060624969999518,0.055
1.9061104977679642,0.055
1.9061584985359765,0.055
1.9062064993039887,0.06
1.906254500072001,0.055
1.9063025008400134,0.055
1.9063505016080255,0.065
1.906398502376038,0.04
1.9064465031440503,0.06
1.9064945039120624,0.049999997
1.9065425046800748,0.055
1.906590505448087,0.055
1.9066385062160993,0.055
1.9066865069841117,0.049999997
1.9067345077521238,0.055
1.9067825085201362,0.049999997
1.9068305092881486,0.055
1.9068785100561607,0.049999997
1.906926510824173,0.055
1.9069745115921855,0.06
1.9070225123601976,0.06
1.90707051312821,0.055
1.9071185138962221,0.06
1.9071665146642345,0.055
1.9072145154322468,0.055
1.907262516200259,0.06
1.9073105169682714,0.06
1.9073585177362837,0.049999997
1.9074065185042959,0.055
1.9074545192723082,0.049999997
1.9075025200403206,0.055
1.9075505208083328,0.049999997
1.9075985215763451,0.055
1.9076465223443575,0.049999997
1.9076945231123696,0.055
1.907742523880382,0.055
1.9077905246483942,0.055
1.9078385254164065,0.049999997
1.907886526184419,0.049999997
1.907934526952431,0.055
1.9079825277204434,0.055
1.9080305284884558,0.049999997
1.908078529256468,0.055
1.9081265300244803,0.055
1.9081745307924927,0.055
1.9082225315605048,0.06
1.9082705323285172,0.055
1.9083185330965293,0.055
1.9083665338645417,0.049999997
1.908414534632554,0.049999997
1.9084625354005662,0.049999997
1.9085105361685786,0.055
1.908558536936591,0.055
1.908606537704603,0.055
1.9086545384726155,0.049999997
1.9087025392406278,0.055
1.90875054000864,0.049999997
1.9087985407766523,0.049999997
1.9088465415446645,0.055
1.9088945423126769,0.055
1.9089425430806892,0.055
1.9089905438487014,0.06
1.9090385446167137,0.055
1.909086545384726,0.055
1.9091345461527383,0.055
1.9091825469207506,0.055
1.909230547688763,0.055
1.9092785484567751,0.055
1.9093265492247875,0.055
1.9093745499927999,0.049999997
1.909422550760812,0.049999997
1.9094705515288244,0.049999997
1.9095185522968365,0.049999997
1.909566553064849,0.055
1.9096145538328613,0.049999997
1.9096625546008734,0.055
1.9097105553688858,0.049999997
1.9097585561368982,0.055
1.9098065569049103,0.049999997
1.9098545576729227,0.049999997
1.909902558440935,0.044999998
1.9099505592089472,0.049999997
1.9099985599769596,0.049999997
1.9100465607449717,0.049999997
1.910094561512984,0.055
1.9101425622809964,0.049999997
1.9101905630490086,0.049999997
1.910238563817021,0.049999997
1.9102865645850333,0.055
1.9103345653530455,0.049999997
1.9103825661210578,0.06
1.9104305668890702,0.049999997
1.9104785676570823,0.049999997
1.9105265684250947,0.049999997
1.9105745691931069,0.06
1.9106225699611192,0.055
1.9106705707291316,0.055
1.9107185714971437,0.049999997
1.9107665722651561,0.055
1.9108145730331685,0.049999997
1.9108625738011806,0.055
1.910910574569193,0.044999998
1.9109585753372054,0.06
1.9110065761052175,0.055
1.9110545768732299,0.055
1.9111025776412423,0.049999997
1.9111505784092544,0.065
1.9111985791772668,0.055
1.911246579945279,0.06
1.9112945807132913,0.049999997
1.9113425814813036,0.049999997
1.9113905822493158,0.049999997
1.9114385830173282,0.06
1.9114865837853405,0.055
1.9115345845533527,0.055
1.911582585321365,0.049999997
1.9116305860893774,0.055
1.9116785868573896,0.06
1.911726587625402,0.055
1.911774588393414,0.055
1.9118225891614264,0.06
1.9118705899294388,0.055
1.911918590697451,0.055
1.9119665914654633,0.049999997
1.9120145922334757,0.055
1.9120625930014878,0.055
1.9121105937695002,0.055
1.9121585945375126,0.055
1.9122065953055247,0.049999997
1.912254596073537,0.055
1.9123025968415492,0.055
1.9123505976095616,0.055
1.912398598377574,0.055
1.9124465991455861,0.055
1.9124945999135985,0.049999997
1.9125426006816109,0.055
1.912590601449623,0.049999997
1.9126386022176354,0.055
1.9126866029856477,0.055
1.91273460375366,0.055
1.9127826045216723,0.055
1.9128306052896846,0.055
1.9128786060576968,0.055
1.9129266068257091,0.055
1.9129746075937213,0.049999997
1.9130226083617337,0.06
1.913070609129746,0.055
1.9131186098977582,0.055
1.9131666106657705,0.049999997
1.913214611433783,0.055
1.913262612201795,0.049999997
1.9133106129698074,0.049999997
1.9133586137378198,0.055
1.913406614505832,0.049999997
1.9134546152738443,0.055
1.9135026160418565,0.049999997
1.9135506168098688,0.06
1.9135986175778812,0.049999997
1.9136466183458933,0.055
1.9136946191139057,0.055
1.913742619881918,0.055
1.9137906206499302,0.055
1.9138386214179426,0.055
1.913886622185955,0.055
1.913934622953967,0.049999997
1.9139826237219795,0.055
1.9140306244899916,0.055
1.914078625258004,0.049999997
1.9141266260260164,0.049999997
1.9141746267940285,0.055
1.9142226275620409,0.055
1.9142706283300532,0.055
1.9143186290980654,0.049999997
1.9143666298660778,0.055
1.9144146306340901,0.055
1.9144626314021023,0.049999997
1.9145106321701146,0.049999997
1.914558632938127,0.049999997
1.9146066337061391,0.06
1.9146546344741515,0.049999997
1.9147026352421637,0.055
1.914750636010176,0.055
1.9147986367781884,0.055
1.9148466375462005,0.049999997
1.914894638314213,0.055
1.9149426390822253,0.055
1.9149906398502374,0.055
1.9150386406182498,0.055
1.9150866413862622,0.049999997
1.9151346421542743,0.06
1.9151826429222867,0.055
1.9152306436902988,0.055
1.9152786444583112,0.049999997
1.9153266452263236,0.055
1.9153746459943357,0.049999997
1.915422646762348,0.055
1.9154706475303604,0.049999997
1.9155186482983726,0.055
1.915566649066385,0.049999997
1.9156146498343973,0.055
1.9156626506024095,0.049999997
1.9157106513704218,0.055
1.915758652138434,0.049999997
1.9158066529064464,0.055
1.9158546536744587,0.049999997
1.9159026544424709,0.055
1.9159506552104832,0.049999997
1.9159986559784956,0.055
1.9160466567465078,0.049999997
1.9160946575145201,0.055
1.9161426582825325,0.049999997
1.9161906590505446,0.055
1.916238659818557,0.065
1.9162866605865692,0.055
1.9163346613545815,0.049999997
1.916382662122594,0.055
1.916430662890606,0.055
1.9164786636586184,0.055
1.9165266644266308,0.055
1.916574665194643,0.049999997
1.9166226659626553,0.06
1.9166706667306677,0.06
1.9167186674986798,0.049999997
1.9167666682666922,0.055
1.9168146690347045,0.049999997
1.9168626698027167,0.055
1.916910670570729,0.055
1.9169586713387412,0.049999997
1.9170066721067536,0.049999997
1.917054672874766,0.055
1.917102673642778,0.055
1.9171506744107905,0.049999997
1.9171986751788028,0.055
1.917246675946815,0.055
1.9172946767148273,0.055
1.9173426774828397,0.049999997
1.9173906782508519,0.06
1.9174386790188642,0.055
1.9174866797868764,0.055
1.9175346805548887,0.055
1.917582681322901,0.055
1.9176306820909133,0.055
1.9176786828589256,0.055
1.917726683626938,0.055
1.9177746843949501,0.055
1.9178226851629625,0.055
1.9178706859309749,0.055
1.917918686698987,0.049999997
1.9179666874669994,0.055
1.9180146882350115,0.055
1.918062689003024,0.055
1.9181106897710363,0.055
1.9181586905390484,0.055
1.9182066913070608,0.055
1.9182546920750732,0.055
1.9183026928430853,0.055
1.9183506936110977,0.055
1.91839869437911,0.055
1.9184466951471222,0.055
1.9184946959151346,0.055
1.918542696683147,0.055
1.918590697451159,0.055
1.9186386982191714,0.06
1.9186866989871836,0.06
1.918734699755196,0.055
1.9187827005232083,0.049999997
1.9188307012912205,0.06
1.9188787020592328,0.055
1.9189267028272452,0.055
1.9189747035952573,0.055
1.9190227043632697,0.055
1.919070705131282,0.06
1.9191187058992942,0.055
1.9191667066673066,0.055
1.9192147074353187,0.049999997
1.9192627082033311,0.055
1.9193107089713435,0.055
1.9193587097393556,0.06
1.919406710507368,0.055
1.9194547112753804,0.055
1.9195027120433925,0.055
1.9195507128114049,0.055
1.9195987135794172,0.055
1.9196467143474294,0.055
1.9196947151154418,0.06
1.919742715883454,0.049999997
1.9197907166514663,0.055
1.9198387174194786,0.049999997
1.9198867181874908,0.049999997
1.9199347189555032,0.055
1.9199827197235155,0.055
1.9200307204915277,0.055
1.92007872125954,0.049999997
1.9201267220275524,0.055
1.9201747227955646,0.044999998
1.920222723563577,0.055
1.9202707243315893,0.055
1.9203187250996014,0.06
1.9203667258676138,0.055
1.920414726635626,0.049999997
1.9204627274036383,0.055
1.9205107281716507,0.049999997
1.9205587289396628,0.06
1.9206067297076752,0.055
1.9206547304756876,0.055
1.9207027312436997,0.055
1.920750732011712,0.049999997
1.9207987327797245,0.055
1.9208467335477366,0.049999997
1.920894734315749,0.055
1.9209427350837611,0.055
1.9209907358517735,0.055
1.9210387366197859,0.055
1.921086737387798,0.055
1.9211347381558104,0.049999997
1.9211827389238227,0.06
1.9212307396918349,0.055
1.9212787404598473,0.055
1.9213267412278596,0.06
1.9213747419958718,0.049999997
1.9214227427638841,0.055
1.9214707435318963,0.06
1.9215187442999087,0.055
1.921566745067921,0.055
1.9216147458359332,0.055
1.9216627466039455,0.049999997
1.921710747371958,0.055
1.92175874813997,0.049999997
1.9218067489079824,0.055
1.9218547496759948,0.049999997
1.921902750444007,0.055
1.9219507512120193,0.049999997
1.9219987519800317,0.055
1.9220467527480438,0.049999997
1.9220947535160562,0.055
1.9221427542840683,0.049999997
1.9221907550520807,0.055
1.922238755820093,0.055
1.9222867565881052,0.055
1.9223347573561176,0.055
1.92238275812413,0.055
1.922430758892142,0.055
1.9224787596601545,0.055
1.9225267604281668,0.055
1.922574761196179,0.049999997
1.9226227619641914,0.055
1.9226707627322035,0.055
1.9227187635002159,0.049999997
1.9227667642682282,0.055
1.9228147650362404,0.055
1.9228627658042527,0.055
1.9229107665722651,0.049999997
1.9229587673402773,0.055
1.9230067681082896,0.055
1.923054768876302,0.055
1.9231027696443141,0.055
1.9231507704123265,0.055
1.9231987711803387,0.049999997
1.923246771948351,0.055
1.9232947727163634,0.055
1.9233427734843755,0.049999997
1.923390774252388,0.049999997
1.9234387750204003,0.049999997
1.9234867757884124,0.055
1.9235347765564248,0.049999997
1.9235827773244372,0.055
1.9236307780924493,0.049999997
1.9236787788604617,0.049999997
1.9237267796284738,0.055
1.9237747803964862,0.049999997
1.9238227811644986,0.055
1.9238707819325107,0.049999997
1.923918782700523,0.06
1.9239667834685354,0.049999997
1.9240147842365476,0.055
1.92406278500456,0.055
1.9241107857725723,0.06
1.9241587865405845,0.055
1.9242067873085968,0.055
1.9242547880766092,0.049999997
1.9243027888446214,0.055
1.9243507896126337,0.055
1.9243987903806459,0.055
1.9244467911486582,0.049999997
1.9244947919166706,0.06
1.9245427926846828,0.055
1.9245907934526951,0.06
1.9246387942207075,0.049999997
1.9246867949887196,0.06
1.924734795756732,0.049999997
1.9247827965247444,0.065
1.9248307972927565,0.055
1.924878798060769,0.06
1.924926798828781,0.06
1.9249747995967934,0.06
1.9250228003648058,0.049999997
1.925070801132818,0.065
1.9251188019008303,0.055
1.9251668026688427,0.049999997
1.9252148034368548,0.049999997
1.9252628042048672,0.049999997
1.9253108049728795,0.055
1.9253588057408917,0.049999997
1.925406806508904,0.055
1.9254548072769162,0.055
1.9255028080449286,0.055
1.925550808812941,0.055
1.925598809580953,0.055
1.9256468103489655,0.055
1.9256948111169778,0.06
1.92574281188499,0.055
1.9257908126530023,0.049999997
1.9258388134210147,0.049999997
1.9258868141890269,0.049999997
1.9259348149570392,0.055
1.9259828157250516,0.055
1.9260308164930637,0.049999997
1.926078817261076,0.06
1.9261268180290883,0.055
1.9261748187971006,0.055
1.926222819565113,0.049999997
1.9262708203331251,0.055
1.9263188211011375,0.049999997
1.9263668218691499,0.055
1.926414822637162,0.055
1.9264628234051744,0.055
1.9265108241731868,0.049999997
1.926558824941199,0.055
1.9266068257092113,0.055
1.9266548264772234,0.055
1.9267028272452358,0.055
1.9267508280132482,0.06
1.9267988287812603,0.055
1.9268468295492727,0.049999997
1.926894830317285,0.055
1.9269428310852972,0.055
1.9269908318533095,0.055
1.927038832621322,0.049999997
1.927086833389334,0.049999997
1.9271348341573464,0.049999997
1.9271828349253586,0.055
1.927230835693371,0.055
1.9272788364613833,0.049999997
1.9273268372293955,0.055
1.9273748379974078,0.055
1.9274228387654202,0.055
1.9274708395334323,0.055
1.9275188403014447,0.049999997
1.927566841069457,0.055
1.9276148418374692,0.055
1.9276628426054816,0.055
1.927710843373494,0.055
1.9277588441415061,0.055
1.9278068449095185,0.055
1.9278548456775306,0.055
1.927902846445543,0.049999997
1.9279508472135554,0.055
1.9279988479815675,0.049999997
1.9280468487495799,0.055
1.9280948495175922,0.049999997
1.9281428502856044,0.065
1.9281908510536168,0.055
1.9282388518216291,0.065
1.9282868525896413,0.055
1.9283348533576536,0.049999997
1.9283828541256658,0.049999997
1.9284308548936782,0.049999997
1.9284788556616905,0.055
1.9285268564297027,0.055
1.928574857197715,0.055
1.9286228579657274,0.049999997
1.9286708587337396,0.055
1.928718859501752,0.055
1.9287668602697643,0.055
1.9288148610377764,0.055
1.9288628618057888,0.049999997
1.928910862573801,0.06
1.9289588633418133,0.055
1.9290068641098257,0.055
1.9290548648778378,0.055
1.9291028656458502,0.06
1.9291508664138626,0.055
1.9291988671818747,0.055
1.929246867949887,0.049999997
1.9292948687178995,0.055
1.9293428694859116,0.049999997
1.929390870253924,0.055
1.9294388710219363,0.049999997
1.9294868717899485,0.049999997
1.9295348725579609,0.055
1.929582873325973,0.055
1.9296308740939854,0.055
1.9296788748619977,0.055
1.9297268756300099,0.055
1.9297748763980223,0.055
1.9298228771660346,0.049999997
1.9298708779340468,0.06
1.9299188787020591,0.06
1.9299668794700715,0.06
1.9300148802380837,0.055
1.930062881006096,0.055
1.9301108817741082,0.055
1.9301588825421205,0.06
1.930206883310133,0.055
1.930254884078145,0.055
1.9303028848461574,0.055
1.9303508856141698,0.055
1.930398886382182,0.055
1.9304468871501943,0.055
1.9304948879182067,0.06
1.9305428886862188,0.055
1.9305908894542312,0.055
1.9306388902222433,0.055
1.9306868909902557,0.049999997
1.930734891758268,0.055
1.9307828925262802,0.055
1.9308308932942926,0.055
1.930878894062305,0.055
1.930926894830317,0.049999997
1.9309748955983295,0.055
1.9310228963663418,0.055
1.931070897134354,0.049999997
1.9311188979023663,0.055
1.9311668986703787,0.055
1.9312148994383909,0.055
1.9312629002064032,0.049999997
1.9313109009744154,0.055
1.9313589017424277,0.055
1.9314069025104401,0.049999997
1.9314549032784523,0.055
1.9315029040464646,0.055
1.931550904814477,0.055
1.9315989055824891,0.055
1.9316469063505015,0.055
1.9316949071185139,0.049999997
1.931742907886526,0.049999997
1.9317909086545384,0.055
1.9318389094225505,0.055
1.931886910190563,0.055
1.9319349109585753,0.055
1.9319829117265874,0.049999997
1.9320309124945998,0.055
1.9320789132626122,0.055
1.9321269140306243,0.049999997
1.9321749147986367,0.055
1.932222915566649,0.049999997
1.9322709163346612,0.055
1.9323189171026736,0.049999997
1.9323669178706857,0.055
1.932414918638698,0.049999997
1.9324629194067104,0.055
1.9325109201747226,0.055
1.932558920942735,0.049999997
1.9326069217107473,0.055
1.9326549224787595,0.055
1.9327029232467718,0.055
1.9327509240147842,0.049999997
1.9327989247827964,0.055
1.9328469255508087,0.055
1.9328949263188209,0.055
1.9329429270868332,0.055
1.9329909278548456,0.055
1.9330389286228578,0.055
1.9330869293908701,0.055
1.9331349301588825,0.055
1.9331829309268946,0.055
1.933230931694907,0.06
1.9332789324629194,0.055
1.9333269332309315,0.055
1.933374933998944,0.055
1.9334229347669563,0.055
1.9334709355349684,0.055
1.9335189363029808,0.055
1.933566937070993,0.049999997
1.9336149378390053,0.049999997
1.9336629386070177,0.049999997
1.9337109393750298,0.049999997
1.9337589401430422,0.055
1.9338069409110545,0.055
1.9338549416790667,0.049999997
1.933902942447079,0.049999997
1.9339509432150914,0.049999997
1.9339989439831036,0.049999997
1.934046944751116,0.055
1.934094945519128,0.049999997
1.9341429462871405,0.055
1.9341909470551528,0.049999997
1.934238947823165,0.055
1.9342869485911773,0.049999997
1.9343349493591897,0.055
1.9343829501272019,0.049999997
1.9344309508952142,0.055
1.9344789516632266,0.055
1.9345269524312387,0.055
1.934574953199251,0.049999997
1.9346229539672632,0.055
1.9346709547352756,0.055
1.934718955503288,0.06
1.9347669562713001,0.055
1.9348149570393125,0.06
1.9348629578073249,0.055
1.934910958575337,0.049999997
1.9349589593433494,0.055
1.9350069601113618,0.049999997
1.935054960879374,0.055
1.9351029616473863,0.055
1.9351509624153986,0.055
1.9351989631834108,0.055
1.9352469639514231,0.055
1.9352949647194353,0.055
1.9353429654874477,0.055
1.93539096625546,0.055
1.9354389670234722,0.055
1.9354869677914845,0.055
1.935534968559497,0.049999997
1.935582969327509,0.055
1.9356309700955214,0.055
1.9356789708635338,0.055
1.935726971631546,0.055
1.9357749723995583,0.06
1.9358229731675705,0.055
1.9358709739355828,0.055
1.9359189747035952,0.055
1.9359669754716073,0.049999997
1.9360149762396197,0.055
1.936062977007632,0.049999997
1.9361109777756442,0.06
1.9361589785436566,0.049999997
1.936206979311669,0.055
1.936254980079681,0.055
1.9363029808476935,0.06
1.9363509816157056,0.049999997
1.936398982383718,0.049999997
1.9364469831517304,0.049999997
1.9364949839197425,0.055
1.9365429846877549,0.049999997
1.9365909854557672,0.055
1.9366389862237794,0.06
1.9366869869917918,0.055
1.9367349877598041,0.055
1.9367829885278163,0.055
1.9368309892958286,0.06
1.936878990063841,0.055
1.9369269908318532,0.065
1.9369749915998655,0.055
1.9370229923678777,0.06
1.93707099313589,0.055
1.9371189939039024,0.055
1.9371669946719146,0.055
1.937214995439927,0.049999997
1.9372629962079393,0.055
1.9373109969759514,0.055
1.9373589977439638,0.055
1.9374069985119762,0.049999997
1.9374549992799883,0.055
1.9375030000480007,0.055
1.9375510008160128,0.055
1.9375990015840252,0.06
1.9376470023520376,0.055
1.9376950031200497,0.055
1.937743003888062,0.049999997
1.9377910046560745,0.055
1.9378390054240866,0.049999997
1.937887006192099,0.055
1.9379350069601113,0.049999997
1.9379830077281235,0.065
1.9380310084961359,0.055
1.938079009264148,0.055
1.9381270100321604,0.055
1.9381750108001727,0.055
1.9382230115681849,0.055
1.9382710123361973,0.055
1.9383190131042096,0.055
1.9383670138722218,0.055
1.9384150146402341,0.055
1.9384630154082465,0.049999997
1.9385110161762587,0.055
1.938559016944271,0.055
1.9386070177122834,0.055
1.9386550184802955,0.049999997
1.938703019248308,0.055
1.93875102001632,0.055
1.9387990207843324,0.055
1.9388470215523448,0.055
1.938895022320357,0.055
1.9389430230883693,0.049999997
1.9389910238563817,0.055
1.9390390246243938,0.055
1.9390870253924062,0.055
1.9391350261604186,0.055
1.9391830269284307,0.055
1.939231027696443,0.055
1.9392790284644552,0.055
1.9393270292324676,0.055
1.93937503000048,0.055
1.939423030768492,0.049999997
1.9394710315365045,0.055
1.9395190323045168,0.055
1.939567033072529,0.049999997
1.9396150338405413,0.055
1.9396630346085537,0.049999997
1.9397110353765659,0.049999997
1.9397590361445782,0.049999997
1.9398070369125904,0.055
1.9398550376806027,0.055
1.9399030384486151,0.055
1.9399510392166273,0.055
1.9399990399846396,0.049999997
1.940047040752652,0.06
1.9400950415206641,0.049999997
1.9401430422886765,0.049999997
1.9401910430566889,0.049999997
1.940239043824701,0.049999997
1.9402870445927134,0.049999997
1.9403350453607258,0.049999997
1.940383046128738,0.049999997
1.9404310468967503,0.055
1.9404790476647624,0.049999997
1.9405270484327748,0.055
1.9405750492007872,0.055
1.9406230499687993,0.049999997
1.9406710507368117,0.055
1.940719051504824,0.055
1.9407670522728362,0.055
1.9408150530408486,0.049999997
1.940863053808861,0.055
1.940911054576873,0.055
1.9409590553448854,0.049999997
1.9410070561128976,0.049999997
1.94105505688091,0.055
1.9411030576489223,0.049999997
1.9411510584169345,0.049999997
1.9411990591849468,0.049999997
1.9412470599529592,0.055
1.9412950607209714,0.055
1.9413430614889837,0.055
1.941391062256996,0.049999997
1.9414390630250082,0.049999997
1.9414870637930206,0.049999997
1.9415350645610328,0.049999997
1.9415830653290451,0.049999997
1.9416310660970575,0.049999997
1.9416790668650696,0.049999997
1.941727067633082,0.049999997
1.9417750684010944,0.049999997
1.9418230691691065,0.049999997
1.9418710699371189,0.049999997
1.9419190707051313,0.049999997
1.9419670714731434,0.055
1.9420150722411558,0.049999997
1.942063073009168,0.049999997
1.9421110737771803,0.049999997
1.9421590745451927,0.055
1.9422070753132048,0.049999997
1.9422550760812172,0.055
1.9423030768492295,0.049999997
1.9423510776172417,0.06
1.942399078385254,0.049999997
1.9424470791532664,0.06
1.9424950799212786,0.049999997
1.942543080689291,0.055
1.9425910814573033,0.049999997
1.9426390822253155,0.06
1.9426870829933278,0.055
1.94273508376134,0.06
1.9427830845293523,0.06
1.9428310852973647,0.06
1.9428790860653768,0.055
1.9429270868333892,0.065
1.9429750876014016,0.055
1.9430230883694137,0.049999997
1.943071089137426,0.049999997
1.9431190899054385,0.049999997
1.9431670906734506,0.055
1.943215091441463,0.055
1.9432630922094751,0.055
1.9433110929774875,0.055
1.9433590937454999,0.055
1.943407094513512,0.055
1.9434550952815244,0.055
1.9435030960495367,0.049999997
1.943551096817549,0.055
1.9435990975855613,0.049999997
1.9436470983535736,0.055
1.9436950991215858,0.055
1.9437430998895981,0.055
1.9437911006576103,0.055
1.9438391014256227,0.055
1.943887102193635,0.055
1.9439351029616472,0.049999997
1.9439831037296595,0.06
1.944031104497672,0.055
1.944079105265684,0.055
1.9441271060336964,0.055
1.9441751068017088,0.049999997
1.944223107569721,0.055
1.9442711083377333,0.055
1.9443191091057457,0.055
1.9443671098737578,0.049999997
1.9444151106417702,0.055
1.9444631114097823,0.049999997
1.9445111121777947,0.049999997
1.944559112945807,0.049999997
1.9446071137138192,0.055
1.9446551144818316,0.055
1.944703115249844,0.055
1.944751116017856,0.049999997
1.9447991167858685,0.049999997
1.9448471175538808,0.055
1.944895118321893,0.055
1.9449431190899054,0.055
1.9449911198579175,0.055
1.9450391206259299,0.055
1.9450871213939422,0.055
1.9451351221619544,0.055
1.9451831229299668,0.055
1.9452311236979791,0.055
1.9452791244659913,0.055
1.9453271252340036,0.049999997
1.945375126002016,0.055
1.9454231267700282,0.055
1.9454711275380405,0.06
1.9455191283060527,0.055
1.945567129074065,0.055
1.9456151298420774,0.055
1.9456631306100896,0.049999997
1.945711131378102,0.055
1.9457591321461143,0.055
1.9458071329141264,0.049999997
1.9458551336821388,0.06
1.9459031344501512,0.049999997
1.9459511352181633,0.055
1.9459991359861757,0.049999997
1.946047136754188,0.055
1.9460951375222002,0.055
1.9461431382902126,0.06
1.9461911390582247,0.06
1.946239139826237,0.055
1.9462871405942495,0.055
1.9463351413622616,0.06
1.946383142130274,0.049999997
1.9464311428982863,0.049999997
1.9464791436662985,0.049999997
1.9465271444343109,0.055
1.9465751452023232,0.06
1.9466231459703354,0.055
1.9466711467383477,0.055
1.9467191475063599,0.049999997
1.9467671482743722,0.055
1.9468151490423846,0.049999997
1.9468631498103968,0.055
1.9469111505784091,0.049999997
1.9469591513464215,0.055
1.9470071521144336,0.055
1.947055152882446,0.055
1.9471031536504584,0.049999997
1.9471511544184705,0.065
1.947199155186483,0.049999997
1.947247155954495,0.049999997
1.9472951567225074,0.055
1.9473431574905198,0.06
1.947391158258532,0.06
1.9474391590265443,0.06
1.9474871597945567,0.055
1.9475351605625688,0.06
1.9475831613305812,0.06
1.9476311620985935,0.065
1.9476791628666057,0.055
1.947727163634618,0.055
1.9477751644026304,0.06
1.9478231651706426,0.06
1.947871165938655,0.055
1.947919166706667,0.049999997
1.9479671674746795,0.055
1.9480151682426918,0.049999997
1.948063169010704,0.049999997
1.9481111697787163,0.055
1.9481591705467287,0.06
1.9482071713147409,0.055
1.9482551720827532,0.055
1.9483031728507656,0.055
1.9483511736187777,0.06
1.9483991743867901,0.055
1.9484471751548023,0.055
1.9484951759228146,0.055
1.948543176690827,0.06
1.9485911774588391,0.049999997
1.9486391782268515,0.055
1.9486871789948639,0.049999997
1.948735179762876,0.055
1.9487831805308884,0.055
1.9488311812989008,0.055
1.948879182066913,0.049999997
1.9489271828349253,0.055
1.9489751836029374,0.055
1.9490231843709498,0.055
1.9490711851389622,0.049999997
1.9491191859069743,0.055
1.9491671866749867,0.055
1.949215187442999,0.055
1.9492631882110112,0.049999997
1.9493111889790236,0.055
1.949359189747036,0.049999997
1.949407190515048,0.06
1.9494551912830604,0.049999997
1.9495031920510726,0.055
1.949551192819085,0.049999997
1.9495991935870973,0.055
1.9496471943551095,0.055
1.9496951951231218,0.049999997
1.9497431958911342,0.055
1.9497911966591464,0.055
1.9498391974271587,0.049999997
1.949887198195171,0.055
1.9499351989631832,0.06
1.9499831997311956,0.06
1.950031200499208,0.055
1.9500792012672201,0.055
1.9501272020352325,0.055
1.9501752028032446,0.055
1.950223203571257,0.049999997
1.9502712043392694,0.055
1.9503192051072815,0.055
1.9503672058752939,0.055
1.9504152066433063,0.049999997
1.9504632074113184,0.055
1.9505112081793308,0.049999997
1.9505592089473431,0.055
1.9506072097153553,0.049999997
1.9506552104833677,0.055
1.9507032112513798,0.049999997
1.9507512120193922,0.055
1.9507992127874045,0.06
1.9508472135554167,0.055
1.950895214323429,0.055
1.9509432150914414,0.055
1.9509912158594536,0.055
1.951039216627466,0.055
1.9510872173954783,0.055
1.9511352181634904,0.055
1.9511832189315028,0.049999997
1.951231219699515,0.055
1.9512792204675273,0.049999997
1.9513272212355397,0.049999997
1.9513752220035518,0.049999997
1.9514232227715642,0.055
1.9514712235395766,0.049999997
1.9515192243075887,0.055
1.951567225075601,0.055
1.9516152258436135,0.049999997
1.9516632266116256,0.055
1.951711227379638,0.055
1.9517592281476503,0.055
1.9518072289156625,0.055
1.9518552296836749,0.06
1.951903230451687,0.055
1.9519512312196994,0.049999997
1.9519992319877117,0.055
1.952047232755724,0.055
1.9520952335237363,0.055
1.9521432342917486,0.055
1.9521912350597608,0.055
1.9522392358277731,0.055
1.9522872365957855,0.055
1.9523352373637977,0.055
1.95238323813181,0.055
1.9524312388998222,0.055
1.9524792396678345,0.055
1.952527240435847,0.055
1.952575241203859,0.049999997
1.9526232419718714,0.055
1.9526712427398838,0.049999997
1.952719243507896,0.049999997
1.9527672442759083,0.049999997
1.9528152450439207,0.049999997
1.9528632458119328,0.055
1.9529112465799452,0.049999997
1.9529592473479573,0.06
1.9530072481159697,0.055
1.953055248883982,0.06
1.9531032496519942,0.06
1.9531512504200066,0.049999997
1.953199251188019,0.055
1.953247251956031,0.055
1.9532952527240435,0.055
1.9533432534920558,0.055
1.953391254260068,0.049999997
1.9534392550280804,0.055
1.9534872557960927,0.049999997
1.9535352565641049,0.055
1.9535832573321172,0.055
1.9536312581001294,0.049999997
1.9536792588681418,0.055
1.9537272596361541,0.049999997
1.9537752604041663,0.055
1.9538232611721786,0.055
1.953871261940191,0.055
1.9539192627082032,0.049999997
1.9539672634762155,0.055
1.954015264244228,0.049999997
1.95406326501224,0.055
1.9541112657802524,0.055
1.9541592665482646,0.055
1.954207267316277,0.055
1.9542552680842893,0.055
1.9543032688523014,0.049999997
1.9543512696203138,0.049999997
1.9543992703883262,0.049999997
1.9544472711563383,0.055
1.9544952719243507,0.049999997
1.954543272692363,0.055
1.9545912734603752,0.055
1.9546392742283876,0.055
1.9546872749963997,0.049999997
1.954735275764412,0.049999997
1.9547832765324245,0.049999997
1.9548312773004366,0.055
1.954879278068449,0.055
1.9549272788364613,0.055
1.9549752796044735,0.055
1.9550232803724858,0.055
1.9550712811404982,0.049999997
1.9551192819085104,0.06
1.9551672826765227,0.055
1.955215283444535,0.06
1.9552632842125472,0.049999997
1.9553112849805596,0.049999997
1.9553592857485718,0.055
1.9554072865165841,0.049999997
1.9554552872845965,0.055
1.9555032880526086,0.044999998
1.955551288820621,0.06
1.9555992895886334,0.049999997
1.9556472903566455,0.055
1.955695291124658,0.055
1.9557432918926703,0.055
1.9557912926606824,0.055
1.9558392934286948,0.049999997
1.955887294196707,0.055
1.9559352949647193,0.055
1.9559832957327317,0.055
1.9560312965007438,0.055
1.9560792972687562,0.055
1.9561272980367685,0.049999997
1.9561752988047807,0.055
1.956223299572793,0.055
1.9562713003408054,0.06
1.9563193011088176,0.049999997
1.95636730187683,0.049999997
1.956415302644842,0.055
1.9564633034128545,0.055
1.9565113041808668,0.049999997
1.956559304948879,0.055
1.9566073057168913,0.055
1.9566553064849037,0.055
1.9567033072529159,0.049999997
1.9567513080209282,0.055
1.9567993087889406,0.055
1.9568473095569527,0.055
1.956895310324965,0.049999997
1.9569433110929775,0.049999997
1.9569913118609896,0.055
1.957039312629002,0.049999997
1.9570873133970141,0.055
1.9571353141650265,0.049999997
1.9571833149330389,0.055
1.957231315701051,0.055
1.9572793164690634,0.055
1.9573273172370758,0.055
1.957375318005088,0.055
1.9574233187731003,0.049999997
1.9574713195411126,0.06
1.9575193203091248,0.055
1.9575673210771372,0.06
1.9576153218451493,0.055
1.9576633226131617,0.049999997
1.957711323381174,0.049999997
1.9577593241491862,0.049999997
1.9578073249171986,0.049999997
1.957855325685211,0.055
1.957903326453223,0.049999997
1.9579513272212354,0.055
1.9579993279892478,0.049999997
1.95804732875726,0.055
1.9580953295252723,0.055
1.9581433302932845,0.049999997
1.9581913310612968,0.055
1.9582393318293092,0.055
1.9582873325973214,0.055
1.9583353333653337,0.055
1.958383334133346,0.055
1.9584313349013582,0.055
1.9584793356693706,0.055
1.958527336437383,0.055
1.9585753372053951,0.055
1.9586233379734075,0.06
1.9586713387414196,0.055
1.958719339509432,0.055
1.9587673402774444,0.055
1.9588153410454565,0.055
1.9588633418134689,0.055
1.9589113425814813,0.055
1.9589593433494934,0.055
1.9590073441175058,0.055
1.9590553448855181,0.055
1.9591033456535303,0.06
1.9591513464215426,0.055
1.959199347189555,0.055
1.9592473479575672,0.055
1.9592953487255795,0.06
1.9593433494935917,0.055
1.959391350261604,0.055
1.9594393510296164,0.055
1.9594873517976286,0.049999997
1.959535352565641,0.055
1.9595833533336533,0.055
1.9596313541016654,0.055
1.9596793548696778,0.055
1.9597273556376902,0.049999997
1.9597753564057023,0.055
1.9598233571737147,0.055
1.9598713579417268,0.06
1.9599193587097392,0.055
1.9599673594777516,0.06
1.9600153602457637,0.055
1.960063361013776,0.06
1.9601113617817885,0.049999997
1.9601593625498006,0.055
1.960207363317813,0.055
1.9602553640858253,0.06
1.9603033648538375,0.055
1.9603513656218499,0.055
1.960399366389862,0.055
1.9604473671578744,0.049999997
1.9604953679258867,0.055
1.960543368693899,0.055
1.9605913694619113,0.049999997
1.9606393702299236,0.055
1.9606873709979358,0.055
1.9607353717659481,0.049999997
1.9607833725339605,0.055
1.9608313733019727,0.055
1.960879374069985,0.055
1.9609273748379974,0.055
1.9609753756060095,0.055
1.961023376374022,0.055
1.961071377142034,0.055
1.9611193779100464,0.055
1.9611673786780588,0.055
1.961215379446071,0.055
1.9612633802140833,0.055
1.9613113809820957,0.049999997
1.9613593817501078,0.055
1.9614073825181202,0.049999997
1.9614553832861326,0.049999997
1.9615033840541447,0.055
1.961551384822157,0.055
1.9615993855901692,0.055
1.9616473863581816,0.049999997
1.961695387126194,0.049999997
1.961743387894206,0.055
1.9617913886622185,0.049999997
1.9618393894302308,0.055
1.961887390198243,0.055
1.9619353909662554,0.06
1.9619833917342677,0.055
1.9620313925022799,0.06
1.9620793932702922,0.055
1.9621273940383044,0.044999998
1.9621753948063168,0.055
1.9622233955743291,0.049999997
1.9622713963423413,0.049999997
1.9623193971103536,0.049999997
1.962367397878366,0.055
1.9624153986463782,0.055
1.9624633994143905,0.055
1.9625114001824029,0.055
1.962559400950415,0.055
1.9626074017184274,0.06
1.9626554024864398,0.055
1.962703403254452,0.06
1.9627514040224643,0.055
1.9627994047904764,0.055
1.9628474055584888,0.06
1.9628954063265012,0.055
1.9629434070945133,0.055
1.9629914078625257,0.049999997
1.963039408630538,0.055
1.9630874093985502,0.055
1.9631354101665626,0.055
1.963183410934575,0.055
1.963231411702587,0.055
1.9632794124705994,0.055
1.9633274132386116,0.055
1.963375414006624,0.055
1.9634234147746363,0.055
1.9634714155426485,0.06
1.9635194163106608,0.055
1.9635674170786732,0.049999997
1.9636154178466854,0.055
1.9636634186146977,0.055
1.96371141938271,0.06
1.9637594201507222,0.055
1.9638074209187346,0.055
1.9638554216867468,0.055
1.9639034224547591,0.055
1.9639514232227715,0.055
1.9639994239907836,0.055
1.964047424758796,0.049999997
1.9640954255268084,0.049999997
1.9641434262948205,0.055
1.964191427062833,0.055
1.9642394278308453,0.055
1.9642874285988574,0.055
1.9643354293668698,0.055
1.9643834301348821,0.049999997
1.9644314309028943,0.049999997
1.9644794316709067,0.049999997
1.9645274324389188,0.055
1.9645754332069312,0.055
1.9646234339749435,0.055
1.9646714347429557,0.055
1.964719435510968,0.049999997
1.9647674362789804,0.055
1.9648154370469926,0.049999997
1.964863437815005,0.055
1.9649114385830173,0.049999997
1.9649594393510295,0.049999997
1.9650074401190418,0.049999997
1.965055440887054,0.06
1.9651034416550663,0.049999997
1.9651514424230787,0.055
1.9651994431910909,0.049999997
1.9652474439591032,0.049999997
1.9652954447271156,0.049999997
1.9653434454951277,0.055
1.96539144626314,0.049999997
1.9654394470311525,0.055
1.9654874477991646,0.055
1.965535448567177,0.06
1.9655834493351891,0.049999997
1.9656314501032015,0.06
1.9656794508712139,0.055
1.965727451639226,0.055
1.9657754524072384,0.049999997
1.9658234531752508,0.055
1.965871453943263,0.049999997
1.9659194547112753,0.065
1.9659674554792876,0.055
1.9660154562472998,0.055
1.9660634570153122,0.055
1.9661114577833243,0.055
1.9661594585513367,0.049999997
1.966207459319349,0.055
1.9662554600873612,0.055
1.9663034608553736,0.049999997
1.966351461623386,0.06
1.966399462391398,0.049999997
1.9664474631594104,0.055
1.9664954639274228,0.049999997
1.966543464695435,0.049999997
1.9665914654634473,0.06
1.9666394662314597,0.055
1.9666874669994718,0.055
1.9667354677674842,0.055
1.9667834685354963,0.055
1.9668314693035087,0.055
1.966879470071521,0.055
1.9669274708395332,0.06
1.9669754716075456,0.055
1.967023472375558,0.055
1.9670714731435701,0.055
1.9671194739115825,0.055
1.9671674746795949,0.06
1.967215475447607,0.055
1.9672634762156194,0.055
1.9673114769836315,0.055
1.9673594777516439,0.06
1.9674074785196562,0.055
1.9674554792876684,0.055
1.9675034800556808,0.055
1.9675514808236931,0.06
1.9675994815917053,0.055
1.9676474823597176,0.055
1.96769548312773,0.055
1.9677434838957422,0.055
1.9677914846637545,0.055
1.9678394854317667,0.06
1.967887486199779,0.055
1.9679354869677914,0.055
1.9679834877358036,0.049999997
1.968031488503816,0.06
1.9680794892718283,0.055
1.9681274900398404,0.055
1.9681754908078528,0.055
1.9682234915758652,0.055
1.9682714923438773,0.055
1.9683194931118897,0.055
1.968367493879902,0.06
1.9684154946479142,0.055
1.9684634954159266,0.055
1.9685114961839387,0.055
1.968559496951951,0.055
1.9686074977199635,0.055
1.9686554984879756,0.049999997
1.968703499255988,0.055
1.9687515000240003,0.049999997
1.9687995007920125,0.06
1.9688475015600249,0.049999997
1.9688955023280372,0.06
1.9689435030960494,0.055
1.9689915038640617,0.055
1.969039504632074,0.049999997
1.9690875054000863,0.06
1.9691355061680986,0.055
1.9691835069361108,0.06
1.9692315077041231,0.055
1.9692795084721355,0.06
1.9693275092401477,0.06
1.96937551000816,0.055
1.9694235107761724,0.055
1.9694715115441845,0.055
1.969519512312197,0.055
1.969567513080209,0.055
1.9696155138482214,0.049999997
1.9696635146162338,0.055
1.969711515384246,0.055
1.9697595161522583,0.055
1.9698075169202707,0.055
1.9698555176882828,0.049999997
1.9699035184562952,0.055
1.9699515192243076,0.049999997
1.9699995199923197,0.055
1.970047520760332,0.055
1.9700955215283444,0.055
1.9701435222963566,0.055
1.970191523064369,0.055
1.970239523832381,0.049999997
1.9702875246003935,0.06
1.9703355253684058,0.055
1.970383526136418,0.055
1.9704315269044304,0.049999997
1.9704795276724427,0.049999997
1.9705275284404549,0.055
1.9705755292084672,0.049999997
1.9706235299764796,0.049999997
1.9706715307444918,0.06
1.9707195315125041,0.049999997
1.9707675322805163,0.055
1.9708155330485286,0.049999997
1.970863533816541,0.055
1.9709115345845531,0.055
1.9709595353525655,0.06
1.9710075361205779,0.055
1.97105553688859,0.06
1.9711035376566024,0.055
1.9711515384246148,0.055
1.971199539192627,0.049999997
1.9712475399606393,0.049999997
1.9712955407286514,0.055
1.9713435414966638,0.06
1.9713915422646762,0.055
1.9714395430326883,0.055
1.9714875438007007,0.049999997
1.971535544568713,0.055
1.9715835453367252,0.055
1.9716315461047376,0.055
1.97167954687275,0.055
1.971727547640762,0.06
1.9717755484087744,0.06
1.9718235491767868,0.06
1.971871549944799,0.055
1.9719195507128113,0.06
1.9719675514808235,0.055
1.9720155522488358,0.055
1.9720635530168482,0.055
1.9721115537848604,0.055
1.9721595545528727,0.06
1.972207555320885,0.055
1.9722555560888972,0.055
1.9723035568569096,0.055
1.972351557624922,0.055
1.9723995583929341,0.049999997
1.9724475591609465,0.055
1.9724955599289586,0.049999997
1.972543560696971,0.055
1.9725915614649834,0.055
1.9726395622329955,0.06
1.972687563001008,0.049999997
1.9727355637690203,0.055
1.9727835645370324,0.055
1.9728315653050448,0.049999997
1.9728795660730571,0.049999997
1.9729275668410693,0.055
1.9729755676090817,0.055
1.9730235683770938,0.055
1.9730715691451062,0.049999997
1.9731195699131185,0.055
1.9731675706811307,0.049999997
1.973215571449143,0.055
1.9732635722171554,0.049999997
1.9733115729851676,0.055
1.97335957375318,0.055
1.9734075745211923,0.055
1.9734555752892045,0.055
1.9735035760572168,0.055
1.9735515768252292,0.055
1.9735995775932413,0.049999997
1.9736475783612537,0.055
1.9736955791292659,0.055
1.9737435798972782,0.055
1.9737915806652906,0.049999997
1.9738395814333027,0.049999997
1.973887582201315,0.055
1.9739355829693275,0.055
1.9739835837373396,0.049999997
1.974031584505352,0.049999997
1.9740795852733644,0.049999997
1.9741275860413765,0.049999997
1.9741755868093889,0.055
1.974223587577401,0.049999997
1.9742715883454134,0.055
1.9743195891134258,0.055
1.974367589881438,0.06
1.9744155906494503,0.049999997
1.9744635914174626,0.049999997
1.9745115921854748,0.055
1.9745595929534872,0.049999997
1.9746075937214995,0.049999997
1.9746555944895117,0.055
1.974703595257524,0.049999997
1.9747515960255362,0.055
1.9747995967935486,0.055
1.974847597561561,0.055
1.974895598329573,0.055
1.9749435990975854,0.055
1.9749915998655978,0.049999997
1.97503960063361,0.055
1.9750876014016223,0.049999997
1.9751356021696347,0.06
1.9751836029376468,0.055
1.9752316037056592,0.06
1.9752796044736713,0.049999997
1.9753276052416837,0.06
1.975375606009696,0.055
1.9754236067777082,0.06
1.9754716075457206,0.055
1.975519608313733,0.06
1.9755676090817451,0.055
1.9756156098497575,0.065
1.9756636106177698,0.055
1.975711611385782,0.06
1.9757596121537944,0.049999997
1.9758076129218067,0.049999997
1.9758556136898189,0.055
1.9759036144578312,0.049999997
1.9759516152258434,0.055
1.9759996159938558,0.055
1.9760476167618681,0.055
1.9760956175298803,0.055
1.9761436182978926,0.055
1.976191619065905,0.055
1.9762396198339172,0.055
1.9762876206019295,0.055
1.976335621369942,0.044999998
1.976383622137954,0.049999997
1.9764316229059664,0.06
1.9764796236739786,0.055
1.976527624441991,0.044999998
1.9765756252100033,0.055
1.9766236259780154,0.055
1.9766716267460278,0.049999997
1.9767196275140402,0.055
1.9767676282820523,0.049999997
1.9768156290500647,0.055
1.976863629818077,0.055
1.9769116305860892,0.049999997
1.9769596313541016,0.055
1.9770076321221137,0.049999997
1.977055632890126,0.049999997
1.9771036336581385,0.049999997
1.9771516344261506,0.049999997
1.977199635194163,0.049999997
1.9772476359621753,0.049999997
1.9772956367301875,0.049999997
1.9773436374981999,0.055
1.9773916382662122,0.055
1.9774396390342244,0.055
1.9774876398022367,0.049999997
1.977535640570249,0.049999997
1.9775836413382613,0.049999997
1.9776316421062736,0.055
1.9776796428742858,0.049999997
1.9777276436422981,0.055
1.9777756444103105,0.055
1.9778236451783227,0.049999997
1.977871645946335,0.055
1.9779196467143474,0.055
1.9779676474823595,0.06
1.978015648250372,0.055
1.9780636490183843,0.055
1.9781116497863964,0.055
1.9781596505544088,0.049999997
1.978207651322421,0.049999997
1.9782556520904333,0.055
1.9783036528584457,0.049999997
1.9783516536264578,0.055
1.9783996543944702,0.055
1.9784476551624826,0.049999997
1.9784956559304947,0.049999997
1.978543656698507,0.049999997
1.9785916574665194,0.06
1.9786396582345316,0.049999997
1.978687659002544,0.055
1.978735659770556,0.049999997
1.9787836605385685,0.055
1.9788316613065808,0.055
1.978879662074593,0.055
1.9789276628426054,0.055
1.9789756636106177,0.06
1.9790236643786299,0.055
1.9790716651466422,0.06
1.9791196659146546,0.06
1.9791676666826667,0.06
1.9792156674506791,0.06
1.9792636682186915,0.055
1.9793116689867036,0.055
1.979359669754716,0.055
1.9794076705227281,0.055
1.9794556712907405,0.049999997
1.9795036720587529,0.055
1.979551672826765,0.049999997
1.9795996735947774,0.055
1.9796476743627898,0.055
1.979695675130802,0.055
1.9797436758988143,0.055
1.9797916766668266,0.055
1.9798396774348388,0.055
1.9798876782028512,0.055
1.9799356789708633,0.055
1.9799836797388757,0.06
1.980031680506888,0.06
1.9800796812749002,0.055
1.9801276820429126,0.06
1.980175682810925,0.055
1.980223683578937,0.055
1.9802716843469494,0.049999997
1.9803196851149618,0.055
1.980367685882974,0.055
1.9804156866509863,0.049999997
1.9804636874189985,0.055
1.9805116881870108,0.055
1.9805596889550232,0.055
1.9806076897230354,0.049999997
1.9806556904910477,0.049999997
1.98070369125906,0.055
1.9807516920270722,0.049999997
1.9807996927950846,0.055
1.980847693563097,0.055
1.9808956943311091,0.055
1.9809436950991215,0.055
1.9809916958671339,0.049999997
1.981039696635146,0.055
1.9810876974031584,0.049999997
1.9811356981711705,0.055
1.981183698939183,0.055
1.9812316997071953,0.049999997
1.9812797004752074,0.055
1.9813277012432198,0.049999997
1.9813757020112321,0.055
1.9814237027792443,0.055
1.9814717035472567,0.049999997
1.981519704315269,0.049999997
1.9815677050832812,0.055
1.9816157058512935,0.049999997
1.9816637066193057,0.049999997
1.981711707387318,0.055
1.9817597081553304,0.049999997
1.9818077089233426,0.055
1.981855709691355,0.049999997
1.9819037104593673,0.055
1.9819517112273795,0.049999997
1.9819997119953918,0.06
1.9820477127634042,0.049999997
1.9820957135314163,0.055
1.9821437142994287,0.049999997
1.9821917150674409,0.055
1.9822397158354532,0.049999997
1.9822877166034656,0.06
1.9823357173714777,0.055
1.98238371813949,0.06
1.9824317189075025,0.055
1.9824797196755146,0.06
1.982527720443527,0.055
1.9825757212115394,0.065
1.9826237219795515,0.055
1.9826717227475639,0.055
1.9827197235155762,0.06
1.9827677242835884,0.055
1.9828157250516008,0.049999997
1.982863725819613,0.055
1.9829117265876253,0.055
1.9829597273556376,0.055
1.9830077281236498,0.055
1.9830557288916622,0.049999997
1.9831037296596745,0.055
1.9831517304276867,0.055
1.983199731195699,0.055
1.9832477319637114,0.049999997
1.9832957327317235,0.049999997
1.983343733499736,0.055
1.983391734267748,0.049999997
1.9834397350357604,0.06
1.9834877358037728,0.055
1.983535736571785,0.055
1.9835837373397973,0.055
1.9836317381078097,0.055
1.9836797388758218,0.055
1.9837277396438342,0.055
1.9837757404118466,0.055
1.9838237411798587,0.055
1.983871741947871,0.055
1.9839197427158832,0.055
1.9839677434838956,0.055
1.984015744251908,0.055
1.98406374501992,0.055
1.9841117457879325,0.055
1.9841597465559448,0.049999997
1.984207747323957,0.055
1.9842557480919694,0.055
1.9843037488599817,0.055
1.9843517496279939,0.055
1.9843997503960062,0.055
1.9844477511640184,0.055
1.9844957519320308,0.049999997
1.9845437527000431,0.055
1.9845917534680553,0.049999997
1.9846397542360676,0.055
1.98468775500408,0.055
1.9847357557720922,0.049999997
1.9847837565401045,0.055
1.984831757308117,0.055
1.984879758076129,0.055
1.9849277588441414,0.055
1.9849757596121538,0.055
1.985023760380166,0.055
1.9850717611481783,0.055
1.9851197619161904,0.055
1.9851677626842028,0.049999997
1.9852157634522152,0.055
1.9852637642202273,0.049999997
1.9853117649882397,0.055
1.985359765756252,0.055
1.9854077665242642,0.065
1.9854557672922766,0.049999997
1.985503768060289,0.055
1.985551768828301,0.055
1.9855997695963135,0.055
1.9856477703643256,0.049999997
1.985695771132338,0.055
1.9857437719003503,0.049999997
1.9857917726683625,0.049999997
1.9858397734363749,0.049999997
1.9858877742043872,0.055
1.9859357749723994,0.049999997
1.9859837757404117,0.055
1.986031776508424,0.055
1.9860797772764363,0.055
1.9861277780444486,0.055
1.9861757788124608,0.049999997
1.9862237795804731,0.055
1.9862717803484855,0.055
1.9863197811164977,0.055
1.98636778188451,0.055
1.9864157826525224,0.055
1.9864637834205345,0.055
1.986511784188547,0.055
1.9865597849565593,0.055
1.9866077857245714,0.055
1.9866557864925838,0.06
1.9867037872605962,0.049999997
1.9867517880286083,0.049999997
1.9867997887966207,0.049999997
1.9868477895646328,0.055
1.9868957903326452,0.049999997
1.9869437911006576,0.055
1.9869917918686697,0.055
1.987039792636682,0.049999997
1.9870877934046944,0.055
1.9871357941727066,0.049999997
1.987183794940719,0.055
1.9872317957087313,0.055
1.9872797964767435,0.065
1.9873277972447558,0.055
1.987375798012768,0.049999997
1.9874237987807803,0.049999997
1.9874717995487927,0.055
1.9875198003168049,0.055
1.9875678010848172,0.06
1.9876158018528296,0.055
1.9876638026208417,0.055
1.9877118033888541,0.055
1.9877598041568665,0.06
1.9878078049248786,0.055
1.987855805692891,0.055
1.9879038064609031,0.055
1.9879518072289155,0.049999997
1.9879998079969279,0.055
1.98804780876494,0.055
1.9880958095329524,0.055
1.9881438103009648,0.049999997
1.988191811068977,0.049999997
1.9882398118369893,0.055
1.9882878126050016,0.055
1.9883358133730138,0.055
1.9883838141410262,0.049999997
1.9884318149090385,0.055
1.9884798156770507,0.055
1.988527816445063,0.055
1.9885758172130752,0.055
1.9886238179810876,0.049999997
1.9886718187491,0.049999997
1.988719819517112,0.055
1.9887678202851244,0.055
1.9888158210531368,0.06
1.988863821821149,0.055
1.9889118225891613,0.049999997
1.9889598233571737,0.06
1.9890078241251858,0.055
1.9890558248931982,0.06
1.9891038256612104,0.055
1.9891518264292227,0.065
1.989199827197235,0.055
1.9892478279652472,0.06
1.9892958287332596,0.06
1.989343829501272,0.049999997
1.9893918302692841,0.055
1.9894398310372965,0.049999997
1.9894878318053089,0.06
1.989535832573321,0.049999997
1.9895838333413334,0.055
1.9896318341093455,0.049999997
1.989679834877358,0.055
1.9897278356453703,0.055
1.9897758364133824,0.049999997
1.9898238371813948,0.055
1.9898718379494071,0.06
1.9899198387174193,0.055
1.9899678394854317,0.055
1.990015840253444,0.055
1.9900638410214562,0.055
1.9901118417894685,0.049999997
1.990159842557481,0.049999997
1.990207843325493,0.06
1.9902558440935054,0.055
1.9903038448615176,0.055
1.99035184562953,0.055
1.9903998463975423,0.055
1.9904478471655545,0.049999997
1.9904958479335668,0.06
1.9905438487015792,0.055
1.9905918494695913,0.055
1.9906398502376037,0.055
1.990687851005616,0.055
1.9907358517736282,0.055
1.9907838525416406,0.055
1.9908318533096527,0.055
1.990879854077665,0.055
1.9909278548456775,0.055
1.9909758556136896,0.055
1.991023856381702,0.055
1.9910718571497144,0.055
1.9911198579177265,0.055
1.9911678586857389,0.06
1.9912158594537512,0.055
1.9912638602217634,0.049999997
1.9913118609897758,0.055
1.991359861757788,0.055
1.9914078625258003,0.055
1.9914558632938126,0.055
1.9915038640618248,0.055
1.9915518648298371,0.049999997
1.9915998655978495,0.055
1.9916478663658617,0.049999997
1.991695867133874,0.055
1.9917438679018864,0.055
1.9917918686698985,0.055
1.991839869437911,0.055
1.991887870205923,0.055
1.9919358709739354,0.055
1.9919838717419478,0.055
1.99203187250996,0.055
1.9920798732779723,0.055
1.9921278740459847,0.055
1.9921758748139968,0.049999997
1.9922238755820092,0.06
1.9922718763500216,0.055
1.9923198771180337,0.049999997
1.992367877886046,0.049999997
1.9924158786540584,0.049999997
1.9924638794220706,0.055
1.992511880190083,0.049999997
1.992559880958095,0.055
1.9926078817261075,0.049999997
1.9926558824941198,0.055
1.992703883262132,0.049999997
1.9927518840301444,0.055
1.9927998847981567,0.049999997
1.9928478855661689,0.055
1.9928958863341812,0.055
1.9929438871021936,0.055
1.9929918878702058,0.049999997
1.9930398886382181,0.055
1.9930878894062303,0.049999997
1.9931358901742426,0.055
1.993183890942255,0.049999997
1.9932318917102672,0.055
1.9932798924782795,0.055
1.993327893246292,0.06
1.993375894014304,0.055
1.9934238947823164,0.06
1.9934718955503288,0.055
1.993519896318341,0.055
1.9935678970863533,0.055
1.9936158978543654,0.049999997
1.9936638986223778,0.055
1.9937118993903902,0.049999997
1.9937599001584023,0.055
1.9938079009264147,0.049999997
1.993855901694427,0.049999997
1.9939039024624392,0.055
1.9939519032304516,0.055
1.993999903998464,0.055
1.994047904766476,0.055
1.9940959055344885,0.055
1.9941439063025008,0.049999997
1.994191907070513,0.055
1.9942399078385253,0.055
1.9942879086065375,0.055
1.9943359093745499,0.055
1.9943839101425622,0.06
1.9944319109105744,0.055
1.9944799116785867,0.055
1.994527912446599,0.055
1.9945759132146113,0.06
1.9946239139826236,0.049999997
1.994671914750636,0.055
1.9947199155186481,0.055
1.9947679162866605,0.06
1.9948159170546726,0.055
1.994863917822685,0.055
1.9949119185906974,0.055
1.9949599193587095,0.049999997
1.995007920126722,0.055
1.9950559208947343,0.049999997
1.9951039216627464,0.055
1.9951519224307588,0.055
1.9951999231987712,0.055
1.9952479239667833,0.049999997
1.9952959247347957,0.055
1.9953439255028078,0.055
1.9953919262708202,0.055
1.9954399270388326,0.055
1.9954879278068447,0.049999997
1.995535928574857,0.055
1.9955839293428694,0.049999997
1.9956319301108816,0.06
1.995679930878894,0.055
1.9957279316469063,0.055
1.9957759324149185,0.055
1.9958239331829308,0.049999997
1.9958719339509432,0.055
1.9959199347189553,0.049999997
1.9959679354869677,0.055
1.9960159362549799,0.049999997
1.9960639370229922,0.055
1.9961119377910046,0.055
1.9961599385590167,0.055
1.9962079393270291,0.055
1.9962559400950415,0.055
1.9963039408630536,0.055
1.996351941631066,0.055
1.9963999423990784,0.055
1.9964479431670905,0.065
1.9964959439351029,0.049999997
1.996543944703115,0.065
1.9965919454711274,0.049999997
1.9966399462391398,0.044999998
1.996687947007152,0.055
1.9967359477751643,0.06
1.9967839485431766,0.055
1.9968319493111888,0.06
1.9968799500792012,0.04
1.9969279508472135,0.044999998
1.9969759516152257,0.055
1.997023952383238,0.06
1.9970719531512502,0.06
1.9971199539192626,0.049999997
1.997167954687275,0.049999997
1.997215955455287,0.07
1.9972639562232994,0.07
1.9973119569913118,0.055
1.997359957759324,0.049999997
1.9974079585273363,0.055
1.9974559592953487,0.049999997
1.9975039600633608,0.055
1.9975519608313732,0.04
1.9975999615993856,0.065
1.9976479623673977,0.055
1.99769596313541,0.044999998
1.9977439639034222,0.049999997
1.9977919646714346,0.055
1.997839965439447,0.049999997
1.9978879662074591,0.044999998
1.9979359669754715,0.06
1.9979839677434839,0.049999997
1.998031968511496,0.049999997
1.9980799692795084,0.06
1.9981279700475207,0.06
1.9981759708155329,0.049999997
1.9982239715835453,0.049999997
1.9982719723515574,0.06
1.9983199731195698,0.06
1.9983679738875821,0.049999997
1.9984159746555943,0.06
1.9984639754236067,0.049999997
1.998511976191619,0.06
1.9985599769596312,0.055
1.9986079777276435,0.049999997
1.998655978495656,0.055
1.998703979263668,0.044999998
1.9987519800316804,0.07
1.9987999807996926,0.049999997
1.998847981567705,0.055
1.9988959823357173,0.055
1.9989439831037294,0.06
1.9989919838717418,0.055
1.9990399846397542,0.06
1.9990879854077663,0.044999998
1.9991359861757787,0.049999997
1.999183986943791,0.055
1.9992319877118032,0.065
1.9992799884798156,0.055
1.999327989247828,0.065
1.99937599001584,0.049999997
1.9994239907838525,0.044999998
1.9994719915518646,0.065
1.999519992319877,0.065
1.9995679930878894,0.044999998
1.9996159938559015,0.049999997
1.9996639946239139,0.049999997
1.9997119953919262,0.06
1.9997599961599384,0.06
1.9998079969279507,0.055
1.9998559976959631,0.044999998
1.9999039984639753,0.06
1.9999519992319876,0.065
1.9999999999999998,0.06
2.0000480007680124,0.065
2.0000960015360243,0.065
2.0001440023040367,0.049999997
2.000192003072049,0.06
2.0002400038400614,0.06
2.0002880046080738,0.06
2.0003360053760857,0.055
2.000384006144098,0.044999998
2.0004320069121104,0.07
2.000480007680123,0.07
2.000528008448135,0.049999997
2.0005760092161475,0.049999997
2.0006240099841595,0.049999997
2.000672010752172,0.055
2.000720011520184,0.06
2.0007680122881966,0.055
2.000816013056209,0.044999998
2.000864013824221,0.055
2.0009120145922332,0.049999997
2.0009600153602456,0.049999997
2.001008016128258,0.06
2.0010560168962703,0.035
2.0011040176642827,0.049999997
2.0011520184322946,0.065
2.001200019200307,0.065
2.0012480199683194,0.049999997
2.0012960207363317,0.044999998
2.001344021504344,0.049999997
2.001392022272356,0.044999998
2.0014400230403684,0.074999996
2.0014880238083808,0.065
2.001536024576393,0.055
2.0015840253444055,0.049999997
2.001632026112418,0.049999997
2.00168002688043,0.049999997
2.001728027648442,0.049999997
2.0017760284164545,0.044999998
2.001824029184467,0.055
2.0018720299524793,0.055
2.001920030720491,0.049999997
2.0019680314885036,0.055
2.002016032256516,0.06
2.0020640330245283,0.06
2.0021120337925407,0.06
2.002160034560553,0.055
2.002208035328565,0.065
2.0022560360965773,0.049999997
2.0023040368645897,0.049999997
2.002352037632602,0.049999997
2.0024000384006144,0.049999997
2.002448039168627,0.049999997
2.0024960399366387,0.055
2.002544040704651,0.06
2.0025920414726635,0.044999998
2.002640042240676,0.055
2.002688043008688,0.04
2.0027360437767,0.065
2.0027840445447125,0.065
2.002832045312725,0.049999997
2.002880046080737,0.06
2.0029280468487496,0.055
2.002976047616762,0.06
2.003024048384774,0.049999997
2.0030720491527862,0.049999997
2.0031200499207986,0.055
2.003168050688811,0.055
2.0032160514568234,0.074999996
2.0032640522248353,0.055
2.0033120529928476,0.07
2.00336005376086,0.044999998
2.0034080545288724,0.055
2.0034560552968848,0.055
2.003504056064897,0.049999997
2.003552056832909,0.06
2.0036000576009214,0.055
2.003648058368934,0.044999998
2.003696059136946,0.055
2.0037440599049585,0.065
2.0037920606729704,0.049999997
2.003840061440983,0.055
2.003888062208995,0.049999997
2.0039360629770075,0.06
2.00398406374502,0.06
2.0040320645130323,0.049999997
2.004080065281044,0.06
2.0041280660490566,0.06
2.004176066817069,0.055
2.0042240675850813,0.06
2.0042720683530937,0.049999997
2.0043200691211056,0.055
2.004368069889118,0.055
2.0044160706571303,0.049999997
2.0044640714251427,0.049999997
2.004512072193155,0.049999997
2.0045600729611674,0.065
2.0046080737291794,0.065
2.0046560744971917,0.06
2.004704075265204,0.044999998
2.0047520760332165,0.06
2.004800076801229,0.04
2.0048480775692408,0.049999997
2.004896078337253,0.06
2.0049440791052655,0.049999997
2.004992079873278,0.055
2.0050400806412902,0.055
2.0050880814093026,0.044999998
2.0051360821773145,0.055
2.005184082945327,0.044999998
2.0052320837133393,0.055
2.0052800844813516,0.049999997
2.005328085249364,0.055
2.005376086017376,0.06
2.0054240867853883,0.055
2.0054720875534007,0.065
2.005520088321413,0.06
2.0055680890894254,0.065
2.005616089857438,0.04
2.0056640906254497,0.065
2.005712091393462,0.055
2.0057600921614744,0.044999998
2.005808092929487,0.049999997
2.005856093697499,0.055
2.0059040944655115,0.06
2.0059520952335235,0.06
2.006000096001536,0.044999998
2.006048096769548,0.055
2.0060960975375606,0.049999997
2.006144098305573,0.044999998
2.006192099073585,0.049999997
2.0062400998415972,0.049999997
2.0062881006096096,0.055
2.006336101377622,0.049999997
2.0063841021456343,0.06
2.0064321029136467,0.055
2.0064801036816586,0.049999997
2.006528104449671,0.065
2.0065761052176834,0.06
2.0066241059856957,0.055
2.006672106753708,0.055
2.00672010752172,0.049999997
2.0067681082897324,0.06
2.0068161090577448,0.065
2.006864109825757,0.055
2.0069121105937695,0.049999997
2.006960111361782,0.049999997
2.007008112129794,0.049999997
2.007056112897806,0.055
2.0071041136658185,0.06
2.007152114433831,0.049999997
2.0072001152018433,0.049999997
2.007248115969855,0.055
2.0072961167378676,0.065
2.00734411750588,0.06
2.0073921182738923,0.049999997
2.0074401190419047,0.065
2.007488119809917,0.049999997
2.007536120577929,0.055
2.0075841213459413,0.065
2.0076321221139537,0.055
2.007680122881966,0.055
2.0077281236499784,0.049999997
2.0077761244179904,0.055
2.0078241251860027,0.055
2.007872125954015,0.07
2.0079201267220275,0.074999996
2.00796812749004,0.044999998
2.008016128258052,0.044999998
2.008064129026064,0.055
2.0081121297940765,0.055
2.008160130562089,0.055
2.0082081313301012,0.049999997
2.0082561320981136,0.06
2.0083041328661255,0.049999997
2.008352133634138,0.049999997
2.0084001344021503,0.06
2.0084481351701626,0.044999998
2.008496135938175,0.06
2.0085441367061874,0.055
2.0085921374741993,0.044999998
2.0086401382422117,0.049999997
2.008688139010224,0.07
2.0087361397782364,0.065
2.0087841405462488,0.049999997
2.0088321413142607,0.049999997
2.008880142082273,0.055
2.0089281428502854,0.06
2.008976143618298,0.055
2.00902414438631,0.06
2.0090721451543225,0.06
2.0091201459223345,0.04
2.009168146690347,0.049999997
2.009216147458359,0.049999997
2.0092641482263716,0.055
2.009312148994384,0.055
2.009360149762396,0.065
2.009408150530408,0.044999998
2.0094561512984206,0.049999997
2.009504152066433,0.065
2.0095521528344453,0.07
2.0096001536024577,0.049999997
2.0096481543704696,0.065
2.009696155138482,0.044999998
2.0097441559064944,0.06
2.0097921566745067,0.044999998
2.009840157442519,0.049999997
2.0098881582105315,0.065
2.0099361589785434,0.06
2.0099841597465558,0.06
2.010032160514568,0.055
2.0100801612825805,0.055
2.010128162050593,0.06
2.010176162818605,0.044999998
2.010224163586617,0.06
2.0102721643546295,0.044999998
2.010320165122642,0.049999997
2.0103681658906543,0.07
2.0104161666586666,0.049999997
2.0104641674266786,0.055
2.010512168194691,0.049999997
2.0105601689627033,0.06
2.0106081697307157,0.07
2.010656170498728,0.044999998
2.01070417126674,0.06
2.0107521720347523,0.06
2.0108001728027647,0.065
2.010848173570777,0.06
2.0108961743387894,0.049999997
2.010944175106802,0.049999997
2.0109921758748137,0.049999997
2.011040176642826,0.06
2.0110881774108385,0.07
2.011136178178851,0.049999997
2.011184178946863,0.049999997
2.011232179714875,0.055
2.0112801804828875,0.049999997
2.0113281812509,0.049999997
2.011376182018912,0.055
2.0114241827869246,0.055
2.011472183554937,0.055
2.011520184322949,0.044999998
2.0115681850909612,0.044999998
2.0116161858589736,0.065
2.011664186626986,0.055
2.0117121873949984,0.055
2.0117601881630103,0.049999997
2.0118081889310226,0.049999997
2.011856189699035,0.06
2.0119041904670474,0.055
2.0119521912350598,0.055
2.012000192003072,0.06
2.012048192771084,0.055
2.0120961935390964,0.049999997
2.012144194307109,0.065
2.012192195075121,0.055
2.0122401958431335,0.055
2.0122881966111454,0.065
2.012336197379158,0.06
2.01238419814717,0.055
2.0124321989151825,0.06
2.012480199683195,0.055
2.0125282004512073,0.055
2.012576201219219,0.06
2.0126242019872316,0.06
2.012672202755244,0.049999997
2.0127202035232563,0.06
2.0127682042912687,0.044999998
2.0128162050592806,0.044999998
2.012864205827293,0.055
2.0129122065953053,0.049999997
2.0129602073633177,0.055
2.01300820813133,0.07
2.0130562088993424,0.06
2.0131042096673544,0.06
2.0131522104353667,0.049999997
2.013200211203379,0.065
2.0132482119713915,0.06
2.013296212739404,0.035
2.013344213507416,0.055
2.013392214275428,0.055
2.0134402150434405,0.065
2.013488215811453,0.065
2.0135362165794652,0.06
2.0135842173474776,0.049999997
2.0136322181154895,0.055
2.013680218883502,0.07
2.0137282196515143,0.055
2.0137762204195266,0.044999998
2.013824221187539,0.074999996
2.0138722219555514,0.074999996
2.0139202227235633,0.055
2.0139682234915757,0.06
2.014016224259588,0.049999997
2.0140642250276004,0.049999997
2.0141122257956128,0.06
2.0141602265636247,0.06
2.014208227331637,0.04
2.0142562280996494,0.04
2.014304228867662,0.055
2.014352229635674,0.044999998
2.0144002304036865,0.044999998
2.0144482311716985,0.049999997
2.014496231939711,0.044999998
2.014544232707723,0.06
2.0145922334757356,0.049999997
2.014640234243748,0.044999998
2.01468823501176,0.049999997
2.0147362357797722,0.049999997
2.0147842365477846,0.049999997
2.014832237315797,0.06
2.0148802380838093,0.055
2.0149282388518217,0.049999997
2.0149762396198336,0.044999998
2.015024240387846,0.049999997
2.0150722411558584,0.06
2.0151202419238707,0.049999997
2.015168242691883,0.044999998
2.015216243459895,0.044999998
2.0152642442279074,0.049999997
2.0153122449959198,0.06
2.015360245763932,0.055
2.0154082465319445,0.06
2.015456247299957,0.049999997
2.015504248067969,0.055
2.015552248835981,0.049999997
2.0156002496039935,0.049999997
2.015648250372006,0.049999997
2.0156962511400183,0.055
2.01574425190803,0.049999997
2.0157922526760426,0.049999997
2.015840253444055,0.055
2.0158882542120673,0.055
2.0159362549800797,0.055
2.015984255748092,0.055
2.016032256516104,0.049999997
2.0160802572841163,0.049999997
2.0161282580521287,0.055
2.016176258820141,0.055
2.0162242595881534,0.049999997
2.0162722603561654,0.055
2.0163202611241777,0.055
2.01636826189219,0.055
2.0164162626602025,0.044999998
2.016464263428215,0.055
2.016512264196227,0.049999997
2.016560264964239,0.055
2.0166082657322515,0.049999997
2.016656266500264,0.055
2.0167042672682762,0.055
2.0167522680362886,0.055
2.016800268804301,0.055
2.016848269572313,0.055
2.0168962703403253,0.049999997
2.0169442711083376,0.055
2.01699227187635,0.055
2.0170402726443624,0.055
2.0170882734123743,0.055
2.0171362741803867,0.06
2.017184274948399,0.055
2.0172322757164114,0.055
2.0172802764844238,0.055
2.017328277252436,0.055
2.017376278020448,0.055
2.0174242787884604,0.055
2.017472279556473,0.055
2.017520280324485,0.055
2.0175682810924975,0.06
2.0176162818605095,0.055
2.017664282628522,0.055
2.017712283396534,0.055
2.0177602841645466,0.055
2.017808284932559,0.055
2.0178562857005713,0.049999997
2.017904286468583,0.055
2.0179522872365956,0.055
2.018000288004608,0.055
2.0180482887726203,0.049999997
2.0180962895406327,0.055
2.0181442903086446,0.06
2.018192291076657,0.055
2.0182402918446694,0.049999997
2.0182882926126817,0.049999997
2.018336293380694,0.055
2.0183842941487065,0.049999997
2.0184322949167184,0.049999997
2.0184802956847308,0.049999997
2.018528296452743,0.049999997
2.0185762972207555,0.049999997
2.018624297988768,0.049999997
2.01867229875678,0.049999997
2.018720299524792,0.049999997
2.0187683002928045,0.055
2.018816301060817,0.049999997
2.0188643018288293,0.055
2.0189123025968416,0.049999997
2.0189603033648535,0.055
2.019008304132866,0.049999997
2.0190563049008783,0.055
2.0191043056688907,0.06
2.019152306436903,0.055
2.019200307204915,0.06
2.0192483079729273,0.055
2.0192963087409397,0.06
2.019344309508952,0.055
2.0193923102769644,0.049999997
2.019440311044977,0.055
2.0194883118129887,0.049999997
2.019536312581001,0.049999997
2.0195843133490134,0.055
2.019632314117026,0.055
2.019680314885038,0.055
2.01972831565305,0.055
2.0197763164210625,0.049999997
2.019824317189075,0.049999997
2.019872317957087,0.055
2.0199203187250996,0.055
2.019968319493112,0.049999997
2.020016320261124,0.055
2.0200643210291362,0.055
2.0201123217971486,0.055
2.020160322565161,0.06
2.0202083233331734,0.049999997
2.0202563241011853,0.055
2.0203043248691976,0.055
2.02035232563721,0.055
2.0204003264052224,0.055
2.0204483271732347,0.049999997
2.020496327941247,0.055
2.020544328709259,0.06
2.0205923294772714,0.055
2.0206403302452838,0.055
2.020688331013296,0.055
2.0207363317813085,0.055
2.020784332549321,0.055
2.020832333317333,0.055
2.020880334085345,0.055
2.0209283348533575,0.055
2.02097633562137,0.055
2.0210243363893823,0.055
2.021072337157394,0.049999997
2.0211203379254066,0.055
2.021168338693419,0.055
2.0212163394614313,0.055
2.0212643402294437,0.049999997
2.021312340997456,0.049999997
2.021360341765468,0.055
2.0214083425334803,0.049999997
2.0214563433014927,0.055
2.021504344069505,0.055
2.0215523448375174,0.055
2.0216003456055294,0.055
2.0216483463735417,0.055
2.021696347141554,0.049999997
2.0217443479095665,0.055
2.021792348677579,0.06
2.021840349445591,0.055
2.021888350213603,0.055
2.0219363509816155,0.049999997
2.021984351749628,0.055
2.0220323525176402,0.055
2.0220803532856526,0.049999997
2.0221283540536645,0.055
2.022176354821677,0.049999997
2.0222243555896893,0.055
2.0222723563577016,0.049999997
2.022320357125714,0.055
2.0223683578937264,0.049999997
2.0224163586617383,0.055
2.0224643594297507,0.049999997
2.022512360197763,0.055
2.0225603609657754,0.049999997
2.0226083617337878,0.055
2.0226563625017997,0.049999997
2.022704363269812,0.06
2.0227523640378244,0.049999997
2.022800364805837,0.06
2.022848365573849,0.049999997
2.0228963663418615,0.06
2.0229443671098735,0.055
2.022992367877886,0.06
2.023040368645898,0.055
2.0230883694139106,0.049999997
2.023136370181923,0.055
2.023184370949935,0.049999997
2.0232323717179472,0.055
2.0232803724859596,0.049999997
2.023328373253972,0.06
2.0233763740219843,0.055
2.0234243747899967,0.055
2.0234723755580086,0.049999997
2.023520376326021,0.06
2.0235683770940334,0.055
2.0236163778620457,0.055
2.023664378630058,0.055
2.02371237939807,0.055
2.0237603801660824,0.055
2.0238083809340948,0.055
2.023856381702107,0.06
2.0239043824701195,0.055
2.023952383238132,0.055
2.024000384006144,0.055
2.024048384774156,0.055
2.0240963855421685,0.055
2.024144386310181,0.06
2.0241923870781933,0.055
2.0242403878462056,0.049999997
2.0242883886142176,0.055
2.02433638938223,0.049999997
2.0243843901502423,0.055
2.0244323909182547,0.049999997
2.024480391686267,0.055
2.024528392454279,0.049999997
2.0245763932222913,0.055
2.0246243939903037,0.049999997
2.024672394758316,0.055
2.0247203955263284,0.055
2.024768396294341,0.055
2.0248163970623527,0.055
2.024864397830365,0.055
2.0249123985983775,0.049999997
2.02496039936639,0.055
2.025008400134402,0.055
2.025056400902414,0.055
2.0251044016704265,0.049999997
2.025152402438439,0.055
2.0252004032064512,0.055
2.0252484039744636,0.049999997
2.025296404742476,0.049999997
2.025344405510488,0.049999997
2.0253924062785003,0.049999997
2.0254404070465126,0.049999997
2.025488407814525,0.049999997
2.0255364085825374,0.055
2.0255844093505493,0.049999997
2.0256324101185617,0.055
2.025680410886574,0.055
2.0257284116545864,0.06
2.0257764124225988,0.055
2.025824413190611,0.055
2.025872413958623,0.049999997
2.0259204147266354,0.055
2.025968415494648,0.055
2.02601641626266,0.049999997
2.0260644170306725,0.055
2.0261124177986845,0.055
2.026160418566697,0.055
2.026208419334709,0.049999997
2.0262564201027216,0.055
2.026304420870734,0.049999997
2.0263524216387463,0.055
2.026400422406758,0.055
2.0264484231747706,0.055
2.026496423942783,0.055
2.0265444247107953,0.055
2.0265924254788077,0.055
2.0266404262468196,0.055
2.026688427014832,0.055
2.0267364277828444,0.055
2.0267844285508567,0.055
2.026832429318869,0.06
2.0268804300868815,0.049999997
2.0269284308548934,0.049999997
2.0269764316229057,0.055
2.027024432390918,0.049999997
2.0270724331589305,0.049999997
2.027120433926943,0.049999997
2.027168434694955,0.055
2.027216435462967,0.049999997
2.0272644362309795,0.055
2.027312436998992,0.049999997
2.0273604377670043,0.055
2.0274084385350166,0.049999997
2.0274564393030285,0.049999997
2.027504440071041,0.055
2.0275524408390533,0.049999997
2.0276004416070657,0.055
2.027648442375078,0.055
2.02769644314309,0.049999997
2.0277444439111023,0.049999997
2.0277924446791147,0.049999997
2.027840445447127,0.055
2.0278884462151394,0.049999997
2.027936446983152,0.049999997
2.0279844477511637,0.049999997
2.028032448519176,0.049999997
2.0280804492871884,0.049999997
2.028128450055201,0.049999997
2.028176450823213,0.06
2.0282244515912256,0.049999997
2.0282724523592375,0.055
2.02832045312725,0.049999997
2.028368453895262,0.055
2.0284164546632746,0.06
2.028464455431287,0.06
2.028512456199299,0.049999997
2.0285604569673112,0.055
2.0286084577353236,0.055
2.028656458503336,0.055
2.0287044592713483,0.055
2.0287524600393607,0.055
2.0288004608073726,0.055
2.028848461575385,0.06
2.0288964623433974,0.055
2.0289444631114097,0.06
2.028992463879422,0.055
2.029040464647434,0.065
2.0290884654154464,0.055
2.0291364661834588,0.06
2.029184466951471,0.06
2.0292324677194835,0.055
2.029280468487496,0.055
2.029328469255508,0.049999997
2.02937647002352,0.06
2.0294244707915325,0.049999997
2.029472471559545,0.049999997
2.0295204723275573,0.049999997
2.029568473095569,0.055
2.0296164738635816,0.06
2.029664474631594,0.055
2.0297124753996063,0.06
2.0297604761676187,0.055
