Time (s),Data
43.20592329477272,0.055
43.20597129554073,0.055
43.20601929630874,0.055
43.20606729707675,0.049999997
43.20611529784476,0.055
43.20616329861277,0.049999997
43.20621129938079,0.035
43.2062593001488,0.06
43.20630730091681,0.065
43.20635530168482,0.06
43.206403302452834,0.049999997
43.20645130322085,0.055
43.20649930398886,0.049999997
43.206547304756874,0.049999997
43.206595305524885,0.055
43.2066433062929,0.055
43.20669130706091,0.049999997
43.206739307828926,0.049999997
43.20678730859694,0.049999997
43.20683530936495,0.055
43.20688331013296,0.055
43.20693131090097,0.055
43.20697931166898,0.06
43.207027312437,0.06
43.20707531320501,0.06
43.20712331397302,0.065
43.20717131474103,0.035
43.20721931550904,0.06
43.20726731627706,0.06
43.20731531704507,0.06
43.20736331781308,0.055
43.207411318581094,0.065
43.207459319349105,0.06
43.20750732011712,0.06
43.207555320885135,0.044999998
43.207603321653146,0.055
43.20765132242116,0.049999997
43.20769932318917,0.044999998
43.20774732395718,0.049999997
43.20779532472519,0.055
43.20784332549321,0.049999997
43.20789132626122,0.06
43.20793932702923,0.055
43.20798732779724,0.044999998
43.20803532856525,0.06
43.20808332933326,0.065
43.20813133010128,0.049999997
43.20817933086929,0.049999997
43.2082273316373,0.055
43.208275332405314,0.055
43.208323333173325,0.06
43.20837133394134,0.049999997
43.208419334709355,0.049999997
43.208467335477366,0.049999997
43.20851533624538,0.065
43.20856333701339,0.055
43.2086113377814,0.055
43.20865933854942,0.06
43.20870733931743,0.06
43.20875534008544,0.044999998
43.20880334085345,0.055
43.20885134162146,0.06
43.20889934238947,0.055
43.20894734315749,0.06
43.2089953439255,0.055
43.20904334469351,0.049999997
43.20909134546152,0.06
43.209139346229534,0.049999997
43.20918734699755,0.049999997
43.20923534776556,0.049999997
43.209283348533575,0.049999997
43.209331349301586,0.06
43.2093793500696,0.06
43.20942735083761,0.049999997
43.209475351605626,0.044999998
43.20952335237364,0.049999997
43.20957135314165,0.049999997
43.20961935390966,0.055
43.20966735467767,0.055
43.20971535544568,0.049999997
43.2097633562137,0.065
43.20981135698171,0.055
43.20985935774972,0.06
43.20990735851773,0.065
43.20995535928574,0.055
43.21000336005376,0.049999997
43.21005136082177,0.06
43.21009936158978,0.055
43.210147362357795,0.049999997
43.210195363125806,0.055
43.21024336389382,0.06
43.210291364661835,0.065
43.210339365429846,0.049999997
43.21038736619786,0.049999997
43.21043536696587,0.049999997
43.21048336773388,0.049999997
43.21053136850189,0.06
43.21057936926991,0.049999997
43.21062737003792,0.06
43.21067537080593,0.055
43.21072337157394,0.06
43.21077137234195,0.06
43.21081937310997,0.06
43.21086737387798,0.065
43.21091537464599,0.065
43.210963375414,0.049999997
43.211011376182014,0.035
43.211059376950026,0.049999997
43.211107377718044,0.055
43.211155378486055,0.049999997
43.211203379254066,0.055
43.21125138002208,0.049999997
43.21129938079009,0.06
43.2113473815581,0.06
43.21139538232612,0.044999998
43.21144338309413,0.049999997
43.21149138386214,0.06
43.21153938463015,0.065
43.21158738539816,0.06
43.21163538616618,0.049999997
43.21168338693419,0.055
43.2117313877022,0.06
43.21177938847021,0.049999997
43.21182738923822,0.04
43.211875390006234,0.049999997
43.21192339077425,0.06
43.211971391542264,0.055
43.212019392310275,0.065
43.212067393078286,0.06
43.2121153938463,0.06
43.21216339461431,0.049999997
43.212211395382326,0.06
43.21225939615034,0.049999997
43.21230739691835,0.049999997
43.21235539768636,0.06
43.21240339845437,0.055
43.21245139922239,0.055
43.2124993999904,0.055
43.21254740075841,0.049999997
43.21259540152642,0.049999997
43.21264340229443,0.049999997
43.21269140306244,0.055
43.21273940383046,0.055
43.21278740459847,0.049999997
43.212835405366484,0.04
43.212883406134495,0.06
43.212931406902506,0.06
43.21297940767052,0.065
43.213027408438535,0.055
43.213075409206546,0.049999997
43.21312340997456,0.049999997
43.21317141074257,0.06
43.21321941151058,0.044999998
43.2132674122786,0.055
43.21331541304661,0.055
43.21336341381462,0.055
43.21341141458263,0.049999997
43.21345941535064,0.049999997
43.21350741611865,0.049999997
43.21355541688667,0.049999997
43.21360341765468,0.049999997
43.21365141842269,0.06
43.213699419190704,0.055
43.213747419958715,0.065
43.213795420726726,0.044999998
43.213843421494744,0.049999997
43.213891422262755,0.06
43.213939423030766,0.04
43.21398742379878,0.04
43.21403542456679,0.06
43.214083425334806,0.07
43.21413142610282,0.049999997
43.21417942687083,0.055
43.21422742763884,0.055
43.21427542840685,0.049999997
43.21432342917486,0.06
43.21437142994288,0.074999996
43.21441943071089,0.055
43.2144674314789,0.049999997
43.21451543224691,0.049999997
43.21456343301492,0.049999997
43.214611433782935,0.055
43.21465943455095,0.06
43.214707435318964,0.06
43.214755436086975,0.07
43.214803436854986,0.049999997
43.214851437623,0.06
43.214899438391015,0.055
43.214947439159026,0.049999997
43.21499543992704,0.055
43.21504344069505,0.055
43.21509144146306,0.055
43.21513944223107,0.055
43.21518744299909,0.055
43.2152354437671,0.049999997
43.21528344453511,0.049999997
43.21533144530312,0.055
43.21537944607113,0.055
43.21542744683914,0.055
43.21547544760716,0.055
43.21552344837517,0.049999997
43.215571449143184,0.049999997
43.215619449911195,0.055
43.215667450679206,0.049999997
43.215715451447224,0.049999997
43.215763452215235,0.055
43.215811452983246,0.055
43.21585945375126,0.055
43.21590745451927,0.055
43.21595545528728,0.049999997
43.2160034560553,0.06
43.21605145682331,0.055
43.21609945759132,0.049999997
43.21614745835933,0.06
43.21619545912734,0.049999997
43.21624345989535,0.049999997
43.21629146066337,0.049999997
43.21633946143138,0.055
43.21638746219939,0.049999997
43.216435462967404,0.049999997
43.216483463735415,0.049999997
43.21653146450343,0.055
43.216579465271444,0.06
43.216627466039455,0.055
43.216675466807466,0.049999997
43.21672346757548,0.049999997
43.21677146834349,0.055
43.216819469111506,0.049999997
43.21686746987952,0.06
43.21691547064753,0.055
43.21696347141554,0.055
43.21701147218355,0.055
43.21705947295156,0.055
43.21710747371958,0.049999997
43.21715547448759,0.055
43.2172034752556,0.055
43.21725147602361,0.055
43.217299476791624,0.049999997
43.21734747755964,0.049999997
43.21739547832765,0.055
43.217443479095664,0.049999997
43.217491479863675,0.06
43.217539480631686,0.055
43.2175874813997,0.055
43.217635482167715,0.06
43.217683482935726,0.055
43.21773148370374,0.049999997
43.21777948447175,0.055
43.21782748523976,0.055
43.21787548600777,0.055
43.21792348677579,0.055
43.2179714875438,0.055
43.21801948831181,0.049999997
43.21806748907982,0.055
43.21811548984783,0.055
43.21816349061585,0.049999997
43.21821149138386,0.055
43.21825949215187,0.055
43.218307492919884,0.055
43.218355493687895,0.055
43.218403494455906,0.06
43.218451495223924,0.06
43.218499495991935,0.055
43.218547496759946,0.055
43.21859549752796,0.049999997
43.21864349829597,0.055
43.21869149906398,0.055
43.218739499832,0.06
43.21878750060001,0.049999997
43.21883550136802,0.055
43.21888350213603,0.049999997
43.21893150290404,0.049999997
43.21897950367205,0.049999997
43.21902750444007,0.055
43.21907550520808,0.055
43.21912350597609,0.055
43.219171506744104,0.055
43.219219507512115,0.055
43.21926750828013,0.055
43.219315509048144,0.055
43.219363509816155,0.055
43.219411510584166,0.055
43.21945951135218,0.049999997
43.21950751212019,0.055
43.219555512888206,0.049999997
43.21960351365622,0.055
43.21965151442423,0.055
43.21969951519224,0.055
43.21974751596025,0.055
43.21979551672826,0.049999997
43.21984351749628,0.055
43.21989151826429,0.055
43.2199395190323,0.049999997
43.21998751980031,0.055
43.220035520568324,0.049999997
43.22008352133634,0.055
43.22013152210435,0.049999997
43.220179522872364,0.055
43.220227523640375,0.049999997
43.220275524408386,0.06
43.2203235251764,0.055
43.220371525944415,0.049999997
43.220419526712426,0.055
43.22046752748044,0.049999997
43.22051552824845,0.055
43.22056352901646,0.055
43.22061152978447,0.049999997
43.22065953055249,0.06
43.2207075313205,0.06
43.22075553208851,0.055
43.22080353285652,0.055
43.22085153362453,0.06
43.22089953439255,0.055
43.22094753516056,0.055
43.22099553592857,0.055
43.221043536696584,0.049999997
43.221091537464595,0.055
43.221139538232606,0.049999997
43.221187539000624,0.055
43.221235539768635,0.06
43.221283540536646,0.06
43.22133154130466,0.049999997
43.22137954207267,0.049999997
43.22142754284068,0.049999997
43.2214755436087,0.049999997
43.22152354437671,0.049999997
43.22157154514472,0.055
43.22161954591273,0.055
43.22166754668074,0.049999997
43.22171554744876,0.055
43.22176354821677,0.055
43.22181154898478,0.055
43.22185954975279,0.049999997
43.221907550520804,0.055
43.221955551288815,0.049999997
43.22200355205683,0.049999997
43.222051552824844,0.055
43.222099553592855,0.049999997
43.222147554360866,0.055
43.22219555512888,0.049999997
43.22224355589689,0.049999997
43.222291556664906,0.055
43.22233955743292,0.049999997
43.22238755820093,0.044999998
43.22243555896894,0.055
43.22248355973695,0.055
43.22253156050497,0.055
43.22257956127298,0.049999997
43.22262756204099,0.06
43.222675562809,0.049999997
43.22272356357701,0.06
43.222771564345024,0.049999997
43.22281956511304,0.055
43.22286756588105,0.049999997
43.222915566649064,0.055
43.222963567417075,0.049999997
43.223011568185086,0.055
43.2230595689531,0.049999997
43.223107569721115,0.055
43.223155570489126,0.049999997
43.22320357125714,0.055
43.22325157202515,0.049999997
43.22329957279316,0.055
43.22334757356118,0.049999997
43.22339557432919,0.055
43.2234435750972,0.049999997
43.22349157586521,0.055
43.22353957663322,0.049999997
43.22358757740123,0.06
43.22363557816925,0.06
43.22368357893726,0.049999997
43.22373157970527,0.049999997
43.223779580473284,0.06
43.223827581241295,0.049999997
43.223875582009306,0.049999997
43.223923582777324,0.049999997
43.223971583545335,0.044999998
43.224019584313346,0.055
43.22406758508136,0.055
43.22411558584937,0.055
43.22416358661739,0.055
43.2242115873854,0.049999997
43.22425958815341,0.055
43.22430758892142,0.055
43.22435558968943,0.06
43.22440359045744,0.049999997
43.22445159122546,0.06
43.22449959199347,0.055
43.22454759276148,0.055
43.22459559352949,0.055
43.224643594297504,0.06
43.224691595065515,0.055
43.22473959583353,0.06
43.224787596601544,0.055
43.224835597369555,0.055
43.224883598137566,0.055
43.22493159890558,0.06
43.224979599673595,0.055
43.22502760044161,0.055
43.22507560120962,0.055
43.22512360197763,0.055
43.22517160274564,0.049999997
43.22521960351365,0.06
43.22526760428167,0.055
43.22531560504968,0.055
43.22536360581769,0.049999997
43.2254116065857,0.055
43.22545960735371,0.055
43.225507608121724,0.065
43.22555560888974,0.049999997
43.22560360965775,0.055
43.225651610425764,0.055
43.225699611193775,0.055
43.225747611961786,0.055
43.225795612729804,0.055
43.225843613497815,0.055
43.22589161426583,0.055
43.22593961503384,0.055
43.22598761580185,0.049999997
43.22603561656986,0.049999997
43.22608361733788,0.055
43.22613161810589,0.049999997
43.2261796188739,0.055
43.22622761964191,0.055
43.22627562040992,0.055
43.22632362117793,0.055
43.22637162194595,0.049999997
43.22641962271396,0.049999997
43.22646762348197,0.055
43.226515624249984,0.049999997
43.226563625017995,0.049999997
43.22661162578601,0.044999998
43.226659626554024,0.049999997
43.226707627322035,0.049999997
43.22675562809005,0.055
43.22680362885806,0.049999997
43.22685162962607,0.055
43.22689963039409,0.055
43.2269476311621,0.049999997
43.22699563193011,0.055
43.22704363269812,0.049999997
43.22709163346613,0.055
43.22713963423414,0.049999997
43.22718763500216,0.055
43.22723563577017,0.06
43.22728363653818,0.055
43.22733163730619,0.055
43.227379638074204,0.06
43.22742763884222,0.049999997
43.22747563961023,0.06
43.227523640378244,0.055
43.227571641146255,0.06
43.227619641914266,0.055
43.22766764268228,0.06
43.227715643450296,0.055
43.22776364421831,0.049999997
43.22781164498632,0.049999997
43.22785964575433,0.055
43.22790764652234,0.055
43.22795564729035,0.055
43.22800364805837,0.049999997
43.22805164882638,0.06
43.22809964959439,0.055
43.2281476503624,0.06
43.22819565113041,0.049999997
43.22824365189843,0.055
43.22829165266644,0.055
43.22833965343445,0.055
43.228387654202464,0.055
43.228435654970475,0.049999997
43.228483655738486,0.055
43.228531656506505,0.055
43.228579657274516,0.055
43.22862765804253,0.049999997
43.22867565881054,0.049999997
43.22872365957855,0.049999997
43.22877166034656,0.055
43.22881966111458,0.055
43.22886766188259,0.055
43.2289156626506,0.055
43.22896366341861,0.049999997
43.22901166418662,0.049999997
43.22905966495464,0.049999997
43.22910766572265,0.049999997
43.22915566649066,0.049999997
43.22920366725867,0.055
43.229251668026684,0.055
43.229299668794695,0.055
43.22934766956271,0.055
43.229395670330724,0.055
43.229443671098736,0.06
43.22949167186675,0.055
43.22953967263476,0.06
43.22958767340277,0.055
43.22963567417079,0.065
43.2296836749388,0.06
43.22973167570681,0.055
43.22977967647482,0.055
43.22982767724283,0.049999997
43.22987567801084,0.055
43.22992367877886,0.049999997
43.22997167954687,0.055
43.23001968031488,0.06
43.23006768108289,0.06
43.230115681850904,0.055
43.23016368261892,0.055
43.23021168338693,0.055
43.230259684154944,0.055
43.230307684922956,0.049999997
43.23035568569097,0.049999997
43.23040368645898,0.055
43.230451687226996,0.055
43.23049968799501,0.049999997
43.23054768876302,0.055
43.23059568953103,0.055
43.23064369029904,0.055
43.23069169106705,0.055
43.23073969183507,0.055
43.23078769260308,0.055
43.23083569337109,0.055
43.2308836941391,0.055
43.23093169490711,0.049999997
43.23097969567513,0.049999997
43.23102769644314,0.055
43.23107569721115,0.049999997
43.231123697979164,0.055
43.231171698747175,0.055
43.23121969951519,0.055
43.231267700283205,0.055
43.231315701051216,0.055
43.23136370181923,0.049999997
43.23141170258724,0.049999997
43.23145970335525,0.055
43.23150770412326,0.049999997
43.23155570489128,0.055
43.23160370565929,0.055
43.2316517064273,0.06
43.23169970719531,0.049999997
43.23174770796332,0.055
43.23179570873134,0.049999997
43.23184370949935,0.049999997
43.23189171026736,0.06
43.23193971103537,0.055
43.231987711803384,0.049999997
43.232035712571395,0.049999997
43.232083713339414,0.055
43.232131714107425,0.055
43.232179714875436,0.055
43.23222771564345,0.055
43.23227571641146,0.055
43.23232371717947,0.06
43.23237171794749,0.049999997
43.2324197187155,0.055
43.23246771948351,0.049999997
43.23251572025152,0.055
43.23256372101953,0.049999997
43.23261172178755,0.055
43.23265972255556,0.055
43.23270772332357,0.049999997
43.23275572409158,0.055
43.23280372485959,0.055
43.232851725627604,0.06
43.23289972639562,0.049999997
43.23294772716363,0.055
43.232995727931645,0.055
43.233043728699656,0.06
43.23309172946767,0.049999997
43.23313973023568,0.06
43.233187731003696,0.055
43.23323573177171,0.06
43.23328373253972,0.049999997
43.23333173330773,0.06
43.23337973407574,0.055
43.23342773484376,0.055
43.23347573561177,0.055
43.23352373637978,0.049999997
43.23357173714779,0.055
43.2336197379158,0.055
43.23366773868381,0.06
43.23371573945183,0.049999997
43.23376374021984,0.055
43.23381174098785,0.055
43.233859741755865,0.049999997
43.233907742523876,0.055
43.23395574329189,0.055
43.234003744059905,0.055
43.234051744827916,0.055
43.23409974559593,0.055
43.23414774636394,0.055
43.23419574713195,0.06
43.23424374789997,0.055
43.23429174866798,0.06
43.23433974943599,0.055
43.234387750204,0.055
43.23443575097201,0.055
43.23448375174002,0.055
43.23453175250804,0.055
43.23457975327605,0.055
43.23462775404406,0.055
43.23467575481207,0.055
43.234723755580085,0.055
43.234771756348096,0.055
43.234819757116114,0.049999997
43.234867757884125,0.055
43.234915758652136,0.055
43.23496375942015,0.055
43.23501176018816,0.055
43.235059760956176,0.06
43.23510776172419,0.049999997
43.2351557624922,0.055
43.23520376326021,0.049999997
43.23525176402822,0.055
43.23529976479623,0.055
43.23534776556425,0.055
43.23539576633226,0.055
43.23544376710027,0.06
43.23549176786828,0.055
43.23553976863629,0.055
43.235587769404304,0.049999997
43.23563577017232,0.055
43.235683770940334,0.055
43.235731771708345,0.049999997
43.235779772476356,0.055
43.23582777324437,0.055
43.235875774012385,0.065
43.235923774780396,0.06
43.23597177554841,0.06
43.23601977631642,0.06
43.23606777708443,0.049999997
43.23611577785244,0.055
43.23616377862046,0.055
43.23621177938847,0.055
43.23625978015648,0.049999997
43.23630778092449,0.049999997
43.2363557816925,0.055
43.23640378246051,0.055
43.23645178322853,0.055
43.23649978399654,0.055
43.236547784764554,0.055
43.236595785532565,0.049999997
43.236643786300576,0.055
43.236691787068594,0.055
43.236739787836605,0.06
43.236787788604616,0.055
43.23683578937263,0.055
43.23688379014064,0.055
43.23693179090865,0.049999997
43.23697979167667,0.055
43.23702779244468,0.055
43.23707579321269,0.055
43.2371237939807,0.055
43.23717179474871,0.055
43.23721979551672,0.055
43.23726779628474,0.055
43.23731579705275,0.049999997
43.23736379782076,0.055
43.237411798588774,0.055
43.237459799356785,0.055
43.2375078001248,0.055
43.237555800892814,0.055
43.237603801660825,0.055
43.237651802428836,0.055
43.23769980319685,0.06
43.23774780396486,0.049999997
43.237795804732876,0.049999997
43.23784380550089,0.055
43.2378918062689,0.044999998
43.23793980703691,0.055
43.23798780780492,0.055
43.23803580857293,0.055
43.23808380934095,0.06
43.23813181010896,0.06
43.23817981087697,0.055
43.23822781164498,0.049999997
43.238275812412994,0.055
43.23832381318101,0.06
43.23837181394902,0.055
43.238419814717034,0.055
43.238467815485045,0.055
43.238515816253056,0.055
43.23856381702107,0.055
43.238611817789085,0.049999997
43.238659818557096,0.055
43.23870781932511,0.06
43.23875582009312,0.055
43.23880382086113,0.055
43.23885182162914,0.055
43.23889982239716,0.055
43.23894782316517,0.055
43.23899582393318,0.055
43.23904382470119,0.055
43.2390918254692,0.055
43.23913982623722,0.06
43.23918782700523,0.055
43.23923582777324,0.055
43.239283828541254,0.055
43.239331829309265,0.055
43.239379830077276,0.049999997
43.239427830845294,0.055
43.239475831613305,0.049999997
43.239523832381316,0.055
43.23957183314933,0.055
43.23961983391734,0.055
43.23966783468535,0.049999997
43.23971583545337,0.055
43.23976383622138,0.049999997
43.23981183698939,0.055
43.2398598377574,0.055
43.23990783852541,0.055
43.23995583929343,0.049999997
43.24000384006144,0.049999997
43.24005184082945,0.055
43.24009984159746,0.055
43.240147842365474,0.055
43.240195843133485,0.055
43.2402438439015,0.055
43.240291844669514,0.055
43.240339845437525,0.055
43.240387846205536,0.055
43.24043584697355,0.049999997
43.24048384774156,0.055
43.240531848509576,0.055
43.24057984927759,0.049999997
43.2406278500456,0.049999997
43.24067585081361,0.055
43.24072385158162,0.06
43.24077185234963,0.06
43.24081985311765,0.055
43.24086785388566,0.06
43.24091585465367,0.055
43.24096385542168,0.06
43.241011856189694,0.049999997
43.24105985695771,0.055
43.24110785772572,0.049999997
43.241155858493734,0.055
43.241203859261745,0.049999997
43.241251860029756,0.055
43.24129986079777,0.049999997
43.241347861565785,0.055
43.241395862333796,0.049999997
43.24144386310181,0.055
43.24149186386982,0.055
43.24153986463783,0.049999997
43.24158786540584,0.055
43.24163586617386,0.055
43.24168386694187,0.055
43.24173186770988,0.055
43.24177986847789,0.049999997
43.2418278692459,0.055
43.24187587001392,0.049999997
43.24192387078193,0.055
43.24197187154994,0.055
43.242019872317954,0.055
43.242067873085965,0.055
43.242115873853976,0.055
43.242163874621994,0.055
43.242211875390005,0.055
43.242259876158016,0.055
43.24230787692603,0.055
43.24235587769404,0.055
43.24240387846205,0.055
43.24245187923007,0.055
43.24249987999808,0.06
43.24254788076609,0.055
43.2425958815341,0.055
43.24264388230211,0.055
43.24269188307013,0.06
43.24273988383814,0.055
43.24278788460615,0.06
43.24283588537416,0.049999997
43.242883886142174,0.055
43.242931886910185,0.055
43.2429798876782,0.06
43.243027888446214,0.049999997
43.243075889214225,0.055
43.243123889982236,0.049999997
43.24317189075025,0.055
43.24321989151826,0.055
43.243267892286276,0.055
43.24331589305429,0.049999997
43.2433638938223,0.055
43.24341189459031,0.055
43.24345989535832,0.055
43.24350789612634,0.049999997
43.24355589689435,0.06
43.24360389766236,0.055
43.24365189843037,0.055
43.24369989919838,0.049999997
43.243747899966394,0.055
43.24379590073441,0.049999997
43.24384390150242,0.06
43.243891902270434,0.049999997
43.243939903038445,0.055
43.243987903806456,0.055
43.24403590457447,0.055
43.244083905342485,0.049999997
43.244131906110496,0.055
43.24417990687851,0.049999997
43.24422790764652,0.055
43.24427590841453,0.049999997
43.24432390918255,0.055
43.24437190995056,0.049999997
43.24441991071857,0.055
43.24446791148658,0.055
43.24451591225459,0.055
43.2445639130226,0.055
43.24461191379062,0.055
43.24465991455863,0.055
43.24470791532664,0.055
43.244755916094654,0.055
43.244803916862665,0.055
43.244851917630676,0.049999997
43.244899918398694,0.055
43.244947919166705,0.055
43.244995919934716,0.049999997
43.24504392070273,0.055
43.24509192147074,0.055
43.24513992223876,0.055
43.24518792300677,0.049999997
43.24523592377478,0.055
43.24528392454279,0.055
43.2453319253108,0.055
43.24537992607881,0.055
43.24542792684683,0.044999998
43.24547592761484,0.055
43.24552392838285,0.055
43.24557192915086,0.049999997
43.245619929918874,0.055
43.245667930686885,0.049999997
43.2457159314549,0.055
43.245763932222914,0.055
43.245811932990925,0.055
43.245859933758936,0.055
43.24590793452695,0.055
43.245955935294965,0.06
43.246003936062976,0.055
43.24605193683099,0.055
43.246099937599,0.049999997
43.24614793836701,0.055
43.24619593913502,0.049999997
43.24624393990304,0.055
43.24629194067105,0.049999997
43.24633994143906,0.055
43.24638794220707,0.055
43.24643594297508,0.049999997
43.246483943743094,0.055
43.24653194451111,0.055
43.24657994527912,0.055
43.246627946047134,0.044999998
43.246675946815145,0.055
43.246723947583156,0.055
43.246771948351174,0.055
43.246819949119185,0.055
43.246867949887196,0.055
43.24691595065521,0.049999997
43.24696395142322,0.055
43.24701195219123,0.06
43.24705995295925,0.055
43.24710795372726,0.055
43.24715595449527,0.049999997
43.24720395526328,0.055
43.24725195603129,0.049999997
43.2472999567993,0.055
43.24734795756732,0.055
43.24739595833533,0.055
43.24744395910334,0.055
43.247491959871354,0.049999997
43.247539960639365,0.055
43.24758796140738,0.06
43.247635962175394,0.055
43.247683962943405,0.055
43.247731963711416,0.055
43.24777996447943,0.049999997
43.24782796524744,0.049999997
43.24787596601546,0.049999997
43.24792396678347,0.049999997
43.24797196755148,0.055
43.24801996831949,0.055
43.2480679690875,0.049999997
43.24811596985551,0.055
43.24816397062353,0.049999997
43.24821197139154,0.055
43.24825997215955,0.044999998
43.24830797292756,0.055
43.248355973695574,0.055
43.24840397446359,0.049999997
43.2484519752316,0.055
43.248499975999614,0.049999997
43.248547976767625,0.055
43.248595977535636,0.049999997
43.24864397830365,0.055
43.248691979071666,0.055
43.24873997983968,0.049999997
43.24878798060769,0.055
43.2488359813757,0.055
43.24888398214371,0.06
43.24893198291172,0.055
43.24897998367974,0.055
43.24902798444775,0.055
43.24907598521576,0.055
43.24912398598377,0.055
43.24917198675178,0.055
43.2492199875198,0.06
43.24926798828781,0.055
43.24931598905582,0.06
43.249363989823834,0.06
43.249411990591845,0.049999997
43.249459991359856,0.055
43.249507992127874,0.06
43.249555992895885,0.055
43.2496039936639,0.049999997
43.24965199443191,0.06
43.24969999519992,0.049999997
43.24974799596793,0.055
43.24979599673595,0.049999997
43.24984399750396,0.055
43.24989199827197,0.055
43.24993999903998,0.055
43.24998799980799,0.049999997
43.25003600057601,0.055
43.25008400134402,0.055
43.25013200211203,0.055
43.25018000288004,0.055
43.250228003648054,0.055
43.250276004416065,0.055
43.25032400518408,0.055
43.250372005952094,0.055
43.250420006720105,0.055
43.25046800748812,0.055
43.25051600825613,0.049999997
43.25056400902414,0.055
43.25061200979216,0.055
43.25066001056017,0.049999997
43.25070801132818,0.055
43.25075601209619,0.055
43.2508040128642,0.06
43.25085201363222,0.049999997
43.25090001440023,0.055
43.25094801516824,0.055
43.25099601593625,0.055
43.25104401670426,0.055
43.251092017472274,0.06
43.25114001824029,0.055
43.2511880190083,0.055
43.251236019776314,0.049999997
43.251284020544325,0.055
43.25133202131234,0.055
43.25138002208035,0.055
43.251428022848366,0.055
43.25147602361638,0.06
43.25152402438439,0.055
43.2515720251524,0.055
43.25162002592041,0.055
43.25166802668842,0.055
43.25171602745644,0.055
43.25176402822445,0.055
43.25181202899246,0.049999997
43.25186002976047,0.055
43.25190803052848,0.049999997
43.2519560312965,0.06
43.25200403206451,0.049999997
43.25205203283252,0.06
43.252100033600534,0.055
43.252148034368545,0.055
43.252196035136556,0.06
43.252244035904575,0.049999997
43.252292036672586,0.055
43.2523400374406,0.049999997
43.25238803820861,0.055
43.25243603897662,0.049999997
43.25248403974463,0.055
43.25253204051265,0.055
43.25258004128066,0.055
43.25262804204867,0.055
43.25267604281668,0.055
43.25272404358469,0.055
43.25277204435271,0.055
43.25282004512072,0.049999997
43.25286804588873,0.049999997
43.25291604665674,0.055
43.252964047424754,0.055
43.253012048192765,0.055
43.25306004896078,0.055
43.253108049728795,0.055
43.253156050496806,0.055
43.25320405126482,0.055
43.25325205203283,0.055
43.25330005280084,0.055
43.25334805356886,0.06
43.25339605433687,0.055
43.25344405510488,0.055
43.25349205587289,0.055
43.2535400566409,0.055
43.25358805740892,0.055
43.25363605817693,0.055
43.25368405894494,0.055
43.25373205971295,0.055
43.25378006048096,0.049999997
43.253828061248974,0.055
43.25387606201699,0.06
43.253924062785,0.055
43.253972063553014,0.06
43.254020064321026,0.049999997
43.25406806508904,0.055
43.25411606585705,0.049999997
43.254164066625066,0.06
43.25421206739308,0.055
43.25426006816109,0.049999997
43.2543080689291,0.049999997
43.25435606969711,0.049999997
43.25440407046513,0.049999997
43.25445207123314,0.06
43.25450007200115,0.055
43.25454807276916,0.06
43.25459607353717,0.049999997
43.25464407430518,0.055
43.2546920750732,0.049999997
43.25474007584121,0.055
43.25478807660922,0.049999997
43.254836077377234,0.049999997
43.254884078145245,0.049999997
43.25493207891326,0.055
43.254980079681275,0.055
43.255028080449286,0.055
43.2550760812173,0.049999997
43.25512408198531,0.055
43.25517208275332,0.055
43.25522008352134,0.06
43.25526808428935,0.049999997
43.25531608505736,0.06
43.25536408582537,0.055
43.25541208659338,0.055
43.25546008736139,0.055
43.25550808812941,0.049999997
43.25555608889742,0.055
43.25560408966543,0.055
43.25565209043344,0.055
43.255700091201454,0.049999997
43.255748091969465,0.06
43.255796092737484,0.049999997
43.255844093505495,0.044999998
43.255892094273506,0.049999997
43.25594009504152,0.04
43.25598809580953,0.044999998
43.256036096577546,0.055
43.25608409734556,0.055
43.25613209811357,0.055
43.25618009888158,0.055
43.25622809964959,0.065
43.2562761004176,0.049999997
43.25632410118562,0.055
43.25637210195363,0.04
43.25642010272164,0.06
43.25646810348965,0.049999997
43.25651610425766,0.044999998
43.256564105025674,0.049999997
43.25661210579369,0.049999997
43.256660106561704,0.049999997
43.256708107329715,0.055
43.256756108097726,0.049999997
43.25680410886574,0.065
43.256852109633755,0.044999998
43.256900110401766,0.055
43.25694811116978,0.044999998
43.25699611193779,0.04
43.2570441127058,0.044999998
43.25709211347381,0.07
43.25714011424183,0.049999997
43.25718811500984,0.065
43.25723611577785,0.06
43.25728411654586,0.06
43.25733211731387,0.044999998
43.25738011808188,0.06
43.2574281188499,0.055
43.25747611961791,0.049999997
43.25752412038592,0.055
43.257572121153935,0.049999997
43.257620121921946,0.049999997
43.257668122689964,0.055
43.257716123457975,0.074999996
43.257764124225986,0.065
43.257812124994,0.065
43.25786012576201,0.049999997
43.25790812653002,0.06
43.25795612729804,0.055
43.25800412806605,0.06
43.25805212883406,0.049999997
43.25810012960207,0.049999997
43.25814813037008,0.049999997
43.25819613113809,0.04
43.25824413190611,0.055
43.25829213267412,0.049999997
43.25834013344213,0.065
43.25838813421014,0.055
43.258436134978155,0.055
43.25848413574617,0.06
43.258532136514184,0.06
43.258580137282195,0.055
43.258628138050206,0.055
43.25867613881822,0.055
43.25872413958623,0.06
43.258772140354246,0.055
43.25882014112226,0.049999997
43.25886814189027,0.055
43.25891614265828,0.049999997
43.25896414342629,0.055
43.2590121441943,0.044999998
43.25906014496232,0.049999997
43.25910814573033,0.044999998
43.25915614649834,0.06
43.25920414726635,0.06
43.25925214803436,0.055
43.25930014880238,0.044999998
43.25934814957039,0.055
43.259396150338404,0.055
43.259444151106415,0.06
43.259492151874426,0.06
43.25954015264244,0.06
43.259588153410455,0.06
43.259636154178466,0.06
43.25968415494648,0.049999997
43.25973215571449,0.044999998
43.2597801564825,0.049999997
43.25982815725051,0.06
43.25987615801853,0.06
43.25992415878654,0.055
43.25997215955455,0.044999998
43.26002016032256,0.055
43.26006816109057,0.049999997
43.26011616185859,0.04
43.2601641626266,0.055
43.26021216339461,0.049999997
43.260260164162624,0.06
43.260308164930635,0.044999998
43.260356165698646,0.049999997
43.260404166466664,0.055
43.260452167234675,0.06
43.260500168002686,0.055
43.2605481687707,0.065
43.26059616953871,0.06
43.26064417030672,0.06
43.26069217107474,0.055
43.26074017184275,0.06
43.26078817261076,0.055
43.26083617337877,0.049999997
43.26088417414678,0.055
43.2609321749148,0.06
43.26098017568281,0.06
43.26102817645082,0.065
43.26107617721883,0.06
43.261124177986844,0.049999997
43.261172178754855,0.055
43.26122017952287,0.06
43.261268180290884,0.049999997
43.261316181058895,0.055
43.261364181826906,0.049999997
43.26141218259492,0.07
43.26146018336293,0.049999997
43.261508184130946,0.044999998
43.26155618489896,0.049999997
43.26160418566697,0.049999997
43.26165218643498,0.049999997
43.26170018720299,0.055
43.26174818797101,0.049999997
43.26179618873902,0.049999997
43.26184418950703,0.049999997
43.26189219027504,0.055
43.26194019104305,0.049999997
43.261988191811064,0.049999997
43.26203619257908,0.055
43.26208419334709,0.055
43.262132194115104,0.055
43.262180194883115,0.049999997
43.262228195651126,0.055
43.26227619641914,0.06
43.262324197187155,0.055
43.262372197955166,0.06
43.26242019872318,0.055
43.26246819949119,0.06
43.2625162002592,0.055
43.26256420102721,0.06
43.26261220179523,0.055
43.26266020256324,0.055
43.26270820333125,0.055
43.26275620409926,0.055
43.26280420486727,0.055
43.26285220563529,0.055
43.2629002064033,0.055
43.26294820717131,0.055
43.262996207939324,0.049999997
43.263044208707335,0.055
43.263092209475346,0.055
43.263140210243364,0.049999997
43.263188211011375,0.055
43.263236211779386,0.055
43.2632842125474,0.055
43.26333221331541,0.049999997
43.26338021408342,0.055
43.26342821485144,0.055
43.26347621561945,0.055
43.26352421638746,0.049999997
43.26357221715547,0.055
43.26362021792348,0.049999997
43.2636682186915,0.049999997
43.26371621945951,0.055
43.26376422022752,0.049999997
43.26381222099553,0.049999997
43.263860221763544,0.055
43.263908222531555,0.055
43.26395622329957,0.055
43.264004224067584,0.055
43.264052224835595,0.055
43.264100225603606,0.049999997
43.26414822637162,0.055
43.26419622713963,0.049999997
43.264244227907646,0.055
43.26429222867566,0.049999997
43.26434022944367,0.055
43.26438823021168,0.055
43.26443623097969,0.055
43.26448423174771,0.055
43.26453223251572,0.055
43.26458023328373,0.055
43.26462823405174,0.055
43.26467623481975,0.049999997
43.264724235587764,0.055
43.26477223635578,0.055
43.26482023712379,0.055
43.264868237891804,0.055
43.264916238659815,0.055
43.264964239427826,0.055
43.26501224019584,0.055
43.265060240963855,0.055
43.265108241731866,0.055
43.26515624249988,0.055
43.26520424326789,0.055
43.2652522440359,0.055
43.26530024480392,0.055
43.26534824557193,0.055
43.26539624633994,0.055
43.26544424710795,0.049999997
43.26549224787596,0.049999997
43.26554024864397,0.055
43.26558824941199,0.055
43.26563625018,0.049999997
43.26568425094801,0.055
43.265732251716024,0.06
43.265780252484035,0.055
43.265828253252046,0.044999998
43.265876254020064,0.06
43.265924254788075,0.049999997
43.265972255556086,0.049999997
43.2660202563241,0.055
43.26606825709211,0.055
43.266116257860126,0.06
43.26616425862814,0.049999997
43.26621225939615,0.065
43.26626026016416,0.055
43.26630826093217,0.055
43.26635626170018,0.055
43.2664042624682,0.055
43.26645226323621,0.049999997
43.26650026400422,0.055
43.26654826477223,0.055
43.266596265540244,0.055
43.266644266308255,0.055
43.26669226707627,0.055
43.266740267844284,0.055
43.266788268612295,0.055
43.266836269380306,0.049999997
43.26688427014832,0.06
43.266932270916335,0.06
43.266980271684346,0.055
43.26702827245236,0.055
43.26707627322037,0.055
43.26712427398838,0.049999997
43.26717227475639,0.049999997
43.26722027552441,0.055
43.26726827629242,0.049999997
43.26731627706043,0.055
43.26736427782844,0.055
43.26741227859645,0.055
43.267460279364464,0.055
43.26750828013248,0.055
43.26755628090049,0.049999997
43.267604281668504,0.055
43.267652282436515,0.049999997
43.267700283204526,0.055
43.267748283972544,0.055
43.267796284740555,0.055
43.267844285508566,0.055
43.26789228627658,0.055
43.26794028704459,0.055
43.2679882878126,0.055
43.26803628858062,0.049999997
43.26808428934863,0.055
43.26813229011664,0.049999997
43.26818029088465,0.055
43.26822829165266,0.049999997
43.26827629242067,0.055
43.26832429318869,0.055
43.2683722939567,0.049999997
43.26842029472471,0.049999997
43.268468295492724,0.055
43.268516296260735,0.06
43.26856429702875,0.055
43.268612297796764,0.049999997
43.268660298564775,0.06
43.268708299332786,0.055
43.2687563001008,0.06
43.26880430086881,0.049999997
43.26885230163683,0.055
43.26890030240484,0.055
43.26894830317285,0.06
43.26899630394086,0.049999997
43.26904430470887,0.055
43.26909230547688,0.049999997
43.2691403062449,0.06
43.26918830701291,0.044999998
43.26923630778092,0.055
43.26928430854893,0.055
43.269332309316944,0.055
43.26938031008496,0.049999997
43.26942831085297,0.055
43.269476311620984,0.049999997
43.269524312388995,0.06
43.269572313157006,0.055
43.26962031392502,0.06
43.269668314693035,0.055
43.26971631546105,0.055
43.26976431622906,0.055
43.26981231699707,0.055
43.26986031776508,0.055
43.26990831853309,0.055
43.26995631930111,0.06
43.27000432006912,0.049999997
43.27005232083713,0.055
43.27010032160514,0.049999997
43.27014832237315,0.049999997
43.27019632314117,0.049999997
43.27024432390918,0.055
43.27029232467719,0.055
43.270340325445204,0.06
43.270388326213215,0.055
43.270436326981226,0.055
43.270484327749244,0.055
43.270532328517255,0.049999997
43.270580329285266,0.055
43.27062833005328,0.049999997
43.27067633082129,0.055
43.2707243315893,0.055
43.27077233235732,0.055
43.27082033312533,0.055
43.27086833389334,0.049999997
43.27091633466135,0.055
43.27096433542936,0.055
43.27101233619738,0.055
43.27106033696539,0.055
43.2711083377334,0.06
43.27115633850141,0.055
43.271204339269424,0.055
43.271252340037435,0.055
43.27130034080545,0.055
43.271348341573464,0.055
43.271396342341475,0.055
43.271444343109486,0.055
43.2714923438775,0.049999997
43.27154034464551,0.055
43.27158834541353,0.055
43.27163634618154,0.049999997
43.27168434694955,0.055
43.27173234771756,0.049999997
43.27178034848557,0.055
43.27182834925359,0.049999997
43.2718763500216,0.055
43.27192435078961,0.055
43.27197235155762,0.06
43.27202035232563,0.049999997
43.272068353093644,0.055
43.27211635386166,0.049999997
43.27216435462967,0.055
43.272212355397684,0.055
43.272260356165695,0.055
43.272308356933706,0.055
43.27235635770172,0.055
43.272404358469736,0.055
43.27245235923775,0.06
43.27250036000576,0.055
43.27254836077377,0.06
43.27259636154178,0.055
43.2726443623098,0.049999997
43.27269236307781,0.055
43.27274036384582,0.055
43.27278836461383,0.055
43.27283636538184,0.06
43.27288436614985,0.055
43.27293236691787,0.06
43.27298036768588,0.055
43.27302836845389,0.06
43.273076369221904,0.055
43.273124369989915,0.06
43.273172370757926,0.06
43.273220371525944,0.055
43.273268372293956,0.055
43.27331637306197,0.055
43.27336437382998,0.055
43.27341237459799,0.055
43.273460375366,0.055
43.27350837613402,0.049999997
43.27355637690203,0.049999997
43.27360437767004,0.055
43.27365237843805,0.055
43.27370037920606,0.055
43.27374837997408,0.06
43.27379638074209,0.055
43.2738443815101,0.055
43.27389238227811,0.055
43.273940383046124,0.049999997
43.273988383814135,0.044999998
43.27403638458215,0.055
43.274084385350164,0.049999997
43.274132386118175,0.055
43.27418038688619,0.049999997
43.2742283876542,0.055
43.27427638842221,0.049999997
43.27432438919023,0.055
43.27437238995824,0.049999997
43.27442039072625,0.055
43.27446839149426,0.049999997
43.27451639226227,0.055
43.27456439303029,0.044999998
43.2746123937983,0.065
43.27466039456631,0.049999997
43.27470839533432,0.055
43.27475639610233,0.049999997
43.274804396870344,0.055
43.27485239763836,0.049999997
43.27490039840637,0.06
43.274948399174384,0.055
43.274996399942395,0.055
43.27504440071041,0.06
43.27509240147842,0.06
43.275140402246436,0.055
43.27518840301445,0.055
43.27523640378246,0.049999997
43.27528440455047,0.06
43.27533240531848,0.055
43.2753804060865,0.055
43.27542840685451,0.055
43.27547640762252,0.06
43.27552440839053,0.049999997
43.27557240915854,0.055
43.27562040992655,0.049999997
43.27566841069457,0.049999997
43.27571641146258,0.055
43.27576441223059,0.06
43.275812412998604,0.06
43.275860413766615,0.049999997
43.275908414534626,0.049999997
43.275956415302645,0.055
43.276004416070656,0.049999997
43.27605241683867,0.055
43.27610041760668,0.055
43.27614841837469,0.049999997
43.27619641914271,0.06
43.27624441991072,0.044999998
43.27629242067873,0.055
43.27634042144674,0.049999997
43.27638842221475,0.055
43.27643642298276,0.044999998
43.27648442375078,0.06
43.27653242451879,0.055
43.2765804252868,0.055
43.27662842605481,0.049999997
43.276676426822824,0.06
43.276724427590835,0.049999997
43.27677242835885,0.06
43.276820429126865,0.055
43.276868429894876,0.06
43.27691643066289,0.055
43.2769644314309,0.065
43.277012432198916,0.055
43.27706043296693,0.06
43.27710843373494,0.055
43.27715643450295,0.065
43.27720443527096,0.055
43.27725243603897,0.06
43.27730043680699,0.055
43.277348437575,0.065
43.27739643834301,0.055
43.27744443911102,0.06
43.27749243987903,0.055
43.277540440647044,0.06
43.27758844141506,0.06
43.27763644218307,0.055
43.277684442951085,0.049999997
43.277732443719096,0.049999997
43.27778044448711,0.055
43.277828445255125,0.049999997
43.277876446023136,0.055
43.27792444679115,0.055
43.27797244755916,0.055
43.27802044832717,0.055
43.27806844909518,0.049999997
43.2781164498632,0.055
43.27816445063121,0.055
43.27821245139922,0.055
43.27826045216723,0.055
43.27830845293524,0.055
43.27835645370325,0.055
43.27840445447127,0.055
43.27845245523928,0.055
43.27850045600729,0.055
43.278548456775304,0.055
43.278596457543316,0.055
43.278644458311334,0.055
43.278692459079345,0.055
43.278740459847356,0.055
43.27878846061537,0.049999997
43.27883646138338,0.055
43.27888446215139,0.049999997
43.27893246291941,0.055
43.27898046368742,0.055
43.27902846445543,0.055
43.27907646522344,0.055
43.27912446599145,0.055
43.27917246675946,0.055
43.27922046752748,0.055
43.27926846829549,0.055
43.2793164690635,0.044999998
43.27936446983151,0.049999997
43.279412470599524,0.055
43.27946047136754,0.049999997
43.279508472135554,0.055
43.279556472903565,0.049999997
43.279604473671576,0.06
43.27965247443959,0.055
43.2797004752076,0.06
43.279748475975616,0.055
43.27979647674363,0.055
43.27984447751164,0.049999997
43.27989247827965,0.055
43.27994047904766,0.049999997
43.27998847981567,0.055
43.28003648058369,0.044999998
43.2800844813517,0.055
43.28013248211971,0.055
43.28018048288772,0.055
43.28022848365573,0.055
43.28027648442375,0.055
43.28032448519176,0.055
43.280372485959774,0.055
43.280420486727785,0.055
43.280468487495796,0.055
43.28051648826381,0.055
43.280564489031825,0.049999997
43.280612489799836,0.055
43.28066049056785,0.055
43.28070849133586,0.049999997
43.28075649210387,0.049999997
43.28080449287188,0.049999997
43.2808524936399,0.049999997
43.28090049440791,0.055
43.28094849517592,0.055
43.28099649594393,0.049999997
43.28104449671194,0.049999997
43.28109249747996,0.049999997
43.28114049824797,0.055
43.28118849901598,0.055
43.281236499783994,0.049999997
43.281284500552005,0.055
43.281332501320016,0.055
43.281380502088034,0.055
43.281428502856045,0.055
43.281476503624056,0.049999997
43.28152450439207,0.055
43.28157250516008,0.055
43.28162050592809,0.055
43.28166850669611,0.049999997
43.28171650746412,0.055
43.28176450823213,0.049999997
43.28181250900014,0.06
43.28186050976815,0.055
43.28190851053617,0.044999998
43.28195651130418,0.055
43.28200451207219,0.055
43.2820525128402,0.049999997
43.28210051360821,0.049999997
43.282148514376225,0.055
43.28219651514424,0.055
43.282244515912254,0.049999997
43.282292516680265,0.055
43.282340517448276,0.055
43.28238851821629,0.049999997
43.2824365189843,0.055
43.282484519752316,0.049999997
43.28253252052033,0.06
43.28258052128834,0.055
43.28262852205635,0.055
43.28267652282436,0.049999997
43.28272452359238,0.055
43.28277252436039,0.055
43.2828205251284,0.055
43.28286852589641,0.055
43.28291652666442,0.055
43.28296452743243,0.055
43.28301252820045,0.065
43.28306052896846,0.049999997
43.283108529736474,0.06
43.283156530504485,0.06
43.283204531272496,0.06
43.28325253204051,0.055
43.283300532808525,0.06
43.283348533576536,0.049999997
43.28339653434455,0.06
43.28344453511256,0.049999997
43.28349253588057,0.06
43.28354053664859,0.049999997
43.2835885374166,0.055
43.28363653818461,0.049999997
43.28368453895262,0.055
43.28373253972063,0.049999997
43.28378054048864,0.06
43.28382854125666,0.055
43.28387654202467,0.06
43.28392454279268,0.055
43.283972543560694,0.055
43.284020544328705,0.055
43.284068545096716,0.06
43.284116545864734,0.055
43.284164546632745,0.06
43.284212547400756,0.055
43.28426054816877,0.06
43.28430854893678,0.049999997
43.28435654970479,0.06
43.28440455047281,0.055
43.28445255124082,0.06
43.28450055200883,0.055
43.28454855277684,0.06
43.28459655354485,0.049999997
43.28464455431287,0.06
43.28469255508088,0.055
43.28474055584889,0.065
43.2847885566169,0.055
43.284836557384914,0.06
43.284884558152925,0.055
43.28493255892094,0.06
43.284980559688954,0.055
43.285028560456965,0.055
43.285076561224976,0.055
43.28512456199299,0.06
43.285172562761,0.055
43.285220563529016,0.049999997
43.28526856429703,0.055
43.28531656506504,0.06
43.28536456583305,0.055
43.28541256660106,0.065
43.28546056736908,0.06
43.28550856813709,0.06
43.2855565689051,0.049999997
43.28560456967311,0.06
43.28565257044112,0.055
43.285700571209134,0.065
43.28574857197715,0.055
43.28579657274516,0.055
43.285844573513174,0.055
43.285892574281185,0.055
43.285940575049196,0.06
43.28598857581721,0.049999997
43.286036576585225,0.06
43.286084577353236,0.055
43.28613257812125,0.06
43.28618057888926,0.06
43.28622857965727,0.065
43.28627658042529,0.055
43.2863245811933,0.049999997
43.28637258196131,0.055
43.28642058272932,0.055
43.28646858349733,0.055
43.28651658426534,0.055
43.28656458503336,0.055
43.28661258580137,0.055
43.28666058656938,0.06
43.286708587337394,0.055
43.286756588105405,0.055
43.286804588873416,0.06
43.286852589641434,0.055
43.286900590409445,0.055
43.286948591177456,0.055
43.28699659194547,0.055
43.28704459271348,0.049999997
43.287092593481496,0.055
43.28714059424951,0.055
43.28718859501752,0.055
43.28723659578553,0.055
43.28728459655354,0.055
43.28733259732155,0.055
43.28738059808957,0.055
43.28742859885758,0.055
43.28747659962559,0.049999997
43.2875246003936,0.055
43.287572601161614,0.049999997
43.287620601929625,0.049999997
43.28766860269764,0.049999997
43.287716603465654,0.055
43.287764604233665,0.055
43.287812605001676,0.06
43.28786060576969,0.055
43.287908606537705,0.06
43.287956607305716,0.055
43.28800460807373,0.055
43.28805260884174,0.055
43.28810060960975,0.06
43.28814861037776,0.055
43.28819661114578,0.044999998
43.28824461191379,0.055
43.2882926126818,0.044999998
43.28834061344981,0.055
43.28838861421782,0.055
43.288436614985834,0.055
43.28848461575385,0.055
43.28853261652186,0.06
43.288580617289874,0.055
43.288628618057885,0.06
43.288676618825896,0.055
43.288724619593914,0.055
43.288772620361925,0.055
43.288820621129936,0.06
43.28886862189795,0.055
43.28891662266596,0.055
43.28896462343397,0.049999997
43.28901262420199,0.055
43.28906062497,0.049999997
43.28910862573801,0.055
43.28915662650602,0.049999997
43.28920462727403,0.055
43.28925262804204,0.049999997
43.28930062881006,0.055
43.28934862957807,0.049999997
43.28939663034608,0.049999997
43.289444631114094,0.049999997
43.289492631882105,0.055
43.28954063265012,0.055
43.289588633418134,0.06
43.289636634186145,0.049999997
43.289684634954156,0.049999997
43.28973263572217,0.049999997
43.28978063649018,0.055
43.289828637258196,0.049999997
43.28987663802621,0.055
43.28992463879422,0.049999997
43.28997263956223,0.06
43.29002064033024,0.049999997
43.29006864109825,0.06
43.29011664186627,0.049999997
43.29016464263428,0.06
43.29021264340229,0.049999997
43.2902606441703,0.06
43.290308644938314,0.055
43.29035664570633,0.049999997
43.29040464647434,0.055
43.290452647242354,0.06
43.290500648010365,0.055
43.290548648778376,0.055
43.29059664954639,0.055
43.290644650314405,0.06
43.290692651082416,0.055
43.29074065185043,0.055
43.29078865261844,0.06
43.29083665338645,0.049999997
43.29088465415446,0.055
43.29093265492248,0.055
43.29098065569049,0.055
43.2910286564585,0.049999997
43.29107665722651,0.06
43.29112465799452,0.049999997
43.29117265876254,0.049999997
43.29122065953055,0.055
43.29126866029856,0.055
43.291316661066574,0.055
43.291364661834585,0.055
43.291412662602596,0.055
43.291460663370614,0.055
43.291508664138625,0.049999997
43.291556664906636,0.055
43.29160466567465,0.049999997
43.29165266644266,0.049999997
43.29170066721067,0.049999997
43.29174866797869,0.055
43.2917966687467,0.049999997
43.29184466951471,0.055
43.29189267028272,0.049999997
43.29194067105073,0.049999997
43.29198867181875,0.049999997
43.29203667258676,0.055
43.29208467335477,0.049999997
43.29213267412278,0.055
43.292180674890794,0.055
43.292228675658805,0.055
43.29227667642682,0.055
43.292324677194834,0.055
43.292372677962845,0.055
43.292420678730856,0.055
43.29246867949887,0.049999997
43.29251668026688,0.055
43.2925646810349,0.055
43.29261268180291,0.055
43.29266068257092,0.055
43.29270868333893,0.055
43.29275668410694,0.049999997
43.29280468487496,0.049999997
43.29285268564297,0.055
43.29290068641098,0.049999997
43.29294868717899,0.049999997
43.292996687947,0.055
43.293044688715014,0.049999997
43.29309268948303,0.055
43.29314069025104,0.049999997
43.293188691019054,0.055
43.293236691787065,0.049999997
43.293284692555076,0.049999997
43.29333269332309,0.049999997
43.293380694091105,0.055
43.29342869485912,0.049999997
43.29347669562713,0.055
43.29352469639514,0.049999997
43.29357269716315,0.055
43.29362069793117,0.055
43.29366869869918,0.055
43.29371669946719,0.049999997
43.2937647002352,0.055
43.29381270100321,0.049999997
43.29386070177122,0.06
43.29390870253924,0.055
43.29395670330725,0.06
43.29400470407526,0.055
43.294052704843274,0.06
43.294100705611285,0.055
43.294148706379296,0.06
43.294196707147314,0.06
43.294244707915325,0.055
43.29429270868334,0.055
43.29434070945135,0.049999997
43.29438871021936,0.055
43.29443671098738,0.055
43.29448471175539,0.06
43.2945327125234,0.055
43.29458071329141,0.06
43.29462871405942,0.055
43.29467671482743,0.055
43.29472471559545,0.055
43.29477271636346,0.055
43.29482071713147,0.055
43.29486871789948,0.049999997
43.294916718667494,0.055
43.294964719435505,0.055
43.29501272020352,0.049999997
43.295060720971534,0.055
43.295108721739545,0.06
43.295156722507556,0.055
43.29520472327557,0.055
43.29525272404358,0.055
43.2953007248116,0.055
43.29534872557961,0.055
43.29539672634762,0.055
43.29544472711563,0.055
43.29549272788364,0.049999997
43.29554072865166,0.055
43.29558872941967,0.049999997
43.29563673018768,0.055
43.29568473095569,0.055
43.2957327317237,0.049999997
43.295780732491714,0.06
43.29582873325973,0.055
43.29587673402774,0.055
43.295924734795754,0.055
43.295972735563765,0.055
43.296020736331776,0.049999997
43.29606873709979,0.049999997
43.296116737867806,0.055
43.29616473863582,0.055
43.29621273940383,0.055
43.29626074017184,0.049999997
43.29630874093985,0.049999997
43.29635674170787,0.049999997
43.29640474247588,0.049999997
43.29645274324389,0.055
43.2965007440119,0.049999997
43.29654874477991,0.06
43.29659674554792,0.055
43.29664474631594,0.065
43.29669274708395,0.055
43.29674074785196,0.049999997
43.296788748619974,0.06
43.296836749387985,0.055
43.296884750155996,0.049999997
43.296932750924014,0.055
43.296980751692026,0.055
43.29702875246004,0.055
43.29707675322805,0.055
43.29712475399606,0.06
43.29717275476408,0.06
43.29722075553209,0.06
43.2972687563001,0.055
43.29731675706811,0.049999997
43.29736475783612,0.055
43.29741275860413,0.049999997
43.29746075937215,0.055
43.29750876014016,0.049999997
43.29755676090817,0.055
43.29760476167618,0.049999997
43.297652762444194,0.049999997
43.297700763212205,0.049999997
43.29774876398022,0.055
43.297796764748234,0.049999997
43.297844765516246,0.055
43.29789276628426,0.055
43.29794076705227,0.049999997
43.297988767820286,0.06
43.2980367685883,0.06
43.29808476935631,0.06
43.29813277012432,0.049999997
43.29818077089233,0.055
43.29822877166034,0.055
43.29827677242836,0.055
43.29832477319637,0.049999997
43.29837277396438,0.055
43.29842077473239,0.049999997
43.2984687755004,0.055
43.298516776268414,0.049999997
43.29856477703643,0.049999997
43.29861277780444,0.049999997
43.298660778572454,0.049999997
43.298708779340465,0.055
43.29875678010848,0.049999997
43.298804780876495,0.055
43.298852781644506,0.055
43.29890078241252,0.049999997
43.29894878318053,0.049999997
43.29899678394854,0.055
43.29904478471655,0.049999997
43.29909278548457,0.06
43.29914078625258,0.049999997
43.29918878702059,0.06
43.2992367877886,0.055
43.29928478855661,0.06
43.29933278932462,0.055
43.29938079009264,0.065
43.29942879086065,0.055
43.29947679162866,0.055
43.299524792396674,0.055
43.299572793164685,0.049999997
43.299620793932704,0.055
43.299668794700715,0.055
43.299716795468726,0.055
43.29976479623674,0.055
43.29981279700475,0.055
43.29986079777276,0.06
43.29990879854078,0.055
43.29995679930879,0.055
43.3000048000768,0.055
43.30005280084481,0.055
43.30010080161282,0.055
43.30014880238083,0.055
43.30019680314885,0.06
43.30024480391686,0.055
43.30029280468487,0.055
43.30034080545288,0.055
43.300388806220894,0.055
43.30043680698891,0.055
43.30048480775692,0.055
43.300532808524935,0.06
43.300580809292946,0.055
43.30062881006096,0.06
43.30067681082897,0.049999997
43.300724811596986,0.06
43.300772812365,0.055
43.30082081313301,0.055
43.30086881390102,0.06
43.30091681466903,0.055
43.30096481543704,0.055
43.30101281620506,0.049999997
43.30106081697307,0.055
43.30110881774108,0.049999997
43.30115681850909,0.06
43.3012048192771,0.055
43.30125282004512,0.06
43.30130082081313,0.055
43.30134882158114,0.06
43.301396822349155,0.055
43.301444823117166,0.055
43.30149282388518,0.055
43.301540824653195,0.049999997
43.301588825421206,0.055
43.30163682618922,0.055
43.30168482695723,0.049999997
43.30173282772524,0.055
43.30178082849325,0.055
43.30182882926127,0.055
43.30187683002928,0.049999997
43.30192483079729,0.055
43.3019728315653,0.055
43.30202083233331,0.055
43.30206883310133,0.055
43.30211683386934,0.055
43.30216483463735,0.049999997
43.30221283540536,0.06
43.302260836173375,0.055
43.302308836941386,0.049999997
43.302356837709404,0.055
43.302404838477415,0.055
43.302452839245426,0.049999997
43.30250084001344,0.049999997
43.30254884078145,0.055
43.30259684154946,0.049999997
43.30264484231748,0.049999997
43.30269284308549,0.049999997
43.3027408438535,0.055
43.30278884462151,0.049999997
43.30283684538952,0.055
43.30288484615754,0.049999997
43.30293284692555,0.055
43.30298084769356,0.055
43.30302884846157,0.049999997
43.30307684922958,0.055
43.303124849997594,0.049999997
43.30317285076561,0.055
43.303220851533624,0.049999997
43.303268852301635,0.055
43.303316853069646,0.055
43.30336485383766,0.055
43.30341285460567,0.055
43.303460855373686,0.055
43.3035088561417,0.055
43.30355685690971,0.055
43.30360485767772,0.06
43.30365285844573,0.055
43.30370085921375,0.055
43.30374885998176,0.049999997
43.30379686074977,0.055
43.30384486151778,0.055
43.30389286228579,0.055
43.3039408630538,0.055
43.30398886382182,0.049999997
43.30403686458983,0.06
43.304084865357844,0.049999997
43.304132866125855,0.055
43.304180866893866,0.055
43.30422886766188,0.06
43.304276868429895,0.055
43.304324869197906,0.06
43.30437286996592,0.055
43.30442087073393,0.049999997
43.30446887150194,0.055
43.30451687226996,0.049999997
43.30456487303797,0.055
43.30461287380598,0.055
43.30466087457399,0.06
43.304708875342,0.055
43.30475687611001,0.055
43.30480487687803,0.055
43.30485287764604,0.055
43.30490087841405,0.055
43.304948879182064,0.049999997
43.304996879950075,0.055
43.305044880718086,0.049999997
43.305092881486104,0.055
43.305140882254115,0.055
43.305188883022126,0.049999997
43.30523688379014,0.055
43.30528488455815,0.055
43.305332885326166,0.055
43.30538088609418,0.055
43.30542888686219,0.055
43.3054768876302,0.055
43.30552488839821,0.055
43.30557288916622,0.055
43.30562088993424,0.055
43.30566889070225,0.049999997
43.30571689147026,0.049999997
43.30576489223827,0.055
43.305812893006284,0.055
43.305860893774295,0.055
43.30590889454231,0.055
43.305956895310324,0.049999997
43.306004896078335,0.06
43.306052896846346,0.055
43.30610089761436,0.055
43.30614889838237,0.049999997
43.306196899150386,0.055
43.3062448999184,0.055
43.30629290068641,0.055
43.30634090145442,0.049999997
43.30638890222243,0.049999997
43.30643690299045,0.06
43.30648490375846,0.055
43.30653290452647,0.049999997
43.30658090529448,0.06
43.30662890606249,0.055
43.3066769068305,0.049999997
43.30672490759852,0.055
43.30677290836653,0.049999997
43.306820909134544,0.055
43.306868909902555,0.049999997
43.306916910670566,0.049999997
43.30696491143858,0.055
43.307012912206595,0.055
43.307060912974606,0.049999997
43.30710891374262,0.055
43.30715691451063,0.049999997
43.30720491527864,0.049999997
43.30725291604666,0.06
43.30730091681467,0.055
43.30734891758268,0.06
43.30739691835069,0.055
43.3074449191187,0.055
43.30749291988671,0.055
43.30754092065473,0.049999997
43.30758892142274,0.055
43.30763692219075,0.049999997
43.307684922958764,0.06
43.307732923726775,0.049999997
43.307780924494786,0.055
43.307828925262804,0.049999997
43.307876926030815,0.049999997
43.307924926798826,0.055
43.30797292756684,0.055
43.30802092833485,0.06
43.308068929102866,0.055
43.30811692987088,0.06
43.30816493063889,0.049999997
43.3082129314069,0.055
43.30826093217491,0.055
43.30830893294292,0.055
43.30835693371094,0.055
43.30840493447895,0.055
43.30845293524696,0.055
43.30850093601497,0.055
43.308548936782984,0.055
43.308596937550995,0.049999997
43.30864493831901,0.049999997
43.308692939087024,0.049999997
43.308740939855035,0.049999997
43.308788940623046,0.055
43.30883694139106,0.055
43.308884942159075,0.055
43.308932942927086,0.049999997
43.3089809436951,0.055
43.30902894446311,0.055
43.30907694523112,0.06
43.30912494599913,0.049999997
43.30917294676715,0.055
43.30922094753516,0.055
43.30926894830317,0.049999997
43.30931694907118,0.049999997
43.30936494983919,0.049999997
43.309412950607204,0.055
43.30946095137522,0.055
43.30950895214323,0.055
43.309556952911244,0.049999997
43.309604953679255,0.055
43.309652954447266,0.055
43.309700955215284,0.049999997
43.309748955983295,0.055
43.309796956751306,0.055
43.30984495751932,0.055
43.30989295828733,0.049999997
43.30994095905534,0.055
43.30998895982336,0.049999997
43.31003696059137,0.049999997
43.31008496135938,0.049999997
43.31013296212739,0.055
43.3101809628954,0.049999997
43.31022896366341,0.055
43.31027696443143,0.055
43.31032496519944,0.055
43.31037296596745,0.055
43.310420966735464,0.055
43.310468967503475,0.055
43.31051696827149,0.049999997
43.310564969039504,0.055
43.310612969807515,0.049999997
43.310660970575526,0.055
43.31070897134354,0.055
43.31075697211155,0.055
43.310804972879566,0.049999997
43.31085297364758,0.055
43.31090097441559,0.055
43.3109489751836,0.055
43.31099697595161,0.049999997
43.31104497671962,0.06
43.31109297748764,0.055
43.31114097825565,0.06
43.31118897902366,0.049999997
43.31123697979167,0.055
43.311284980559684,0.055
43.3113329813277,0.06
43.31138098209571,0.049999997
43.311428982863724,0.06
43.311476983631735,0.049999997
43.311524984399746,0.055
43.31157298516776,0.049999997
43.311620985935775,0.055
43.311668986703786,0.049999997
43.3117169874718,0.06
43.31176498823981,0.055
43.31181298900782,0.055
43.31186098977583,0.055
43.31190899054385,0.06
43.31195699131186,0.06
43.31200499207987,0.055
43.31205299284788,0.06
43.31210099361589,0.049999997
43.31214899438391,0.06
43.31219699515192,0.049999997
43.31224499591993,0.055
43.312292996687944,0.055
43.312340997455955,0.049999997
43.312388998223966,0.055
43.312436998991984,0.055
43.312484999759995,0.055
43.312533000528006,0.055
43.31258100129602,0.055
43.31262900206403,0.055
43.31267700283204,0.06
43.31272500360006,0.055
43.31277300436807,0.055
43.31282100513608,0.055
43.31286900590409,0.055
43.3129170066721,0.049999997
43.31296500744012,0.055
43.31301300820813,0.055
43.31306100897614,0.055
43.31310900974415,0.06
43.313157010512164,0.055
43.313205011280175,0.055
43.31325301204819,0.049999997
43.313301012816204,0.055
43.313349013584215,0.049999997
43.313397014352226,0.055
43.31344501512024,0.055
43.31349301588825,0.055
43.313541016656266,0.049999997
43.31358901742428,0.055
43.31363701819229,0.049999997
43.3136850189603,0.055
43.31373301972831,0.055
43.31378102049633,0.055
43.31382902126434,0.06
43.31387702203235,0.049999997
43.31392502280036,0.055
43.31397302356837,0.055
43.314021024336384,0.049999997
43.3140690251044,0.055
43.31411702587241,0.055
43.314165026640424,0.055
43.314213027408435,0.049999997
43.314261028176446,0.06
43.31430902894446,0.049999997
43.314357029712475,0.065
43.314405030480486,0.055
43.3144530312485,0.06
43.31450103201651,0.055
43.31454903278452,0.06
43.31459703355254,0.055
43.31464503432055,0.049999997
43.31469303508856,0.055
43.31474103585657,0.06
43.31478903662458,0.055
43.31483703739259,0.06
43.31488503816061,0.055
43.31493303892862,0.055
43.31498103969663,0.049999997
43.315029040464644,0.055
43.315077041232655,0.055
43.315125042000666,0.055
43.315173042768684,0.055
43.315221043536695,0.055
43.315269044304706,0.055
43.31531704507272,0.055
43.31536504584073,0.049999997
43.31541304660875,0.049999997
43.31546104737676,0.055
43.31550904814477,0.049999997
43.31555704891278,0.06
43.31560504968079,0.049999997
43.3156530504488,0.049999997
43.31570105121682,0.055
43.31574905198483,0.049999997
43.31579705275284,0.049999997
43.31584505352085,0.049999997
43.315893054288864,0.049999997
43.315941055056875,0.049999997
43.31598905582489,0.049999997
43.316037056592904,0.055
43.316085057360915,0.055
43.316133058128926,0.055
43.31618105889694,0.055
43.316229059664956,0.049999997
43.31627706043297,0.06
43.31632506120098,0.049999997
43.31637306196899,0.055
43.316421062737,0.055
43.31646906350501,0.06
43.31651706427303,0.06
43.31656506504104,0.055
43.31661306580905,0.055
43.31666106657706,0.055
43.31670906734507,0.06
43.316757068113084,0.06
43.3168050688811,0.06
43.31685306964911,0.055
43.316901070417124,0.055
43.316949071185135,0.055
43.316997071953146,0.055
43.31704507272116,0.055
43.317093073489175,0.055
43.31714107425719,0.049999997
43.3171890750252,0.055
43.31723707579321,0.049999997
43.31728507656122,0.055
43.31733307732924,0.055
43.31738107809725,0.055
43.31742907886526,0.055
43.31747707963327,0.055
43.31752508040128,0.055
43.31757308116929,0.055
43.31762108193731,0.049999997
43.31766908270532,0.055
43.31771708347333,0.049999997
43.317765084241344,0.055
43.317813085009355,0.049999997
43.317861085777366,0.055
43.317909086545384,0.049999997
43.317957087313395,0.055
43.31800508808141,0.049999997
43.31805308884942,0.055
43.31810108961743,0.049999997
43.31814909038545,0.055
43.31819709115346,0.049999997
43.31824509192147,0.055
43.31829309268948,0.049999997
43.31834109345749,0.055
43.3183890942255,0.049999997
43.31843709499352,0.055
43.31848509576153,0.055
43.31853309652954,0.06
43.31858109729755,0.055
43.318629098065564,0.055
43.318677098833575,0.049999997
43.31872509960159,0.055
43.318773100369604,0.049999997
43.318821101137615,0.055
43.31886910190563,0.055
43.31891710267364,0.055
43.318965103441656,0.055
43.31901310420967,0.055
43.31906110497768,0.055
43.31910910574569,0.055
43.3191571065137,0.049999997
43.31920510728171,0.055
43.31925310804973,0.055
43.31930110881774,0.055
43.31934910958575,0.055
43.31939711035376,0.055
43.31944511112177,0.049999997
43.319493111889784,0.055
43.3195411126578,0.055
43.31958911342581,0.055
43.319637114193824,0.055
43.319685114961835,0.055
43.319733115729846,0.055
43.319781116497865,0.055
43.319829117265876,0.049999997
43.31987711803389,0.055
43.3199251188019,0.049999997
43.31997311956991,0.055
43.32002112033792,0.049999997
43.32006912110594,0.049999997
43.32011712187395,0.055
43.32016512264196,0.055
43.32021312340997,0.055
43.32026112417798,0.049999997
43.32030912494599,0.049999997
43.32035712571401,0.049999997
43.32040512648202,0.055
43.32045312725003,0.049999997
43.320501128018044,0.049999997
43.320549128786055,0.055
43.32059712955407,0.049999997
43.320645130322085,0.049999997
43.320693131090096,0.049999997
43.32074113185811,0.055
43.32078913262612,0.055
43.32083713339413,0.055
43.32088513416215,0.055
43.32093313493016,0.055
43.32098113569817,0.055
43.32102913646618,0.055
43.32107713723419,0.055
43.3211251380022,0.055
43.32117313877022,0.06
43.32122113953823,0.055
43.32126914030624,0.049999997
43.32131714107425,0.055
43.321365141842264,0.055
43.32141314261028,0.055
43.32146114337829,0.049999997
43.321509144146304,0.055
43.321557144914316,0.049999997
43.32160514568233,0.055
43.32165314645034,0.049999997
43.321701147218356,0.06
43.32174914798637,0.055
43.32179714875438,0.06
43.32184514952239,0.049999997
43.3218931502904,0.049999997
43.32194115105841,0.049999997
43.32198915182643,0.049999997
43.32203715259444,0.049999997
43.32208515336245,0.06
43.32213315413046,0.055
43.32218115489847,0.055
43.32222915566649,0.06
43.3222771564345,0.055
43.32232515720251,0.055
43.322373157970524,0.055
43.322421158738535,0.055
43.32246915950655,0.049999997
43.322517160274565,0.049999997
43.322565161042576,0.049999997
43.32261316181059,0.049999997
43.3226611625786,0.055
43.32270916334661,0.055
43.32275716411462,0.055
43.32280516488264,0.049999997
43.32285316565065,0.055
43.32290116641866,0.049999997
43.32294916718667,0.055
43.32299716795468,0.049999997
43.3230451687227,0.06
43.32309316949071,0.055
43.32314117025872,0.049999997
43.32318917102673,0.06
43.323237171794744,0.055
43.323285172562755,0.06
43.323333173330774,0.055
43.323381174098785,0.06
43.323429174866796,0.055
43.32347717563481,0.055
43.32352517640282,0.055
43.32357317717083,0.055
43.32362117793885,0.055
43.32366917870686,0.049999997
43.32371717947487,0.055
43.32376518024288,0.055
43.32381318101089,0.055
43.32386118177891,0.055
43.32390918254692,0.049999997
43.32395718331493,0.06
43.32400518408294,0.055
43.32405318485095,0.055
43.324101185618964,0.055
43.32414918638698,0.06
43.324197187154994,0.055
43.324245187923005,0.049999997
43.324293188691016,0.055
43.32434118945903,0.06
43.32438919022704,0.055
43.324437190995056,0.049999997
43.32448519176307,0.049999997
43.32453319253108,0.055
43.32458119329909,0.055
43.3246291940671,0.055
43.32467719483512,0.049999997
43.32472519560313,0.055
43.32477319637114,0.055
43.32482119713915,0.049999997
43.32486919790716,0.049999997
43.32491719867517,0.055
43.32496519944319,0.06
43.3250132002112,0.055
43.32506120097921,0.049999997
43.325109201747225,0.055
43.325157202515236,0.055
43.32520520328325,0.049999997
43.325253204051265,0.055
43.325301204819276,0.055
43.32534920558729,0.055
43.3253972063553,0.06
43.32544520712331,0.055
43.32549320789133,0.055
43.32554120865934,0.055
43.32558920942735,0.055
43.32563721019536,0.055
43.32568521096337,0.055
43.32573321173138,0.049999997
43.3257812124994,0.055
43.32582921326741,0.044999998
43.32587721403542,0.049999997
43.32592521480343,0.06
43.325973215571445,0.055
43.326021216339456,0.06
43.326069217107474,0.055
43.326117217875485,0.055
43.326165218643496,0.055
43.32621321941151,0.049999997
43.32626122017952,0.055
43.326309220947536,0.055
43.32635722171555,0.049999997
43.32640522248356,0.055
43.32645322325157,0.055
43.32650122401958,0.049999997
43.32654922478759,0.049999997
43.32659722555561,0.049999997
43.32664522632362,0.055
43.32669322709163,0.049999997
43.32674122785964,0.049999997
43.32678922862765,0.055
43.326837229395665,0.049999997
43.32688523016368,0.055
43.326933230931694,0.049999997
43.326981231699705,0.06
43.327029232467716,0.055
43.32707723323573,0.049999997
43.327125234003745,0.049999997
43.327173234771756,0.055
43.32722123553977,0.055
43.32726923630778,0.055
43.32731723707579,0.055
43.3273652378438,0.06
43.32741323861182,0.055
43.32746123937983,0.06
43.32750924014784,0.055
43.32755724091585,0.055
43.32760524168386,0.049999997
43.32765324245187,0.065
43.32770124321989,0.055
43.3277492439879,0.06
43.327797244755914,0.055
43.327845245523925,0.049999997
43.327893246291936,0.049999997
43.32794124705995,0.049999997
43.327989247827965,0.055
43.328037248595976,0.049999997
43.32808524936399,0.049999997
43.328133250132,0.055
43.32818125090001,0.055
43.32822925166803,0.055
43.32827725243604,0.055
43.32832525320405,0.055
43.32837325397206,0.055
43.32842125474007,0.055
43.32846925550808,0.055
43.3285172562761,0.055
43.32856525704411,0.049999997
43.32861325781212,0.055
43.328661258580134,0.055
43.328709259348145,0.055
43.328757260116156,0.055
43.328805260884174,0.06
43.328853261652185,0.055
43.328901262420196,0.055
43.32894926318821,0.055
43.32899726395622,0.055
43.329045264724236,0.049999997
43.32909326549225,0.055
43.32914126626026,0.055
43.32918926702827,0.055
43.32923726779628,0.055
43.32928526856429,0.055
43.32933326933231,0.06
43.32938127010032,0.055
43.32942927086833,0.055
43.32947727163634,0.06
43.329525272404354,0.055
43.329573273172365,0.055
43.32962127394038,0.055
43.329669274708394,0.055
43.329717275476405,0.049999997
43.329765276244416,0.055
43.32981327701243,0.055
43.329861277780445,0.055
43.329909278548456,0.055
43.32995727931647,0.055
43.33000528008448,0.055
43.33005328085249,0.055
43.3301012816205,0.055
43.33014928238852,0.055
43.33019728315653,0.055
43.33024528392454,0.055
43.33029328469255,0.049999997
43.33034128546056,0.049999997
43.330389286228574,0.055
43.33043728699659,0.049999997
43.3304852877646,0.049999997
43.330533288532614,0.055
43.330581289300625,0.055
43.330629290068636,0.049999997
43.330677290836654,0.055
43.330725291604665,0.055
43.330773292372676,0.044999998
43.33082129314069,0.055
43.3308692939087,0.055
43.33091729467671,0.049999997
43.33096529544473,0.055
43.33101329621274,0.055
43.33106129698075,0.06
43.33110929774876,0.049999997
43.33115729851677,0.055
43.33120529928478,0.049999997
43.3312533000528,0.06
43.33130130082081,0.055
43.33134930158882,0.06
43.331397302356834,0.055
43.331445303124845,0.06
43.33149330389286,0.055
43.331541304660874,0.055
43.331589305428885,0.049999997
43.331637306196896,0.055
43.33168530696491,0.055
43.33173330773292,0.06
43.331781308500936,0.055
43.33182930926895,0.055
43.33187731003696,0.055
43.33192531080497,0.055
43.33197331157298,0.055
43.33202131234099,0.055
43.33206931310901,0.055
43.33211731387702,0.055
43.33216531464503,0.06
43.33221331541304,0.055
43.332261316181054,0.055
43.33230931694907,0.049999997
43.33235731771708,0.055
43.332405318485094,0.055
43.332453319253105,0.055
43.332501320021116,0.055
43.33254932078913,0.055
43.332597321557145,0.049999997
43.332645322325156,0.049999997
43.33269332309317,0.049999997
43.33274132386118,0.055
43.33278932462919,0.06
43.3328373253972,0.055
43.33288532616522,0.049999997
43.33293332693323,0.055
43.33298132770124,0.055
43.33302932846925,0.055
43.33307732923726,0.055
43.33312533000528,0.055
43.33317333077329,0.055
43.3332213315413,0.06
43.333269332309314,0.049999997
43.333317333077325,0.044999998
43.333365333845336,0.055
43.333413334613354,0.049999997
43.333461335381365,0.055
43.333509336149376,0.055
43.33355733691739,0.055
43.3336053376854,0.055
43.33365333845341,0.055
43.33370133922143,0.055
43.33374933998944,0.055
43.33379734075745,0.049999997
43.33384534152546,0.055
43.33389334229347,0.055
43.33394134306149,0.055
43.3339893438295,0.055
43.33403734459751,0.049999997
43.33408534536552,0.055
43.334133346133534,0.049999997
43.334181346901545,0.055
43.33422934766956,0.049999997
43.334277348437574,0.049999997
43.334325349205585,0.055
43.334373349973596,0.06
43.33442135074161,0.055
43.33446935150962,0.055
43.334517352277636,0.049999997
43.33456535304565,0.055
43.33461335381366,0.049999997
43.33466135458167,0.049999997
43.33470935534968,0.055
43.3347573561177,0.049999997
43.33480535688571,0.049999997
43.33485335765372,0.06
43.33490135842173,0.055
43.33494935918974,0.055
43.334997359957754,0.049999997
43.33504536072577,0.055
43.33509336149378,0.049999997
43.335141362261794,0.049999997
43.335189363029805,0.049999997
43.335237363797816,0.055
43.33528536456583,0.049999997
43.335333365333845,0.055
43.335381366101856,0.049999997
43.33542936686987,0.055
43.33547736763788,0.055
43.33552536840589,0.055
43.33557336917391,0.049999997
43.33562136994192,0.06
43.33566937070993,0.055
43.33571737147794,0.055
43.33576537224595,0.049999997
43.33581337301396,0.055
43.33586137378198,0.06
43.33590937454999,0.055
43.335957375318,0.055
43.336005376086014,0.055
43.336053376854025,0.055
43.336101377622036,0.055
43.336149378390054,0.055
43.336197379158065,0.055
43.336245379926076,0.055
43.33629338069409,0.055
43.3363413814621,0.055
43.33638938223012,0.055
43.33643738299813,0.049999997
43.33648538376614,0.065
43.33653338453415,0.049999997
43.33658138530216,0.055
43.33662938607017,0.055
43.33667738683819,0.055
43.3367253876062,0.055
43.33677338837421,0.055
43.33682138914222,0.055
43.336869389910234,0.055
43.336917390678245,0.055
43.33696539144626,0.055
43.337013392214274,0.055
43.337061392982285,0.055
43.337109393750296,0.055
43.33715739451831,0.049999997
43.337205395286325,0.055
43.33725339605434,0.055
43.33730139682235,0.055
43.33734939759036,0.055
43.33739739835837,0.055
43.33744539912638,0.049999997
43.3374933998944,0.049999997
43.33754140066241,0.06
43.33758940143042,0.055
43.33763740219843,0.049999997
43.33768540296644,0.049999997
43.337733403734454,0.055
43.33778140450247,0.055
43.33782940527048,0.049999997
43.337877406038494,0.049999997
43.337925406806505,0.06
43.337973407574516,0.049999997
43.338021408342534,0.049999997
43.338069409110545,0.049999997
43.338117409878556,0.055
43.33816541064657,0.049999997
43.33821341141458,0.065
43.33826141218259,0.055
43.33830941295061,0.065
43.33835741371862,0.055
43.33840541448663,0.049999997
43.33845341525464,0.049999997
43.33850141602265,0.049999997
43.33854941679066,0.06
43.33859741755868,0.06
43.33864541832669,0.055
43.3386934190947,0.055
43.338741419862714,0.049999997
43.338789420630725,0.055
43.338837421398736,0.055
43.338885422166754,0.055
43.338933422934765,0.055
43.338981423702776,0.055
43.33902942447079,0.06
43.3390774252388,0.055
43.33912542600682,0.055
43.33917342677483,0.055
43.33922142754284,0.049999997
43.33926942831085,0.049999997
43.33931742907886,0.055
43.33936542984687,0.055
43.33941343061489,0.055
43.3394614313829,0.049999997
43.33950943215091,0.055
43.33955743291892,0.049999997
43.339605433686934,0.049999997
43.339653434454945,0.06
43.33970143522296,0.049999997
43.339749435990974,0.055
43.339797436758985,0.055
43.339845437526996,0.055
43.33989343829501,0.055
43.339941439063026,0.055
43.33998943983104,0.06
43.34003744059905,0.055
43.34008544136706,0.06
43.34013344213507,0.055
43.34018144290308,0.049999997
43.3402294436711,0.049999997
43.34027744443911,0.06
43.34032544520712,0.055
43.34037344597513,0.06
43.34042144674314,0.06
43.340469447511154,0.06
43.34051744827917,0.055
43.34056544904718,0.06
43.340613449815194,0.06
43.340661450583205,0.06
43.340709451351216,0.06
43.340757452119234,0.06
43.340805452887246,0.06
43.34085345365526,0.055
43.34090145442327,0.055
43.34094945519128,0.049999997
43.34099745595929,0.055
43.34104545672731,0.055
43.34109345749532,0.049999997
43.34114145826333,0.055
43.34118945903134,0.055
43.34123745979935,0.049999997
43.34128546056736,0.055
43.34133346133538,0.049999997
43.34138146210339,0.049999997
43.3414294628714,0.055
43.341477463639414,0.055
43.341525464407425,0.055
43.34157346517544,0.06
43.341621465943454,0.055
43.341669466711465,0.055
43.34171746747948,0.055
43.34176546824749,0.055
43.3418134690155,0.055
43.34186146978352,0.049999997
43.34190947055153,0.06
43.34195747131954,0.055
43.34200547208755,0.055
43.34205347285556,0.049999997
43.34210147362357,0.06
43.34214947439159,0.055
43.3421974751596,0.06
43.34224547592761,0.049999997
43.34229347669562,0.06
43.342341477463634,0.055
43.34238947823165,0.055
43.34243747899966,0.055
43.342485479767674,0.055
43.342533480535685,0.055
43.3425814813037,0.055
43.34262948207171,0.055
43.342677482839726,0.049999997
43.34272548360774,0.055
43.34277348437575,0.055
43.34282148514376,0.055
43.34286948591177,0.049999997
43.34291748667978,0.055
43.3429654874478,0.049999997
43.34301348821581,0.055
43.34306148898382,0.055
43.34310948975183,0.055
43.34315749051984,0.055
43.34320549128786,0.055
43.34325349205587,0.055
43.34330149282388,0.055
43.343349493591894,0.055
43.343397494359905,0.055
43.343445495127916,0.055
43.343493495895935,0.049999997
43.343541496663946,0.055
43.34358949743196,0.055
43.34363749819997,0.055
43.34368549896798,0.055
43.34373349973599,0.049999997
43.34378150050401,0.055
43.34382950127202,0.049999997
43.34387750204003,0.055
43.34392550280804,0.049999997
43.34397350357605,0.055
43.34402150434407,0.055
43.34406950511208,0.055
43.34411750588009,0.049999997
43.3441655066481,0.055
43.344213507416114,0.049999997
43.344261508184125,0.055
43.34430950895214,0.055
43.344357509720155,0.055
43.344405510488166,0.055
43.34445351125618,0.055
43.34450151202419,0.055
43.3445495127922,0.055
43.34459751356022,0.055
43.34464551432823,0.055
43.34469351509624,0.044999998
43.34474151586425,0.055
43.34478951663226,0.049999997
43.34483751740028,0.055
43.34488551816829,0.055
43.3449335189363,0.049999997
43.34498151970431,0.055
43.34502952047232,0.055
43.345077521240334,0.049999997
43.34512552200835,0.055
43.34517352277636,0.055
43.345221523544375,0.049999997
43.345269524312386,0.055
43.3453175250804,0.055
43.34536552584841,0.055
43.345413526616426,0.055
43.34546152738444,0.055
43.34550952815245,0.055
43.34555752892046,0.055
43.34560552968847,0.055
43.34565353045649,0.055
43.3457015312245,0.055
43.34574953199251,0.06
43.34579753276052,0.06
43.34584553352853,0.055
43.34589353429654,0.055
43.34594153506456,0.049999997
43.34598953583257,0.055
43.34603753660058,0.055
43.346085537368594,0.055
43.346133538136606,0.055
43.34618153890462,0.055
43.346229539672635,0.049999997
43.346277540440646,0.055
43.34632554120866,0.055
43.34637354197667,0.049999997
43.34642154274468,0.06
43.3464695435127,0.049999997
43.34651754428071,0.055
43.34656554504872,0.055
43.34661354581673,0.055
43.34666154658474,0.06
43.34670954735275,0.055
43.34675754812077,0.06
43.34680554888878,0.055
43.34685354965679,0.055
43.3469015504248,0.055
43.346949551192814,0.055
43.346997551960825,0.055
43.347045552728844,0.055
43.347093553496855,0.055
43.347141554264866,0.049999997
43.34718955503288,0.055
43.34723755580089,0.055
43.347285556568906,0.055
43.34733355733692,0.055
43.34738155810493,0.055
43.34742955887294,0.049999997
43.34747755964095,0.055
43.34752556040896,0.049999997
43.34757356117698,0.055
43.34762156194499,0.055
43.347669562713,0.055
43.34771756348101,0.055
43.34776556424902,0.049999997
43.347813565017034,0.055
43.34786156578505,0.055
43.347909566553064,0.06
43.347957567321075,0.055
43.348005568089086,0.049999997
43.3480535688571,0.055
43.348101569625115,0.049999997
43.348149570393126,0.055
43.34819757116114,0.049999997
43.34824557192915,0.06
43.34829357269716,0.055
43.34834157346517,0.055
43.34838957423319,0.049999997
43.3484375750012,0.049999997
43.34848557576921,0.049999997
43.34853357653722,0.055
43.34858157730523,0.049999997
43.34862957807324,0.06
43.34867757884126,0.06
43.34872557960927,0.055
43.348773580377284,0.049999997
43.348821581145295,0.06
43.348869581913306,0.049999997
43.348917582681324,0.049999997
43.348965583449335,0.049999997
43.349013584217346,0.055
43.34906158498536,0.049999997
43.34910958575337,0.06
43.34915758652138,0.055
43.3492055872894,0.06
43.34925358805741,0.049999997
43.34930158882542,0.06
43.34934958959343,0.049999997
43.34939759036144,0.06
43.34944559112945,0.055
43.34949359189747,0.055
43.34954159266548,0.055
43.34958959343349,0.055
43.3496375942015,0.049999997
43.349685594969515,0.049999997
43.349733595737526,0.049999997
43.349781596505544,0.055
43.349829597273555,0.055
43.349877598041566,0.06
43.34992559880958,0.055
43.34997359957759,0.055
43.350021600345606,0.055
43.35006960111362,0.055
43.35011760188163,0.055
43.35016560264964,0.055
43.35021360341765,0.055
43.35026160418566,0.06
43.35030960495368,0.055
43.35035760572169,0.06
43.3504056064897,0.049999997
43.35045360725771,0.055
43.35050160802572,0.055
43.350549608793735,0.055
43.35059760956175,0.049999997
43.350645610329764,0.055
43.350693611097775,0.055
43.350741611865786,0.055
43.3507896126338,0.055
43.350837613401815,0.06
43.350885614169826,0.049999997
43.35093361493784,0.055
43.35098161570585,0.055
43.35102961647386,0.055
43.35107761724187,0.06
43.35112561800989,0.055
43.3511736187779,0.055
43.35122161954591,0.055
43.35126962031392,0.055
43.35131762108193,0.06
43.35136562184994,0.049999997
43.35141362261796,0.06
43.35146162338597,0.06
43.351509624153984,0.06
43.351557624921995,0.06
43.351605625690006,0.06
43.351653626458024,0.055
43.351701627226035,0.055
43.351749627994046,0.055
43.35179762876206,0.049999997
43.35184562953007,0.055
43.35189363029808,0.049999997
43.3519416310661,0.055
43.35198963183411,0.049999997
43.35203763260212,0.055
43.35208563337013,0.049999997
43.35213363413814,0.055
43.35218163490615,0.055
43.35222963567417,0.055
43.35227763644218,0.049999997
43.35232563721019,0.055
43.352373637978204,0.055
43.352421638746215,0.055
43.35246963951423,0.055
43.352517640282244,0.055
43.352565641050255,0.055
43.352613641818266,0.049999997
43.35266164258628,0.055
43.35270964335429,0.049999997
43.352757644122306,0.049999997
43.35280564489032,0.055
43.35285364565833,0.06
43.35290164642634,0.055
43.35294964719435,0.049999997
43.35299764796236,0.049999997
43.35304564873038,0.049999997
43.35309364949839,0.055
43.3531416502664,0.055
43.35318965103441,0.055
43.353237651802424,0.055
43.35328565257044,0.055
43.35333365333845,0.055
43.353381654106464,0.055
43.353429654874475,0.049999997
43.353477655642486,0.049999997
43.3535256564105,0.049999997
43.353573657178515,0.049999997
43.353621657946526,0.055
43.35366965871454,0.049999997
43.35371765948255,0.055
43.35376566025056,0.055
43.35381366101857,0.055
43.35386166178659,0.055
43.3539096625546,0.055
43.35395766332261,0.055
43.35400566409062,0.049999997
43.35405366485863,0.055
43.35410166562665,0.055
43.35414966639466,0.055
43.35419766716267,0.049999997
43.354245667930684,0.06
43.354293668698695,0.055
43.354341669466706,0.055
43.354389670234724,0.055
43.354437671002735,0.055
43.354485671770746,0.06
43.35453367253876,0.06
43.35458167330677,0.049999997
43.35462967407478,0.049999997
43.3546776748428,0.055
43.35472567561081,0.055
43.35477367637882,0.049999997
43.35482167714683,0.055
43.35486967791484,0.055
43.35491767868286,0.06
43.35496567945087,0.055
43.35501368021888,0.06
43.35506168098689,0.055
43.355109681754904,0.055
43.355157682522915,0.055
43.35520568329093,0.06
43.355253684058944,0.055
43.355301684826955,0.055
43.355349685594966,0.055
43.35539768636298,0.055
43.35544568713099,0.055
43.355493687899006,0.06
43.35554168866702,0.06
43.35558968943503,0.049999997
43.35563769020304,0.049999997
43.35568569097105,0.055
43.35573369173907,0.055
43.35578169250708,0.06
43.35582969327509,0.06
43.3558776940431,0.055
43.35592569481111,0.055
43.355973695579124,0.055
43.35602169634714,0.055
43.35606969711515,0.049999997
43.356117697883164,0.055
43.356165698651175,0.055
43.356213699419186,0.055
43.3562617001872,0.055
43.356309700955215,0.055
43.356357701723226,0.049999997
43.35640570249124,0.049999997
43.35645370325925,0.055
43.35650170402726,0.049999997
43.35654970479528,0.055
43.35659770556329,0.055
43.3566457063313,0.049999997
43.35669370709931,0.06
43.35674170786732,0.055
43.35678970863533,0.055
43.35683770940335,0.049999997
43.35688571017136,0.06
43.35693371093937,0.055
43.356981711707384,0.06
43.357029712475395,0.06
43.357077713243406,0.049999997
43.357125714011424,0.049999997
43.357173714779435,0.049999997
43.357221715547446,0.055
43.35726971631546,0.055
43.35731771708347,0.049999997
43.357365717851486,0.055
43.3574137186195,0.055
43.35746171938751,0.055
43.35750972015552,0.055
43.35755772092353,0.06
43.35760572169154,0.055
43.35765372245956,0.06
43.35770172322757,0.055
43.35774972399558,0.055
43.35779772476359,0.049999997
43.357845725531604,0.055
43.357893726299615,0.055
43.35794172706763,0.055
43.357989727835644,0.055
43.358037728603655,0.055
43.358085729371666,0.055
43.35813373013968,0.055
43.358181730907695,0.055
43.358229731675706,0.049999997
43.35827773244372,0.055
43.35832573321173,0.055
43.35837373397974,0.055
43.35842173474775,0.055
43.35846973551577,0.055
43.35851773628378,0.049999997
43.35856573705179,0.055
43.3586137378198,0.049999997
43.35866173858781,0.055
43.358709739355824,0.055
43.35875774012384,0.055
43.35880574089185,0.055
43.358853741659864,0.055
43.358901742427875,0.055
43.358949743195886,0.055
43.358997743963904,0.055
43.359045744731915,0.055
43.359093745499926,0.049999997
43.35914174626794,0.055
43.35918974703595,0.049999997
43.35923774780396,0.049999997
43.35928574857198,0.055
43.35933374933999,0.049999997
43.359381750108,0.049999997
43.35942975087601,0.055
43.35947775164402,0.049999997
43.35952575241203,0.055
43.35957375318005,0.049999997
43.35962175394806,0.06
43.35966975471607,0.049999997
43.359717755484084,0.055
43.359765756252095,0.049999997
43.35981375702011,0.055
43.359861757788124,0.049999997
43.359909758556135,0.06
43.359957759324146,0.049999997
43.36000576009216,0.06
43.36005376086017,0.055
43.36010176162819,0.06
43.3601497623962,0.049999997
43.36019776316421,0.055
43.36024576393222,0.049999997
43.36029376470023,0.055
43.36034176546824,0.055
43.36038976623626,0.055
43.36043776700427,0.049999997
43.36048576777228,0.055
43.36053376854029,0.055
43.360581769308304,0.049999997
43.360629770076315,0.049999997
43.36067777084433,0.049999997
43.360725771612344,0.055
43.360773772380355,0.06
43.360821773148366,0.055
43.36086977391638,0.049999997
43.360917774684395,0.049999997
43.36096577545241,0.055
43.36101377622042,0.049999997
43.36106177698843,0.055
43.36110977775644,0.049999997
43.36115777852445,0.049999997
43.36120577929247,0.049999997
43.36125378006048,0.049999997
43.36130178082849,0.055
43.3613497815965,0.055
43.36139778236451,0.049999997
43.361445783132524,0.055
43.36149378390054,0.049999997
43.36154178466855,0.055
43.361589785436564,0.049999997
43.361637786204575,0.055
43.361685786972586,0.049999997
43.361733787740604,0.055
43.361781788508615,0.049999997
43.36182978927663,0.055
43.36187779004464,0.055
43.36192579081265,0.055
43.36197379158066,0.049999997
43.36202179234868,0.06
43.36206979311669,0.055
43.3621177938847,0.06
43.36216579465271,0.055
43.36221379542072,0.06
43.36226179618873,0.055
43.36230979695675,0.06
43.36235779772476,0.06
43.36240579849277,0.06
43.362453799260784,0.055
43.362501800028795,0.049999997
43.36254980079681,0.055
43.362597801564824,0.055
43.362645802332835,0.06
43.362693803100846,0.049999997
43.36274180386886,0.055
43.36278980463687,0.055
43.36283780540489,0.049999997
43.3628858061729,0.049999997
43.36293380694091,0.055
43.36298180770892,0.049999997
43.36302980847693,0.055
43.36307780924494,0.055
43.36312581001296,0.055
43.36317381078097,0.06
43.36322181154898,0.055
43.36326981231699,0.055
43.363317813085004,0.055
43.36336581385302,0.055
43.36341381462103,0.06
43.363461815389044,0.055
43.363509816157055,0.049999997
43.363557816925066,0.055
43.36360581769308,0.055
43.363653818461096,0.049999997
43.36370181922911,0.055
43.36374981999712,0.049999997
43.36379782076513,0.055
43.36384582153314,0.049999997
43.36389382230115,0.055
43.36394182306917,0.055
43.36398982383718,0.055
43.36403782460519,0.049999997
43.3640858253732,0.055
43.36413382614121,0.055
43.36418182690923,0.055
43.36422982767724,0.055
43.36427782844525,0.049999997
43.364325829213264,0.049999997
43.364373829981275,0.055
43.364421830749286,0.049999997
43.364469831517304,0.055
43.364517832285316,0.055
43.36456583305333,0.06
43.36461383382134,0.055
43.36466183458935,0.06
43.36470983535736,0.06
43.36475783612538,0.055
43.36480583689339,0.049999997
43.3648538376614,0.055
43.36490183842941,0.055
43.36494983919742,0.055
43.36499783996544,0.055
43.36504584073345,0.055
43.36509384150146,0.055
43.36514184226947,0.055
43.365189843037484,0.06
43.365237843805495,0.055
43.36528584457351,0.055
43.365333845341524,0.049999997
43.365381846109536,0.055
43.36542984687755,0.049999997
43.36547784764556,0.055
43.36552584841357,0.055
43.36557384918159,0.049999997
43.3656218499496,0.049999997
43.36566985071761,0.055
43.36571785148562,0.049999997
43.36576585225363,0.049999997
43.36581385302165,0.055
43.36586185378966,0.055
43.36590985455767,0.055
43.36595785532568,0.055
43.36600585609369,0.044999998
43.366053856861704,0.06
43.36610185762972,0.049999997
43.36614985839773,0.055
43.366197859165744,0.055
43.366245859933755,0.055
43.36629386070177,0.049999997
43.36634186146978,0.055
43.366389862237796,0.049999997
43.36643786300581,0.065
43.36648586377382,0.049999997
43.36653386454183,0.065
43.36658186530984,0.055
43.36662986607786,0.055
43.36667786684587,0.055
43.36672586761388,0.055
43.36677386838189,0.055
43.3668218691499,0.055
43.36686986991791,0.055
43.36691787068593,0.055
43.36696587145394,0.055
43.36701387222195,0.055
43.367061872989964,0.049999997
43.367109873757975,0.055
43.36715787452599,0.055
43.367205875294005,0.06
43.367253876062016,0.049999997
43.36730187683003,0.055
43.36734987759804,0.055
43.36739787836605,0.055
43.36744587913407,0.055
43.36749387990208,0.055
43.36754188067009,0.055
43.3675898814381,0.06
43.36763788220611,0.055
43.36768588297412,0.055
43.36773388374214,0.055
43.36778188451015,0.055
43.36782988527816,0.06
43.36787788604617,0.055
43.367925886814184,0.055
43.367973887582195,0.055
43.36802188835021,0.049999997
43.368069889118225,0.055
43.368117889886236,0.055
43.36816589065425,0.055
43.36821389142226,0.055
43.368261892190276,0.055
43.36830989295829,0.055
43.3683578937263,0.06
43.36840589449431,0.055
43.36845389526232,0.06
43.36850189603033,0.055
43.36854989679835,0.06
43.36859789756636,0.055
43.36864589833437,0.06
43.36869389910238,0.055
43.36874189987039,0.055
43.368789900638404,0.055
43.36883790140642,0.055
43.36888590217443,0.049999997
43.368933902942445,0.055
43.368981903710456,0.055
43.36902990447847,0.06
43.369077905246485,0.055
43.369125906014496,0.06
43.36917390678251,0.06
43.36922190755052,0.06
43.36926990831853,0.049999997
43.36931790908654,0.055
43.36936590985456,0.055
43.36941391062257,0.055
43.36946191139058,0.06
43.36950991215859,0.055
43.3695579129266,0.055
43.36960591369461,0.06
43.36965391446263,0.049999997
43.36970191523064,0.049999997
43.36974991599865,0.055
43.369797916766665,0.049999997
43.369845917534676,0.049999997
43.369893918302694,0.049999997
43.369941919070705,0.049999997
43.369989919838716,0.049999997
43.37003792060673,0.055
43.37008592137474,0.06
43.37013392214275,0.055
43.37018192291077,0.06
43.37022992367878,0.055
43.37027792444679,0.055
43.3703259252148,0.055
43.37037392598281,0.055
43.37042192675082,0.055
43.37046992751884,0.049999997
43.37051792828685,0.055
43.37056592905486,0.055
43.37061392982287,0.055
43.370661930590884,0.055
43.3707099313589,0.049999997
43.370757932126914,0.055
43.370805932894925,0.055
43.370853933662936,0.055
43.37090193443095,0.055
43.37094993519896,0.055
43.370997935966976,0.06
43.37104593673499,0.055
43.371093937503,0.055
43.37114193827101,0.06
43.37118993903902,0.055
43.37123793980703,0.06
43.37128594057505,0.055
43.37133394134306,0.055
43.37138194211107,0.055
43.37142994287908,0.055
43.37147794364709,0.049999997
43.371525944415104,0.06
43.37157394518312,0.055
43.371621945951134,0.06
43.371669946719145,0.055
43.371717947487156,0.06
43.37176594825517,0.049999997
43.371813949023185,0.06
43.371861949791196,0.055
43.37190995055921,0.06
43.37195795132722,0.055
43.37200595209523,0.049999997
43.37205395286324,0.055
43.37210195363126,0.049999997
43.37214995439927,0.055
43.37219795516728,0.049999997
43.37224595593529,0.055
43.3722939567033,0.049999997
43.37234195747131,0.055
43.37238995823933,0.055
43.37243795900734,0.049999997
43.372485959775354,0.055
43.372533960543365,0.055
43.372581961311376,0.06
43.372629962079394,0.049999997
43.372677962847405,0.055
43.372725963615416,0.044999998
43.37277396438343,0.055
43.37282196515144,0.049999997
43.37286996591945,0.055
43.37291796668747,0.055
43.37296596745548,0.049999997
43.37301396822349,0.06
43.3730619689915,0.055
43.37310996975951,0.06
43.37315797052752,0.049999997
43.37320597129554,0.065
43.37325397206355,0.055
43.37330197283156,0.049999997
43.373349973599574,0.055
43.373397974367585,0.06
43.3734459751356,0.055
43.373493975903614,0.06
43.373541976671625,0.055
43.373589977439636,0.06
43.37363797820765,0.049999997
43.37368597897566,0.055
43.373733979743676,0.049999997
43.37378198051169,0.055
43.3738299812797,0.055
43.37387798204771,0.055
43.37392598281572,0.055
43.37397398358373,0.049999997
43.37402198435175,0.055
43.37406998511976,0.055
43.37411798588777,0.055
43.37416598665578,0.055
43.37421398742379,0.055
43.37426198819181,0.049999997
43.37430998895982,0.055
43.374357989727834,0.055
43.374405990495845,0.055
43.374453991263856,0.049999997
43.37450199203187,0.049999997
43.374549992799885,0.049999997
43.374597993567896,0.055
43.37464599433591,0.055
43.37469399510392,0.055
43.37474199587193,0.049999997
43.37478999663994,0.055
43.37483799740796,0.055
43.37488599817597,0.049999997
43.37493399894398,0.049999997
43.37498199971199,0.055
43.37503000048,0.055
43.37507800124802,0.055
43.37512600201603,0.055
43.37517400278404,0.055
43.375222003552054,0.055
43.375270004320065,0.055
43.375318005088076,0.049999997
43.375366005856094,0.055
43.375414006624105,0.049999997
43.375462007392116,0.055
43.37551000816013,0.049999997
43.37555800892814,0.055
43.37560600969615,0.06
43.37565401046417,0.06
43.37570201123218,0.055
43.37575001200019,0.055
43.3757980127682,0.049999997
43.37584601353621,0.06
43.37589401430423,0.055
43.37594201507224,0.055
43.37599001584025,0.065
43.37603801660826,0.065
43.376086017376274,0.049999997
43.376134018144285,0.044999998
43.3761820189123,0.055
43.376230019680314,0.055
43.376278020448325,0.055
43.376326021216336,0.055
43.37637402198435,0.049999997
43.37642202275236,0.055
43.376470023520376,0.06
43.37651802428839,0.049999997
43.3765660250564,0.06
43.37661402582441,0.055
43.37666202659242,0.055
43.37671002736044,0.055
43.37675802812845,0.049999997
43.37680602889646,0.049999997
43.37685402966447,0.055
43.37690203043248,0.055
43.376950031200494,0.055
43.37699803196851,0.055
43.37704603273652,0.06
43.377094033504534,0.049999997
43.377142034272545,0.055
43.377190035040556,0.055
43.37723803580857,0.055
43.377286036576585,0.055
43.377334037344596,0.055
43.37738203811261,0.049999997
43.37743003888062,0.06
43.37747803964863,0.055
43.37752604041665,0.055
43.37757404118466,0.055
43.37762204195267,0.06
43.37767004272068,0.055
43.37771804348869,0.055
43.3777660442567,0.055
43.37781404502472,0.049999997
43.37786204579273,0.049999997
43.37791004656074,0.055
43.377958047328754,0.055
43.378006048096765,0.055
43.378054048864776,0.055
43.378102049632794,0.055
43.378150050400805,0.055
43.378198051168816,0.055
43.37824605193683,0.055
43.37829405270484,0.06
43.378342053472856,0.055
43.37839005424087,0.055
43.37843805500888,0.055
43.37848605577689,0.06
43.3785340565449,0.055
43.37858205731291,0.055
43.37863005808093,0.055
43.37867805884894,0.049999997
43.37872605961695,0.055
43.37877406038496,0.049999997
43.378822061152974,0.055
43.378870061920985,0.049999997
43.378918062689,0.055
43.378966063457014,0.055
43.379014064225025,0.055
43.379062064993036,0.055
43.37911006576105,0.049999997
43.379158066529065,0.055
43.379206067297076,0.055
43.37925406806509,0.055
43.3793020688331,0.055
43.37935006960111,0.06
43.37939807036912,0.055
43.37944607113714,0.06
43.37949407190515,0.055
43.37954207267316,0.06
43.37959007344117,0.049999997
43.37963807420918,0.055
43.379686074977194,0.055
43.37973407574521,0.06
43.37978207651322,0.055
43.379830077281234,0.055
43.379878078049245,0.055
43.379926078817256,0.06
43.379974079585274,0.055
43.380022080353285,0.055
43.380070081121296,0.065
43.38011808188931,0.049999997
43.38016608265732,0.055
43.38021408342533,0.055
43.38026208419335,0.055
43.38031008496136,0.049999997
43.38035808572937,0.055
43.38040608649738,0.055
43.38045408726539,0.06
43.3805020880334,0.055
43.38055008880142,0.049999997
43.38059808956943,0.055
43.38064609033744,0.049999997
43.380694091105454,0.055
43.380742091873465,0.055
43.38079009264148,0.055
43.380838093409494,0.055
43.380886094177505,0.055
43.380934094945516,0.055
43.38098209571353,0.055
43.38103009648154,0.055
43.381078097249556,0.049999997
43.38112609801757,0.055
43.38117409878558,0.049999997
43.38122209955359,0.055
43.3812701003216,0.049999997
43.38131810108961,0.06
43.38136610185763,0.049999997
43.38141410262564,0.06
43.38146210339365,0.055
43.38151010416166,0.06
43.381558104929674,0.06
43.38160610569769,0.049999997
43.3816541064657,0.055
43.381702107233714,0.055
43.381750108001725,0.055
43.381798108769736,0.06
43.38184610953775,0.055
43.381894110305765,0.06
43.381942111073776,0.055
43.38199011184179,0.055
43.3820381126098,0.055
43.38208611337781,0.06
43.38213411414582,0.049999997
43.38218211491384,0.055
43.38223011568185,0.055
43.38227811644986,0.049999997
43.38232611721787,0.049999997
43.38237411798588,0.055
43.382422118753894,0.049999997
43.38247011952191,0.055
43.38251812028992,0.055
43.382566121057934,0.049999997
43.382614121825945,0.055
43.382662122593956,0.049999997
43.382710123361974,0.055
43.382758124129985,0.055
43.382806124897996,0.055
43.38285412566601,0.049999997
43.38290212643402,0.055
43.38295012720203,0.049999997
43.38299812797005,0.055
43.38304612873806,0.055
43.38309412950607,0.049999997
43.38314213027408,0.049999997
43.38319013104209,0.049999997
43.3832381318101,0.055
43.38328613257812,0.049999997
43.38333413334613,0.055
43.38338213411414,0.049999997
43.383430134882154,0.049999997
43.383478135650165,0.055
43.38352613641818,0.049999997
43.383574137186194,0.055
43.383622137954205,0.049999997
43.383670138722216,0.055
43.38371813949023,0.055
43.38376614025824,0.055
43.38381414102626,0.049999997
43.38386214179427,0.06
43.38391014256228,0.049999997
43.38395814333029,0.055
43.3840061440983,0.055
43.38405414486631,0.049999997
43.38410214563433,0.055
43.38415014640234,0.06
43.38419814717035,0.055
43.38424614793836,0.055
43.384294148706374,0.055
43.38434214947439,0.055
43.3843901502424,0.049999997
43.384438151010414,0.055
43.384486151778425,0.055
43.384534152546436,0.055
43.38458215331445,0.055
43.384630154082465,0.055
43.38467815485048,0.055
43.38472615561849,0.055
43.3847741563865,0.049999997
43.38482215715451,0.049999997
43.38487015792252,0.055
43.38491815869054,0.055
43.38496615945855,0.055
43.38501416022656,0.055
43.38506216099457,0.055
43.38511016176258,0.049999997
43.3851581625306,0.055
43.38520616329861,0.055
43.38525416406662,0.049999997
43.385302164834634,0.055
43.385350165602645,0.055
43.385398166370656,0.044999998
43.385446167138674,0.049999997
43.385494167906685,0.049999997
43.3855421686747,0.049999997
43.38559016944271,0.055
43.38563817021072,0.049999997
43.38568617097873,0.049999997
43.38573417174675,0.049999997
43.38578217251476,0.055
43.38583017328277,0.049999997
43.38587817405078,0.049999997
43.38592617481879,0.06
43.38597417558681,0.049999997
43.38602217635482,0.055
43.38607017712283,0.055
43.38611817789084,0.055
43.386166178658854,0.049999997
43.386214179426865,0.055
43.38626218019488,0.055
43.386310180962894,0.055
43.386358181730905,0.049999997
43.38640618249892,0.055
43.38645418326693,0.049999997
43.38650218403494,0.055
43.38655018480296,0.049999997
43.38659818557097,0.055
43.38664618633898,0.055
43.38669418710699,0.055
43.386742187875,0.055
43.38679018864302,0.06
43.38683818941103,0.055
43.38688619017904,0.06
43.38693419094705,0.055
43.38698219171506,0.06
43.387030192483074,0.055
43.38707819325109,0.06
43.3871261940191,0.055
43.387174194787114,0.055
43.387222195555125,0.049999997
43.387270196323136,0.06
43.38731819709115,0.055
43.387366197859166,0.065
43.38741419862718,0.055
43.38746219939519,0.049999997
43.3875102001632,0.055
43.38755820093121,0.049999997
43.38760620169923,0.055
43.38765420246724,0.049999997
43.38770220323525,0.055
43.38775020400326,0.055
43.38779820477127,0.055
43.38784620553928,0.055
43.3878942063073,0.055
43.38794220707531,0.06
43.38799020784332,0.055
43.388038208611334,0.06
43.388086209379345,0.055
43.388134210147356,0.055
43.388182210915375,0.055
43.388230211683386,0.055
43.3882782124514,0.049999997
43.38832621321941,0.06
43.38837421398742,0.055
43.38842221475544,0.06
43.38847021552345,0.055
43.38851821629146,0.055
43.38856621705947,0.049999997
43.38861421782748,0.055
43.38866221859549,0.055
43.38871021936351,0.055
43.38875822013152,0.055
43.38880622089953,0.055
43.38885422166754,0.06
43.388902222435554,0.055
43.388950223203565,0.06
43.38899822397158,0.049999997
43.389046224739594,0.055
43.389094225507606,0.055
43.38914222627562,0.049999997
43.38919022704363,0.049999997
43.389238227811646,0.049999997
43.38928622857966,0.055
43.38933422934767,0.055
43.38938223011568,0.055
43.38943023088369,0.055
43.3894782316517,0.055
43.38952623241972,0.055
43.38957423318773,0.055
43.38962223395574,0.055
43.38967023472375,0.049999997
43.38971823549176,0.055
43.389766236259774,0.055
43.38981423702779,0.055
43.3898622377958,0.055
43.389910238563814,0.06
43.389958239331825,0.055
43.39000624009984,0.055
43.390054240867855,0.055
43.390102241635866,0.044999998
43.39015024240388,0.06
43.39019824317189,0.049999997
43.3902462439399,0.055
43.39029424470791,0.055
43.39034224547593,0.049999997
43.39039024624394,0.06
43.39043824701195,0.055
43.39048624777996,0.06
43.39053424854797,0.055
43.39058224931598,0.055
43.390630250084,0.055
43.39067825085201,0.055
43.39072625162002,0.055
43.390774252388034,0.055
43.390822253156045,0.06
43.390870253924064,0.049999997
43.390918254692075,0.055
43.390966255460086,0.055
43.3910142562281,0.055
43.39106225699611,0.055
43.39111025776412,0.055
43.39115825853214,0.055
43.39120625930015,0.049999997
43.39125426006816,0.06
43.39130226083617,0.055
43.39135026160418,0.055
43.39139826237219,0.049999997
43.39144626314021,0.049999997
43.39149426390822,0.049999997
43.39154226467623,0.055
43.39159026544424,0.049999997
43.391638266212254,0.049999997
43.39168626698027,0.055
43.391734267748284,0.049999997
43.391782268516295,0.049999997
43.391830269284306,0.049999997
43.39187827005232,0.06
43.39192627082033,0.049999997
43.391974271588346,0.055
43.39202227235636,0.055
43.39207027312437,0.055
43.39211827389238,0.055
43.39216627466039,0.06
43.3922142754284,0.055
43.39226227619642,0.06
43.39231027696443,0.055
43.39235827773244,0.049999997
43.39240627850045,0.049999997
43.39245427926846,0.049999997
43.392502280036474,0.055
43.39255028080449,0.055
43.3925982815725,0.049999997
43.392646282340515,0.055
43.392694283108526,0.055
43.39274228387654,0.06
43.392790284644555,0.055
43.392838285412566,0.055
43.39288628618058,0.055
43.39293428694859,0.055
43.3929822877166,0.055
43.39303028848461,0.055
43.39307828925263,0.06
43.39312629002064,0.055
43.39317429078865,0.055
43.39322229155666,0.055
43.39327029232467,0.055
43.39331829309268,0.055
43.3933662938607,0.055
43.39341429462871,0.055
43.39346229539672,0.055
43.393510296164735,0.049999997
43.393558296932746,0.055
43.393606297700764,0.055
43.393654298468775,0.055
43.393702299236786,0.049999997
43.3937503000048,0.055
43.39379830077281,0.055
43.39384630154082,0.049999997
43.39389430230884,0.049999997
43.39394230307685,0.055
43.39399030384486,0.049999997
43.39403830461287,0.049999997
43.39408630538088,0.049999997
43.39413430614889,0.049999997
43.39418230691691,0.055
43.39423030768492,0.049999997
43.39427830845293,0.055
43.39432630922094,0.055
43.394374309988955,0.055
43.39442231075697,0.055
43.394470311524984,0.049999997
43.394518312292995,0.049999997
43.394566313061006,0.055
43.39461431382902,0.049999997
43.39466231459703,0.055
43.394710315365046,0.055
43.39475831613306,0.049999997
43.39480631690107,0.055
43.39485431766908,0.055
43.39490231843709,0.055
43.3949503192051,0.049999997
43.39499831997312,0.055
43.39504632074113,0.055
43.39509432150914,0.055
43.39514232227715,0.055
43.39519032304516,0.055
43.39523832381318,0.055
43.39528632458119,0.055
43.395334325349204,0.055
43.395382326117215,0.049999997
43.395430326885226,0.055
43.39547832765324,0.049999997
43.395526328421255,0.055
43.395574329189266,0.055
43.39562232995728,0.055
43.39567033072529,0.055
43.3957183314933,0.049999997
43.39576633226131,0.049999997
43.39581433302933,0.055
43.39586233379734,0.055
43.39591033456535,0.06
43.39595833533336,0.055
43.39600633610137,0.049999997
43.39605433686939,0.049999997
43.3961023376374,0.049999997
43.39615033840541,0.049999997
43.396198339173424,0.055
43.396246339941435,0.049999997
43.396294340709446,0.049999997
43.396342341477464,0.049999997
43.396390342245475,0.055
43.396438343013486,0.049999997
43.3964863437815,0.055
43.39653434454951,0.049999997
43.39658234531752,0.055
43.39663034608554,0.049999997
43.39667834685355,0.055
43.39672634762156,0.049999997
43.39677434838957,0.055
43.39682234915758,0.049999997
43.3968703499256,0.055
43.39691835069361,0.049999997
43.39696635146162,0.055
43.39701435222963,0.049999997
43.397062352997644,0.06
43.397110353765655,0.055
43.39715835453367,0.06
43.397206355301684,0.055
43.397254356069695,0.06
43.397302356837706,0.055
43.39735035760572,0.065
43.39739835837373,0.06
43.397446359141746,0.049999997
43.39749435990976,0.049999997
43.39754236067777,0.049999997
43.39759036144578,0.055
43.39763836221379,0.049999997
43.39768636298181,0.055
43.39773436374982,0.049999997
43.39778236451783,0.055
43.39783036528584,0.055
43.39787836605385,0.055
43.397926366821864,0.06
43.39797436758988,0.055
43.39802236835789,0.06
43.398070369125904,0.055
43.398118369893915,0.049999997
43.398166370661926,0.049999997
43.39821437142994,0.049999997
43.398262372197955,0.049999997
43.398310372965966,0.044999998
43.39835837373398,0.055
43.39840637450199,0.049999997
43.39845437527,0.055
43.39850237603802,0.055
43.39855037680603,0.055
43.39859837757404,0.055
43.39864637834205,0.055
43.39869437911006,0.055
43.39874237987807,0.049999997
43.39879038064609,0.049999997
43.3988383814141,0.055
43.39888638218211,0.049999997
43.398934382950124,0.055
43.398982383718135,0.055
43.399030384486146,0.055
43.399078385254164,0.055
43.399126386022175,0.055
43.399174386790186,0.049999997
43.3992223875582,0.055
43.39927038832621,0.055
43.399318389094226,0.055
43.39936638986224,0.055
43.39941439063025,0.055
43.39946239139826,0.055
43.39951039216627,0.055
43.39955839293428,0.055
43.3996063937023,0.055
43.39965439447031,0.055
43.39970239523832,0.055
43.39975039600633,0.055
43.399798396774344,0.049999997
43.399846397542355,0.055
43.39989439831037,0.06
43.399942399078384,0.049999997
43.399990399846395,0.065
43.400038400614406,0.055
43.40008640138242,0.049999997
43.400134402150435,0.049999997
43.400182402918446,0.055
43.40023040368646,0.049999997
43.40027840445447,0.06
43.40032640522248,0.055
43.40037440599049,0.06
43.40042240675851,0.055
43.40047040752652,0.055
43.40051840829453,0.055
43.40056640906254,0.06
43.40061440983055,0.055
43.400662410598564,0.055
43.40071041136658,0.055
43.40075841213459,0.055
43.400806412902604,0.049999997
43.400854413670615,0.049999997
43.400902414438626,0.055
43.400950415206644,0.049999997
43.400998415974655,0.055
43.401046416742666,0.049999997
43.40109441751068,0.055
43.40114241827869,0.055
43.4011904190467,0.055
43.40123841981472,0.055
43.40128642058273,0.055
43.40133442135074,0.055
43.40138242211875,0.055
43.40143042288676,0.055
43.40147842365477,0.055
43.40152642442279,0.055
43.4015744251908,0.055
43.40162242595881,0.055
43.401670426726824,0.055
43.401718427494835,0.055
43.40176642826285,0.055
43.401814429030864,0.049999997
43.401862429798875,0.055
43.401910430566886,0.055
43.4019584313349,0.049999997
43.40200643210291,0.055
43.402054432870926,0.055
43.40210243363894,0.055
43.40215043440695,0.055
43.40219843517496,0.055
43.40224643594297,0.055
43.40229443671098,0.055
43.402342437479,0.049999997
43.40239043824701,0.049999997
43.40243843901502,0.055
43.40248643978303,0.06
43.402534440551044,0.055
43.40258244131906,0.049999997
43.40263044208707,0.055
43.402678442855084,0.055
43.402726443623095,0.06
43.402774444391106,0.049999997
43.40282244515912,0.055
43.402870445927135,0.055
43.402918446695146,0.055
43.40296644746316,0.049999997
43.40301444823117,0.06
43.40306244899918,0.055
43.40311044976719,0.06
43.40315845053521,0.055
43.40320645130322,0.055
43.40325445207123,0.055
43.40330245283924,0.065
43.40335045360725,0.055
43.403398454375264,0.049999997
43.40344645514328,0.055
43.40349445591129,0.049999997
43.403542456679304,0.049999997
43.403590457447315,0.049999997
43.403638458215326,0.055
43.403686458983344,0.055
43.403734459751355,0.055
43.403782460519366,0.06
43.40383046128738,0.055
43.40387846205539,0.055
43.4039264628234,0.055
43.40397446359142,0.06
43.40402246435943,0.055
43.40407046512744,0.055
43.40411846589545,0.055
43.40416646666346,0.055
43.40421446743147,0.055
43.40426246819949,0.055
43.4043104689675,0.055
43.40435846973551,0.055
43.404406470503524,0.055
43.404454471271535,0.055
43.40450247203955,0.055
43.404550472807564,0.06
43.404598473575575,0.055
43.404646474343586,0.055
43.4046944751116,0.055
43.40474247587961,0.055
43.40479047664763,0.049999997
43.40483847741564,0.06
43.40488647818365,0.055
43.40493447895166,0.055
43.40498247971967,0.049999997
43.40503048048768,0.055
43.4050784812557,0.049999997
43.40512648202371,0.049999997
43.40517448279172,0.055
43.40522248355973,0.055
43.405270484327744,0.055
43.40531848509576,0.055
43.40536648586377,0.055
43.405414486631784,0.055
43.405462487399795,0.055
43.405510488167806,0.055
43.40555848893582,0.055
43.405606489703835,0.06
43.405654490471846,0.049999997
43.40570249123986,0.055
43.40575049200787,0.055
43.40579849277588,0.055
43.40584649354389,0.049999997
43.40589449431191,0.06
43.40594249507992,0.055
43.40599049584793,0.055
43.40603849661594,0.049999997
43.40608649738395,0.055
43.40613449815197,0.055
43.40618249891998,0.055
43.40623049968799,0.055
43.406278500456004,0.055
43.406326501224015,0.055
43.406374501992026,0.049999997
43.406422502760044,0.06
43.406470503528055,0.055
43.406518504296066,0.06
43.40656650506408,0.049999997
43.40661450583209,0.055
43.4066625066001,0.055
43.40671050736812,0.055
43.40675850813613,0.06
43.40680650890414,0.06
43.40685450967215,0.06
43.40690251044016,0.06
43.40695051120818,0.049999997
43.40699851197619,0.055
43.4070465127442,0.049999997
43.40709451351221,0.055
43.407142514280224,0.055
43.407190515048235,0.055
43.40723851581625,0.049999997
43.407286516584264,0.049999997
43.407334517352275,0.055
43.407382518120286,0.049999997
43.4074305188883,0.055
43.40747851965631,0.055
43.40752652042433,0.049999997
43.40757452119234,0.049999997
43.40762252196035,0.055
43.40767052272836,0.055
43.40771852349637,0.049999997
43.40776652426439,0.055
43.4078145250324,0.055
43.40786252580041,0.055
43.40791052656842,0.055
43.40795852733643,0.06
43.408006528104444,0.049999997
43.40805452887246,0.055
43.40810252964047,0.055
43.408150530408484,0.055
43.408198531176495,0.055
43.408246531944506,0.06
43.40829453271252,0.055
43.408342533480536,0.049999997
43.40839053424855,0.055
43.40843853501656,0.055
43.40848653578457,0.049999997
43.40853453655258,0.055
43.4085825373206,0.055
43.40863053808861,0.055
43.40867853885662,0.055
43.40872653962463,0.055
43.40877454039264,0.055
43.40882254116065,0.055
43.40887054192867,0.055
43.40891854269668,0.055
43.40896654346469,0.055
43.409014544232704,0.049999997
43.409062545000715,0.049999997
43.409110545768726,0.055
43.409158546536744,0.049999997
43.409206547304755,0.049999997
43.40925454807277,0.055
43.40930254884078,0.055
43.40935054960879,0.055
43.40939855037681,0.06
43.40944655114482,0.055
43.40949455191283,0.06
43.40954255268084,0.055
43.40959055344885,0.06
43.40963855421686,0.055
43.40968655498488,0.06
43.40973455575289,0.055
43.4097825565209,0.06
43.40983055728891,0.055
43.409878558056924,0.06
43.409926558824935,0.06
43.40997455959295,0.055
43.410022560360964,0.055
43.410070561128975,0.055
43.41011856189699,0.06
43.410166562665,0.049999997
43.410214563433016,0.06
43.41026256420103,0.055
43.41031056496904,0.055
43.41035856573705,0.055
43.41040656650506,0.055
43.41045456727307,0.055
43.41050256804109,0.049999997
43.4105505688091,0.055
43.41059856957711,0.055
43.41064657034512,0.055
43.41069457111313,0.055
43.410742571881144,0.06
43.41079057264916,0.055
43.41083857341717,0.055
43.410886574185184,0.06
43.410934574953195,0.06
43.410982575721206,0.055
43.411030576489225,0.055
43.411078577257236,0.049999997
43.41112657802525,0.044999998
43.41117457879326,0.055
43.41122257956127,0.049999997
43.41127058032928,0.055
43.4113185810973,0.055
43.41136658186531,0.055
43.41141458263332,0.049999997
43.41146258340133,0.055
43.41151058416934,0.055
43.41155858493735,0.06
43.41160658570537,0.049999997
43.41165458647338,0.055
43.41170258724139,0.049999997
43.411750588009404,0.049999997
43.411798588777415,0.049999997
43.41184658954543,0.049999997
43.411894590313445,0.049999997
43.411942591081456,0.055
43.41199059184947,0.049999997
43.41203859261748,0.055
43.41208659338549,0.049999997
43.41213459415351,0.055
43.41218259492152,0.055
43.41223059568953,0.055
43.41227859645754,0.049999997
43.41232659722555,0.055
43.41237459799356,0.049999997
43.41242259876158,0.055
43.41247059952959,0.055
43.4125186002976,0.055
43.41256660106561,0.049999997
43.412614601833624,0.055
43.41266260260164,0.055
43.41271060336965,0.055
43.412758604137665,0.055
43.412806604905676,0.049999997
43.41285460567369,0.049999997
43.4129026064417,0.055
43.412950607209716,0.055
43.41299860797773,0.055
43.41304660874574,0.049999997
43.41309460951375,0.055
43.41314261028176,0.055
43.41319061104977,0.049999997
43.41323861181779,0.049999997
43.4132866125858,0.055
43.41333461335381,0.055
43.41338261412182,0.055
43.41343061488983,0.055
43.41347861565785,0.055
43.41352661642586,0.055
43.41357461719387,0.055
43.413622617961884,0.06
43.413670618729896,0.055
43.41371861949791,0.049999997
43.413766620265925,0.055
43.413814621033936,0.055
43.41386262180195,0.049999997
43.41391062256996,0.055
43.41395862333797,0.049999997
43.41400662410598,0.055
43.414054624874,0.049999997
43.41410262564201,0.049999997
43.41415062641002,0.055
43.41419862717803,0.049999997
43.41424662794604,0.06
43.41429462871405,0.055
43.41434262948207,0.065
43.41439063025008,0.055
43.41443863101809,0.06
43.414486631786104,0.055
43.414534632554115,0.049999997
43.414582633322134,0.06
43.414630634090145,0.049999997
43.414678634858156,0.055
43.41472663562617,0.055
43.41477463639418,0.06
43.41482263716219,0.055
43.41487063793021,0.06
43.41491863869822,0.06
43.41496663946623,0.055
43.41501464023424,0.06
43.41506264100225,0.055
43.41511064177026,0.055
43.41515864253828,0.055
43.41520664330629,0.055
43.4152546440743,0.055
43.41530264484231,0.055
43.415350645610324,0.055
43.41539864637834,0.055
43.415446647146354,0.055
43.415494647914365,0.049999997
43.415542648682376,0.055
43.41559064945039,0.049999997
43.4156386502184,0.055
43.415686650986416,0.055
43.41573465175443,0.055
43.41578265252244,0.055
43.41583065329045,0.049999997
43.41587865405846,0.049999997
43.41592665482647,0.055
43.41597465559449,0.055
43.4160226563625,0.055
43.41607065713051,0.06
43.41611865789852,0.055
43.41616665866653,0.055
43.41621465943455,0.055
43.41626266020256,0.055
43.416310660970574,0.055
43.416358661738585,0.055
43.416406662506596,0.06
43.41645466327461,0.049999997
43.416502664042625,0.055
43.416550664810636,0.049999997
43.41659866557865,0.055
43.41664666634666,0.055
43.41669466711467,0.055
43.41674266788268,0.049999997
43.4167906686507,0.055
43.41683866941871,0.055
43.41688667018672,0.055
43.41693467095473,0.055
43.41698267172274,0.055
43.41703067249076,0.06
43.41707867325877,0.049999997
43.41712667402678,0.055
43.41717467479479,0.055
43.417222675562805,0.049999997
43.417270676330816,0.055
43.417318677098834,0.055
43.417366677866845,0.055
43.417414678634856,0.055
43.41746267940287,0.049999997
43.41751068017088,0.049999997
43.41755868093889,0.049999997
43.41760668170691,0.055
43.41765468247492,0.055
43.41770268324293,0.055
43.41775068401094,0.055
43.41779868477895,0.055
43.41784668554697,0.055
43.41789468631498,0.049999997
43.41794268708299,0.049999997
43.417990687851,0.055
43.41803868861901,0.049999997
43.418086689387025,0.049999997
43.41813469015504,0.055
43.418182690923054,0.049999997
43.418230691691065,0.049999997
43.418278692459076,0.049999997
43.41832669322709,0.049999997
43.4183746939951,0.049999997
43.418422694763116,0.055
43.41847069553113,0.055
43.41851869629914,0.049999997
43.41856669706715,0.06
43.41861469783516,0.055
43.41866269860318,0.055
43.41871069937119,0.055
43.4187587001392,0.055
43.41880670090721,0.055
43.41885470167522,0.055
43.41890270244323,0.055
43.41895070321125,0.055
43.41899870397926,0.06
43.419046704747274,0.049999997
43.419094705515285,0.055
43.419142706283296,0.049999997
43.41919070705131,0.06
43.419238707819325,0.055
43.419286708587336,0.055
43.41933470935535,0.055
43.41938271012336,0.055
43.41943071089137,0.049999997
43.41947871165939,0.055
43.4195267124274,0.055
43.41957471319541,0.055
43.41962271396342,0.06
43.41967071473143,0.049999997
43.41971871549944,0.049999997
43.41976671626746,0.055
43.41981471703547,0.055
43.41986271780348,0.06
43.419910718571494,0.055
43.419958719339505,0.055
43.420006720107516,0.055
43.420054720875534,0.055
43.420102721643545,0.049999997
43.420150722411556,0.055
43.42019872317957,0.06
43.42024672394758,0.055
43.420294724715596,0.055
43.42034272548361,0.055
43.42039072625162,0.055
43.42043872701963,0.055
43.42048672778764,0.055
43.42053472855565,0.049999997
43.42058272932367,0.055
43.42063073009168,0.055
43.42067873085969,0.049999997
43.4207267316277,0.055
43.420774732395714,0.055
43.420822733163725,0.055
43.42087073393174,0.055
43.420918734699754,0.055
43.420966735467765,0.044999998
43.421014736235776,0.055
43.42106273700379,0.055
43.421110737771805,0.055
43.421158738539816,0.049999997
43.42120673930783,0.06
43.42125474007584,0.055
43.42130274084385,0.055
43.42135074161186,0.055
43.42139874237988,0.06
43.42144674314789,0.055
43.4214947439159,0.06
43.42154274468391,0.049999997
43.42159074545192,0.06
43.421638746219934,0.055
43.42168674698795,0.06
43.42173474775596,0.049999997
43.421782748523974,0.06
43.421830749291985,0.055
43.421878750059996,0.065
43.421926750828014,0.055
43.421974751596025,0.06
43.422022752364036,0.055
43.42207075313205,0.055
43.42211875390006,0.055
43.42216675466807,0.055
43.42221475543609,0.049999997
43.4222627562041,0.06
43.42231075697211,0.049999997
43.42235875774012,0.055
43.42240675850813,0.055
43.42245475927614,0.055
43.42250276004416,0.049999997
43.42255076081217,0.055
43.42259876158018,0.049999997
43.422646762348194,0.055
43.422694763116205,0.049999997
43.42274276388422,0.049999997
43.422790764652234,0.055
43.422838765420245,0.055
43.422886766188256,0.055
43.42293476695627,0.06
43.42298276772428,0.055
43.423030768492296,0.055
43.42307876926031,0.06
43.42312677002832,0.049999997
43.42317477079633,0.055
43.42322277156434,0.049999997
43.42327077233235,0.055
43.42331877310037,0.055
43.42336677386838,0.055
43.42341477463639,0.049999997
43.4234627754044,0.055
43.423510776172414,0.06
43.42355877694043,0.055
43.42360677770844,0.06
43.423654778476454,0.055
43.423702779244465,0.049999997
43.423750780012476,0.055
43.42379878078049,0.055
43.423846781548505,0.055
43.423894782316516,0.049999997
43.42394278308453,0.06
43.42399078385254,0.055
43.42403878462055,0.06
43.42408678538856,0.06
43.42413478615658,0.055
43.42418278692459,0.055
43.4242307876926,0.055
43.42427878846061,0.055
43.42432678922862,0.055
43.42437478999664,0.049999997
43.42442279076465,0.055
43.42447079153266,0.06
43.424518792300674,0.06
43.424566793068685,0.055
43.424614793836696,0.055
43.424662794604714,0.055
43.424710795372725,0.055
43.424758796140736,0.049999997
43.42480679690875,0.055
43.42485479767676,0.055
43.42490279844477,0.055
43.42495079921279,0.055
43.4249987999808,0.055
43.42504680074881,0.055
43.42509480151682,0.055
43.42514280228483,0.055
43.42519080305284,0.049999997
43.42523880382086,0.055
43.42528680458887,0.055
43.42533480535688,0.049999997
43.425382806124894,0.049999997
43.425430806892905,0.06
43.42547880766092,0.055
43.425526808428934,0.055
43.425574809196945,0.055
43.425622809964956,0.055
43.42567081073297,0.055
43.42571881150098,0.055
43.425766812268996,0.049999997
43.42581481303701,0.055
43.42586281380502,0.055
43.42591081457303,0.055
43.42595881534104,0.049999997
43.42600681610905,0.055
43.42605481687707,0.06
43.42610281764508,0.055
43.42615081841309,0.065
43.4261988191811,0.055
43.426246819949114,0.06
43.42629482071713,0.055
43.42634282148514,0.065
43.426390822253154,0.055
43.426438823021165,0.06
43.426486823789176,0.049999997
43.42653482455719,0.06
43.426582825325205,0.049999997
43.426630826093216,0.06
43.42667882686123,0.055
43.42672682762924,0.06
43.42677482839725,0.049999997
43.42682282916526,0.06
43.42687082993328,0.055
43.42691883070129,0.06
43.4269668314693,0.055
43.42701483223731,0.049999997
43.42706283300532,0.049999997
43.42711083377334,0.049999997
43.42715883454135,0.049999997
43.42720683530936,0.049999997
43.427254836077374,0.049999997
43.427302836845385,0.055
43.427350837613396,0.049999997
43.427398838381414,0.055
43.427446839149425,0.055
43.427494839917436,0.055
43.42754284068545,0.055
43.42759084145346,0.049999997
43.42763884222147,0.055
43.42768684298949,0.055
43.4277348437575,0.049999997
43.42778284452551,0.055
43.42783084529352,0.055
43.42787884606153,0.06
43.42792684682955,0.055
43.42797484759756,0.055
43.42802284836557,0.055
43.42807084913358,0.06
43.428118849901594,0.055
43.428166850669605,0.055
43.42821485143762,0.055
43.428262852205634,0.06
43.428310852973645,0.06
43.428358853741656,0.049999997
43.42840685450967,0.055
43.42845485527768,0.055
43.4285028560457,0.055
43.42855085681371,0.06
43.42859885758172,0.049999997
43.42864685834973,0.055
43.42869485911774,0.055
43.42874285988576,0.055
43.42879086065377,0.055
43.42883886142178,0.055
43.42888686218979,0.055
43.4289348629578,0.06
43.428982863725814,0.049999997
43.42903086449383,0.055
43.42907886526184,0.049999997
43.429126866029854,0.055
43.429174866797865,0.055
43.429222867565876,0.049999997
43.42927086833389,0.055
43.429318869101905,0.055
43.42936686986992,0.049999997
43.42941487063793,0.055
43.42946287140594,0.055
43.42951087217395,0.055
43.42955887294197,0.055
43.42960687370998,0.055
43.42965487447799,0.055
43.429702875246,0.055
43.42975087601401,0.055
43.42979887678202,0.049999997
43.42984687755004,0.055
43.42989487831805,0.055
43.42994287908606,0.055
43.429990879854074,0.049999997
43.430038880622085,0.055
43.430086881390096,0.049999997
43.430134882158114,0.055
43.430182882926125,0.055
43.430230883694136,0.055
43.43027888446215,0.055
43.43032688523016,0.055
43.43037488599818,0.055
43.43042288676619,0.055
43.4304708875342,0.055
43.43051888830221,0.055
43.43056688907022,0.049999997
43.43061488983823,0.049999997
43.43066289060625,0.049999997
43.43071089137426,0.06
43.43075889214227,0.055
43.43080689291028,0.049999997
43.430854893678294,0.049999997
43.430902894446305,0.049999997
43.43095089521432,0.055
43.430998895982334,0.049999997
43.431046896750345,0.049999997
43.431094897518356,0.055
43.43114289828637,0.055
43.431190899054386,0.06
43.4312388998224,0.055
43.43128690059041,0.055
43.43133490135842,0.049999997
43.43138290212643,0.049999997
43.43143090289444,0.049999997
43.43147890366246,0.049999997
43.43152690443047,0.055
43.43157490519848,0.06
43.43162290596649,0.06
43.4316709067345,0.06
43.431718907502514,0.055
43.43176690827053,0.049999997
43.43181490903854,0.055
43.431862909806554,0.049999997
43.431910910574565,0.055
43.431958911342576,0.055
43.432006912110594,0.055
43.432054912878606,0.055
43.43210291364662,0.055
43.43215091441463,0.055
43.43219891518264,0.055
43.43224691595065,0.055
43.43229491671867,0.055
43.43234291748668,0.055
43.43239091825469,0.06
43.4324389190227,0.049999997
43.43248691979071,0.055
43.43253492055872,0.055
43.43258292132674,0.055
43.43263092209475,0.049999997
43.43267892286276,0.055
43.432726923630774,0.049999997
43.432774924398785,0.055
43.4328229251668,0.06
43.432870925934814,0.049999997
43.432918926702826,0.049999997
43.43296692747084,0.055
43.43301492823885,0.055
43.43306292900686,0.055
43.43311092977488,0.055
43.43315893054289,0.055
43.4332069313109,0.049999997
43.43325493207891,0.055
43.43330293284692,0.049999997
43.43335093361493,0.055
43.43339893438295,0.055
43.43344693515096,0.06
43.43349493591897,0.055
43.43354293668698,0.06
43.433590937454994,0.055
43.43363893822301,0.049999997
43.43368693899102,0.049999997
43.433734939759034,0.055
43.433782940527045,0.055
43.43383094129506,0.055
43.43387894206307,0.055
43.433926942831086,0.055
43.4339749435991,0.049999997
43.43402294436711,0.055
43.43407094513512,0.055
43.43411894590313,0.055
43.43416694667114,0.055
43.43421494743916,0.055
43.43426294820717,0.055
43.43431094897518,0.055
43.43435894974319,0.055
43.4344069505112,0.055
43.43445495127922,0.055
43.43450295204723,0.055
43.43455095281524,0.06
43.434598953583254,0.055
43.434646954351265,0.055
43.43469495511928,0.055
43.434742955887295,0.055
43.434790956655306,0.055
43.43483895742332,0.055
43.43488695819133,0.06
43.43493495895934,0.055
43.43498295972735,0.055
43.43503096049537,0.055
43.43507896126338,0.055
43.43512696203139,0.055
43.4351749627994,0.06
43.43522296356741,0.049999997
43.43527096433543,0.055
43.43531896510344,0.055
43.43536696587145,0.055
43.43541496663946,0.055
43.435462967407474,0.055
43.435510968175485,0.055
43.4355589689435,0.055
43.435606969711515,0.055
43.435654970479526,0.055
43.43570297124754,0.055
43.43575097201555,0.06
43.43579897278356,0.055
43.43584697355158,0.049999997
43.43589497431959,0.055
43.4359429750876,0.055
43.43599097585561,0.049999997
43.43603897662362,0.04
43.43608697739163,0.044999998
43.43613497815965,0.055
43.43618297892766,0.055
43.43623097969567,0.06
43.43627898046368,0.049999997
43.436326981231694,0.06
43.43637498199971,0.055
43.43642298276772,0.049999997
43.436470983535735,0.055
43.436518984303746,0.055
43.43656698507176,0.06
43.43661498583977,0.055
43.436662986607786,0.055
43.4367109873758,0.055
43.43675898814381,0.055
43.43680698891182,0.049999997
43.43685498967983,0.055
43.43690299044784,0.055
43.43695099121586,0.055
43.43699899198387,0.049999997
43.43704699275188,0.049999997
43.43709499351989,0.055
43.4371429942879,0.049999997
43.43719099505592,0.055
43.43723899582393,0.055
43.43728699659194,0.049999997
43.437334997359955,0.06
43.437382998127966,0.055
43.43743099889598,0.055
43.437478999663995,0.049999997
43.437527000432006,0.055
43.43757500120002,0.06
43.43762300196803,0.055
43.43767100273604,0.055
43.43771900350405,0.055
43.43776700427207,0.055
43.43781500504008,0.055
43.43786300580809,0.055
43.4379110065761,0.055
43.43795900734411,0.055
43.43800700811213,0.055
43.43805500888014,0.049999997
43.43810300964815,0.055
43.43815101041616,0.049999997
43.438199011184174,0.055
43.438247011952186,0.049999997
43.438295012720204,0.055
43.438343013488215,0.055
43.438391014256226,0.055
43.43843901502424,0.055
43.43848701579225,0.055
43.43853501656026,0.049999997
43.43858301732828,0.055
43.43863101809629,0.06
43.4386790188643,0.055
43.43872701963231,0.049999997
43.43877502040032,0.055
43.43882302116834,0.055
43.43887102193635,0.055
43.43891902270436,0.049999997
43.43896702347237,0.049999997
43.43901502424038,0.055
43.439063025008394,0.055
43.43911102577641,0.055
43.439159026544424,0.049999997
43.439207027312435,0.055
43.439255028080446,0.055
43.43930302884846,0.049999997
43.43935102961647,0.055
43.439399030384486,0.055
43.4394470311525,0.049999997
43.43949503192051,0.06
43.43954303268852,0.055
43.43959103345653,0.055
43.43963903422455,0.055
43.43968703499256,0.055
43.43973503576057,0.049999997
43.43978303652858,0.049999997
43.43983103729659,0.055
43.4398790380646,0.055
43.43992703883262,0.055
43.43997503960063,0.049999997
43.440023040368644,0.055
43.440071041136655,0.055
43.440119041904666,0.06
43.44016704267268,0.055
43.440215043440695,0.049999997
43.440263044208706,0.055
43.44031104497672,0.049999997
43.44035904574473,0.049999997
43.44040704651274,0.055
43.44045504728076,0.055
43.44050304804877,0.055
43.44055104881678,0.055
43.44059904958479,0.06
43.4406470503528,0.055
43.44069505112081,0.055
43.44074305188883,0.055
43.44079105265684,0.049999997
43.44083905342485,0.055
43.440887054192864,0.049999997
43.440935054960875,0.055
43.440983055728886,0.055
43.441031056496904,0.055
43.441079057264915,0.055
43.441127058032926,0.055
43.44117505880094,0.055
43.44122305956895,0.055
43.441271060336966,0.049999997
43.44131906110498,0.055
43.44136706187299,0.055
43.441415062641,0.055
43.44146306340901,0.049999997
43.44151106417702,0.055
43.44155906494504,0.049999997
43.44160706571305,0.06
43.44165506648106,0.055
43.44170306724907,0.065
43.44175106801708,0.055
43.441799068785095,0.055
43.44184706955311,0.055
43.441895070321124,0.049999997
43.441943071089135,0.06
43.441991071857146,0.049999997
43.44203907262516,0.055
43.442087073393175,0.055
43.442135074161186,0.049999997
43.4421830749292,0.055
43.44223107569721,0.055
43.44227907646522,0.06
43.44232707723323,0.049999997
43.44237507800125,0.055
43.44242307876926,0.055
43.44247107953727,0.06
43.44251908030528,0.055
43.44256708107329,0.06
43.4426150818413,0.049999997
43.44266308260932,0.055
43.44271108337733,0.06
43.442759084145344,0.055
43.442807084913355,0.055
43.442855085681366,0.055
43.442903086449384,0.06
43.442951087217395,0.055
43.442999087985406,0.06
43.44304708875342,0.055
43.44309508952143,0.055
43.44314309028944,0.055
43.44319109105746,0.055
43.44323909182547,0.049999997
43.44328709259348,0.055
43.44333509336149,0.049999997
43.4433830941295,0.055
43.44343109489751,0.055
43.44347909566553,0.049999997
43.44352709643354,0.049999997
43.44357509720155,0.055
43.443623097969564,0.049999997
43.443671098737575,0.055
43.44371909950559,0.049999997
43.443767100273604,0.055
43.443815101041615,0.049999997
43.443863101809626,0.055
43.44391110257764,0.055
43.44395910334565,0.055
43.444007104113666,0.055
43.44405510488168,0.055
43.44410310564969,0.049999997
43.4441511064177,0.055
43.44419910718571,0.055
43.44424710795372,0.049999997
43.44429510872174,0.055
43.44434310948975,0.049999997
43.44439111025776,0.055
43.44443911102577,0.055
43.444487111793784,0.049999997
43.4445351125618,0.049999997
43.44458311332981,0.055
43.444631114097824,0.049999997
43.444679114865835,0.055
43.444727115633846,0.049999997
43.44477511640186,0.055
43.444823117169875,0.049999997
43.444871117937886,0.055
43.4449191187059,0.055
43.44496711947391,0.049999997
43.44501512024192,0.055
43.44506312100993,0.049999997
43.44511112177795,0.06
43.44515912254596,0.055
43.44520712331397,0.055
43.44525512408198,0.049999997
43.44530312484999,0.06
43.44535112561801,0.049999997
43.44539912638602,0.06
43.44544712715403,0.055
43.445495127922044,0.055
43.445543128690055,0.055
43.445591129458066,0.055
43.445639130226084,0.055
43.445687130994095,0.049999997
43.445735131762106,0.049999997
43.44578313253012,0.049999997
43.44583113329813,0.055
43.44587913406614,0.055
43.44592713483416,0.055
43.44597513560217,0.055
43.44602313637018,0.055
43.44607113713819,0.055
43.4461191379062,0.049999997
43.44616713867422,0.055
43.44621513944223,0.055
43.44626314021024,0.055
43.44631114097825,0.055
43.446359141746264,0.055
43.446407142514275,0.049999997
43.44645514328229,0.055
43.446503144050304,0.049999997
43.446551144818315,0.049999997
43.446599145586326,0.049999997
43.44664714635434,0.055
43.44669514712235,0.049999997
43.446743147890366,0.055
43.44679114865838,0.049999997
43.44683914942639,0.049999997
43.4468871501944,0.049999997
43.44693515096241,0.055
43.44698315173042,0.055
43.44703115249844,0.049999997
43.44707915326645,0.049999997
43.44712715403446,0.049999997
43.44717515480247,0.049999997
43.447223155570484,0.049999997
43.4472711563385,0.049999997
43.44731915710651,0.055
43.447367157874524,0.055
43.447415158642535,0.055
43.447463159410546,0.044999998
43.44751116017856,0.055
43.447559160946575,0.049999997
43.447607161714586,0.055
43.4476551624826,0.06
43.44770316325061,0.06
43.44775116401862,0.055
43.44779916478663,0.049999997
43.44784716555465,0.055
43.44789516632266,0.049999997
43.44794316709067,0.055
43.44799116785868,0.055
43.44803916862669,0.055
43.44808716939471,0.055
43.44813517016272,0.055
43.44818317093073,0.055
43.448231171698744,0.055
43.448279172466755,0.055
43.448327173234766,0.055
43.448375174002784,0.055
43.448423174770795,0.055
43.448471175538806,0.055
43.44851917630682,0.055
43.44856717707483,0.049999997
43.44861517784284,0.06
43.44866317861086,0.049999997
43.44871117937887,0.055
43.44875918014688,0.049999997
43.44880718091489,0.055
43.4488551816829,0.055
43.44890318245092,0.055
43.44895118321893,0.055
43.44899918398694,0.055
43.44904718475495,0.055
43.449095185522964,0.055
43.449143186290975,0.049999997
43.44919118705899,0.06
43.449239187827004,0.055
43.449287188595015,0.055
43.449335189363026,0.049999997
43.44938319013104,0.06
43.44943119089905,0.049999997
43.449479191667066,0.06
43.44952719243508,0.055
43.44957519320309,0.06
43.4496231939711,0.06
43.44967119473911,0.06
43.44971919550713,0.055
43.44976719627514,0.055
43.44981519704315,0.055
43.44986319781116,0.06
43.44991119857917,0.049999997
43.449959199347184,0.055
43.4500072001152,0.055
43.45005520088321,0.055
43.450103201651224,0.055
43.450151202419235,0.055
43.450199203187246,0.055
43.45024720395526,0.055
43.450295204723275,0.055
43.450343205491286,0.049999997
43.4503912062593,0.055
43.45043920702731,0.055
43.45048720779532,0.055
43.45053520856334,0.055
43.45058320933135,0.055
43.45063121009936,0.055
43.45067921086737,0.049999997
43.45072721163538,0.055
43.45077521240339,0.055
43.45082321317141,0.049999997
43.45087121393942,0.055
43.45091921470743,0.049999997
43.450967215475444,0.055
43.451015216243455,0.055
43.451063217011466,0.049999997
43.451111217779484,0.049999997
43.451159218547495,0.049999997
43.451207219315506,0.049999997
43.45125522008352,0.049999997
43.45130322085153,0.055
43.45135122161955,0.055
43.45139922238756,0.049999997
43.45144722315557,0.055
43.45149522392358,0.049999997
43.45154322469159,0.06
43.4515912254596,0.049999997
43.45163922622762,0.06
43.45168722699563,0.055
43.45173522776364,0.055
43.45178322853165,0.055
43.451831229299664,0.049999997
43.451879230067675,0.055
43.45192723083569,0.055
43.451975231603704,0.055
43.452023232371715,0.055
43.452071233139726,0.049999997
43.45211923390774,0.055
43.452167234675755,0.055
43.45221523544377,0.055
43.45226323621178,0.055
43.45231123697979,0.055
43.4523592377478,0.055
43.45240723851581,0.055
43.45245523928383,0.055
43.45250324005184,0.055
43.45255124081985,0.049999997
43.45259924158786,0.055
43.45264724235587,0.055
43.452695243123884,0.055
43.4527432438919,0.055
43.45279124465991,0.055
43.452839245427924,0.055
43.452887246195935,0.055
43.452935246963946,0.055
43.452983247731964,0.06
43.453031248499975,0.055
43.45307924926799,0.055
43.453127250036,0.055
43.45317525080401,0.055
43.45322325157202,0.049999997
43.45327125234004,0.055
43.45331925310805,0.049999997
43.45336725387606,0.055
43.45341525464407,0.055
43.45346325541208,0.06
43.45351125618009,0.055
43.45355925694811,0.055
43.45360725771612,0.055
43.45365525848413,0.049999997
43.453703259252144,0.055
43.453751260020155,0.055
43.45379926078817,0.055
43.453847261556184,0.055
43.453895262324195,0.06
43.45394326309221,0.055
43.45399126386022,0.055
43.45403926462823,0.055
43.45408726539625,0.049999997
43.45413526616426,0.049999997
43.45418326693227,0.055
43.45423126770028,0.055
43.45427926846829,0.049999997
43.4543272692363,0.055
43.45437527000432,0.055
43.45442327077233,0.049999997
43.45447127154034,0.055
43.45451927230835,0.055
43.454567273076364,0.055
43.45461527384438,0.055
43.45466327461239,0.055
43.454711275380404,0.055
43.454759276148415,0.06
43.454807276916426,0.055
43.45485527768444,0.055
43.454903278452456,0.06
43.45495127922047,0.055
43.45499927998848,0.055
43.45504728075649,0.055
43.4550952815245,0.055
43.45514328229251,0.049999997
43.45519128306053,0.049999997
43.45523928382854,0.055
43.45528728459655,0.049999997
43.45533528536456,0.049999997
43.45538328613257,0.055
43.45543128690059,0.049999997
43.4554792876686,0.049999997
43.45552728843661,0.06
43.455575289204624,0.049999997
43.455623289972635,0.06
43.455671290740646,0.055
43.455719291508665,0.055
43.455767292276676,0.049999997
43.45581529304469,0.055
43.4558632938127,0.055
43.45591129458071,0.055
43.45595929534872,0.049999997
43.45600729611674,0.055
43.45605529688475,0.065
43.45610329765276,0.06
43.45615129842077,0.065
43.45619929918878,0.049999997
43.4562472999568,0.049999997
43.45629530072481,0.055
43.45634330149282,0.065
43.45639130226083,0.055
43.456439303028844,0.049999997
43.456487303796855,0.049999997
43.45653530456487,0.049999997
43.456583305332884,0.049999997
43.456631306100896,0.055
43.45667930686891,0.055
43.45672730763692,0.049999997
43.45677530840493,0.049999997
43.45682330917295,0.049999997
43.45687130994096,0.055
43.45691931070897,0.055
43.45696731147698,0.06
43.45701531224499,0.055
43.45706331301301,0.06
43.45711131378102,0.055
43.45715931454903,0.055
43.45720731531704,0.055
43.45725531608505,0.06
43.457303316853064,0.055
43.45735131762108,0.055
43.45739931838909,0.06
43.457447319157104,0.055
43.457495319925115,0.055
43.45754332069313,0.055
43.45759132146114,0.055
43.457639322229156,0.055
43.45768732299717,0.055
43.45773532376518,0.055
43.45778332453319,0.055
43.4578313253012,0.055
43.45787932606921,0.049999997
43.45792732683723,0.049999997
43.45797532760524,0.055
43.45802332837325,0.055
43.45807132914126,0.055
43.45811932990927,0.055
43.45816733067729,0.055
43.4582153314453,0.055
43.45826333221331,0.055
43.458311332981324,0.049999997
43.458359333749335,0.055
43.45840733451735,0.055
43.458455335285365,0.055
43.458503336053376,0.055
43.45855133682139,0.049999997
43.4585993375894,0.049999997
43.45864733835741,0.055
43.45869533912542,0.049999997
43.45874333989344,0.049999997
43.45879134066145,0.049999997
43.45883934142946,0.055
43.45888734219747,0.049999997
43.45893534296548,0.06
43.4589833437335,0.055
43.45903134450151,0.065
43.45907934526952,0.06
43.45912734603753,0.055
43.459175346805544,0.055
43.459223347573555,0.049999997
43.459271348341574,0.055
43.459319349109585,0.049999997
43.459367349877596,0.044999998
43.45941535064561,0.055
43.45946335141362,0.049999997
43.45951135218163,0.055
43.45955935294965,0.049999997
43.45960735371766,0.06
43.45965535448567,0.055
43.45970335525368,0.055
43.45975135602169,0.055
43.45979935678971,0.055
43.45984735755772,0.055
43.45989535832573,0.055
43.45994335909374,0.06
43.45999135986175,0.055
43.460039360629764,0.055
43.46008736139778,0.055
43.46013536216579,0.049999997
43.460183362933805,0.055
43.460231363701816,0.055
43.46027936446983,0.055
43.46032736523784,0.049999997
43.460375366005856,0.049999997
43.46042336677387,0.055
43.46047136754188,0.049999997
43.46051936830989,0.06
43.4605673690779,0.06
43.46061536984592,0.055
43.46066337061393,0.055
43.46071137138194,0.055
43.46075937214995,0.049999997
43.46080737291796,0.055
43.46085537368597,0.055
43.46090337445399,0.055
43.460951375222,0.055
43.46099937599001,0.06
43.461047376758025,0.049999997
43.461095377526036,0.055
43.46114337829405,0.055
43.461191379062065,0.055
43.461239379830076,0.049999997
43.46128738059809,0.055
43.4613353813661,0.049999997
43.46138338213411,0.055
43.46143138290213,0.055
43.46147938367014,0.055
43.46152738443815,0.055
43.46157538520616,0.055
43.46162338597417,0.06
43.46167138674218,0.049999997
43.4617193875102,0.055
43.46176738827821,0.055
43.46181538904622,0.055
43.46186338981423,0.049999997
43.461911390582245,0.049999997
43.461959391350256,0.055
43.462007392118274,0.06
43.462055392886285,0.055
43.462103393654296,0.049999997
43.46215139442231,0.049999997
43.46219939519032,0.049999997
43.462247395958336,0.055
43.46229539672635,0.055
43.46234339749436,0.049999997
43.46239139826237,0.049999997
43.46243939903038,0.055
43.46248739979839,0.055
43.46253540056641,0.055
43.46258340133442,0.049999997
43.46263140210243,0.049999997
43.46267940287044,0.049999997
43.46272740363845,0.055
43.462775404406464,0.049999997
43.46282340517448,0.055
43.462871405942494,0.049999997
43.462919406710505,0.06
43.462967407478516,0.055
43.46301540824653,0.06
43.463063409014545,0.049999997
43.463111409782556,0.055
43.46315941055057,0.049999997
43.46320741131858,0.06
43.46325541208659,0.055
43.4633034128546,0.055
43.46335141362262,0.055
43.46339941439063,0.055
43.46344741515864,0.049999997
43.46349541592665,0.055
43.46354341669466,0.049999997
43.46359141746267,0.055
43.46363941823069,0.049999997
43.4636874189987,0.055
43.463735419766714,0.049999997
43.463783420534725,0.049999997
43.463831421302736,0.049999997
43.463879422070754,0.065
43.463927422838765,0.055
43.463975423606776,0.055
43.46402342437479,0.055
43.4640714251428,0.055
43.46411942591081,0.049999997
43.46416742667883,0.049999997
43.46421542744684,0.049999997
43.46426342821485,0.049999997
43.46431142898286,0.055
43.46435942975087,0.055
43.46440743051888,0.055
43.4644554312869,0.055
43.46450343205491,0.055
43.46455143282292,0.049999997
43.464599433590934,0.055
43.464647434358945,0.06
43.46469543512696,0.055
43.464743435894974,0.06
43.464791436662985,0.055
43.464839437430996,0.06
43.46488743819901,0.055
43.46493543896702,0.06
43.464983439735036,0.049999997
43.46503144050305,0.055
43.46507944127106,0.055
43.46512744203907,0.055
43.46517544280708,0.049999997
43.46522344357509,0.055
43.46527144434311,0.049999997
43.46531944511112,0.055
43.46536744587913,0.049999997
43.46541544664714,0.055
43.465463447415154,0.055
43.46551144818317,0.049999997
43.46555944895118,0.055
43.465607449719194,0.049999997
43.465655450487205,0.055
43.465703451255216,0.055
43.46575145202323,0.055
43.465799452791245,0.049999997
43.465847453559256,0.055
43.46589545432727,0.055
43.46594345509528,0.055
43.46599145586329,0.055
43.4660394566313,0.06
43.46608745739932,0.055
43.46613545816733,0.049999997
43.46618345893534,0.049999997
43.46623145970335,0.049999997
43.46627946047136,0.049999997
43.46632746123938,0.044999998
43.46637546200739,0.055
43.4664234627754,0.049999997
43.466471463543414,0.055
43.466519464311425,0.049999997
43.466567465079436,0.055
43.466615465847454,0.049999997
43.466663466615465,0.055
43.466711467383476,0.055
43.46675946815149,0.06
43.4668074689195,0.055
43.46685546968751,0.06
43.46690347045553,0.055
43.46695147122354,0.06
43.46699947199155,0.055
43.46704747275956,0.055
43.46709547352757,0.055
43.46714347429559,0.055
43.4671914750636,0.049999997
43.46723947583161,0.06
43.46728747659962,0.055
43.467335477367634,0.055
43.467383478135645,0.055
43.46743147890366,0.055
43.467479479671674,0.055
43.467527480439685,0.055
43.467575481207696,0.055
43.46762348197571,0.049999997
43.46767148274372,0.055
43.467719483511736,0.055
43.46776748427975,0.055
43.46781548504776,0.055
43.46786348581577,0.055
43.46791148658378,0.049999997
43.4679594873518,0.055
43.46800748811981,0.049999997
43.46805548888782,0.055
43.46810348965583,0.055
43.46815149042384,0.055
43.468199491191854,0.055
43.46824749195987,0.055
43.46829549272788,0.055
43.468343493495894,0.049999997
43.468391494263905,0.055
43.468439495031916,0.049999997
43.46848749579993,0.06
43.468535496567945,0.049999997
43.468583497335956,0.049999997
43.46863149810397,0.049999997
43.46867949887198,0.055
43.46872749963999,0.055
43.468775500408,0.049999997
43.46882350117602,0.06
43.46887150194403,0.049999997
43.46891950271204,0.055
43.46896750348005,0.049999997
43.46901550424806,0.06
43.46906350501608,0.055
43.46911150578409,0.055
43.4691595065521,0.049999997
43.469207507320114,0.055
43.469255508088125,0.055
43.469303508856136,0.065
43.469351509624154,0.055
43.469399510392165,0.055
43.469447511160176,0.049999997
43.46949551192819,0.06
43.4695435126962,0.055
43.46959151346421,0.06
43.46963951423223,0.049999997
43.46968751500024,0.06
43.46973551576825,0.055
43.46978351653626,0.049999997
43.46983151730427,0.055
43.46987951807229,0.055
43.4699275188403,0.055
43.46997551960831,0.049999997
43.47002352037632,0.049999997
43.470071521144334,0.055
43.470119521912345,0.06
43.47016752268036,0.049999997
43.470215523448374,0.055
43.470263524216385,0.055
43.470311524984396,0.055
43.47035952575241,0.055
43.47040752652042,0.055
43.470455527288436,0.055
43.47050352805645,0.049999997
43.47055152882446,0.055
43.47059952959247,0.055
43.47064753036048,0.055
43.4706955311285,0.055
43.47074353189651,0.055
43.47079153266452,0.055
43.47083953343253,0.06
43.47088753420054,0.06
43.470935534968554,0.055
43.47098353573657,0.055
43.47103153650458,0.055
43.471079537272594,0.055
43.471127538040605,0.055
43.471175538808616,0.055
43.47122353957663,0.055
43.471271540344645,0.049999997
43.471319541112656,0.055
43.47136754188067,0.055
43.47141554264868,0.055
43.47146354341669,0.06
43.47151154418471,0.06
43.47155954495272,0.06
43.47160754572073,0.06
43.47165554648874,0.055
43.47170354725675,0.055
43.47175154802476,0.049999997
43.47179954879278,0.055
43.47184754956079,0.055
43.4718955503288,0.06
43.471943551096814,0.055
43.471991551864825,0.049999997
43.472039552632836,0.055
43.472087553400854,0.055
43.472135554168865,0.055
43.472183554936876,0.049999997
43.47223155570489,0.055
43.4722795564729,0.06
43.47232755724092,0.06
43.47237555800893,0.055
43.47242355877694,0.055
43.47247155954495,0.049999997
43.47251956031296,0.055
43.47256756108097,0.049999997
43.47261556184899,0.049999997
43.472663562617,0.055
43.47271156338501,0.055
43.47275956415302,0.049999997
43.472807564921034,0.049999997
43.472855565689045,0.055
43.47290356645706,0.055
43.472951567225074,0.049999997
43.472999567993085,0.055
43.473047568761096,0.055
43.47309556952911,0.055
43.473143570297125,0.055
43.473191571065136,0.055
43.47323957183315,0.055
43.47328757260116,0.055
43.47333557336917,0.06
43.47338357413718,0.055
43.4734315749052,0.055
43.47347957567321,0.055
43.47352757644122,0.065
43.47357557720923,0.049999997
43.47362357797724,0.049999997
43.473671578745254,0.055
43.47371957951327,0.049999997
43.47376758028128,0.055
43.473815581049294,0.049999997
43.473863581817305,0.049999997
43.473911582585316,0.055
43.473959583353334,0.049999997
43.474007584121345,0.049999997
43.474055584889356,0.055
43.47410358565737,0.049999997
43.47415158642538,0.055
43.47419958719339,0.044999998
43.47424758796141,0.055
43.47429558872942,0.055
43.47434358949743,0.055
43.47439159026544,0.055
43.47443959103345,0.06
43.47448759180146,0.055
43.47453559256948,0.055
43.47458359333749,0.055
43.4746315941055,0.055
43.474679594873514,0.055
43.474727595641525,0.055
43.47477559640954,0.055
43.474823597177554,0.049999997
43.474871597945565,0.055
43.474919598713576,0.049999997
43.47496759948159,0.055
43.4750156002496,0.055
43.47506360101762,0.055
43.47511160178563,0.049999997
43.47515960255364,0.055
43.47520760332165,0.055
43.47525560408966,0.055
43.47530360485767,0.055
43.47535160562569,0.049999997
43.4753996063937,0.049999997
43.47544760716171,0.049999997
43.47549560792972,0.055
43.475543608697734,0.055
43.47559160946575,0.049999997
43.47563961023376,0.055
43.475687611001774,0.055
43.475735611769785,0.055
43.475783612537796,0.055
43.47583161330581,0.055
43.475879614073826,0.049999997
43.47592761484184,0.055
43.47597561560985,0.055
43.47602361637786,0.049999997
43.47607161714587,0.049999997
43.47611961791388,0.055
43.4761676186819,0.049999997
43.47621561944991,0.055
43.47626362021792,0.055
43.47631162098593,0.055
43.47635962175394,0.055
43.47640762252196,0.055
43.47645562328997,0.055
43.47650362405798,0.055
43.476551624825994,0.06
43.476599625594005,0.055
43.476647626362016,0.055
43.476695627130034,0.055
43.476743627898045,0.06
43.47679162866606,0.055
43.47683962943407,0.06
43.47688763020208,0.055
43.47693563097009,0.06
43.47698363173811,0.049999997
43.47703163250612,0.06
43.47707963327413,0.06
43.47712763404214,0.044999998
43.47717563481015,0.055
43.47722363557817,0.055
43.47727163634618,0.055
43.47731963711419,0.055
43.4773676378822,0.055
43.477415638650214,0.055
43.477463639418225,0.049999997
43.47751164018624,0.06
43.477559640954254,0.055
43.477607641722265,0.055
43.47765564249028,0.055
43.47770364325829,0.055
43.4777516440263,0.055
43.47779964479432,0.055
43.47784764556233,0.055
43.47789564633034,0.055
43.47794364709835,0.055
43.47799164786636,0.055
43.47803964863438,0.049999997
43.47808764940239,0.055
43.4781356501704,0.06
43.47818365093841,0.055
43.47823165170642,0.049999997
43.478279652474434,0.055
43.47832765324245,0.055
43.47837565401046,0.055
43.478423654778474,0.055
43.478471655546485,0.049999997
43.478519656314496,0.055
43.47856765708251,0.055
43.478615657850526,0.049999997
43.47866365861854,0.049999997
43.47871165938655,0.055
43.47875966015456,0.055
43.47880766092257,0.055
43.47885566169059,0.049999997
43.4789036624586,0.055
43.47895166322661,0.049999997
43.47899966399462,0.06
43.47904766476263,0.055
43.47909566553064,0.049999997
43.47914366629866,0.049999997
43.47919166706667,0.055
43.47923966783468,0.049999997
43.479287668602694,0.055
43.479335669370705,0.055
43.479383670138716,0.055
43.479431670906735,0.055
43.479479671674746,0.049999997
43.47952767244276,0.055
43.47957567321077,0.049999997
43.47962367397878,0.055
43.47967167474679,0.049999997
43.47971967551481,0.055
43.47976767628282,0.055
43.47981567705083,0.055
43.47986367781884,0.055
43.47991167858685,0.055
43.47995967935487,0.06
43.48000768012288,0.055
43.48005568089089,0.055
43.4801036816589,0.055
43.480151682426914,0.055
43.480199683194925,0.049999997
43.48024768396294,0.055
43.480295684730955,0.055
43.480343685498966,0.055
43.48039168626698,0.049999997
43.48043968703499,0.055
43.480487687803,0.049999997
43.48053568857102,0.055
43.48058368933903,0.055
43.48063169010704,0.055
43.48067969087505,0.055
43.48072769164306,0.049999997
43.48077569241108,0.055
43.48082369317909,0.055
43.4808716939471,0.049999997
43.48091969471511,0.055
43.48096769548312,0.055
43.481015696251134,0.049999997
43.48106369701915,0.049999997
43.48111169778716,0.055
43.481159698555174,0.055
43.481207699323186,0.055
43.4812557000912,0.049999997
43.48130370085921,0.055
43.481351701627226,0.049999997
43.48139970239524,0.055
43.48144770316325,0.055
43.48149570393126,0.049999997
43.48154370469927,0.055
43.48159170546729,0.049999997
43.4816397062353,0.049999997
43.48168770700331,0.049999997
43.48173570777132,0.055
43.48178370853933,0.055
43.48183170930734,0.055
43.48187971007536,0.055
43.48192771084337,0.055
43.48197571161138,0.049999997
43.482023712379394,0.055
43.482071713147405,0.055
43.48211971391542,0.049999997
43.482167714683435,0.055
43.482215715451446,0.055
43.48226371621946,0.06
43.48231171698747,0.049999997
43.48235971775548,0.06
43.4824077185235,0.055
43.48245571929151,0.055
43.48250372005952,0.055
43.48255172082753,0.049999997
43.48259972159554,0.055
43.48264772236355,0.049999997
43.48269572313157,0.06
43.48274372389958,0.049999997
43.48279172466759,0.055
43.4828397254356,0.049999997
43.482887726203614,0.055
43.482935726971625,0.055
43.482983727739644,0.055
43.483031728507655,0.055
43.483079729275666,0.055
43.48312773004368,0.06
43.48317573081169,0.055
43.483223731579706,0.06
43.48327173234772,0.055
43.48331973311573,0.055
43.48336773388374,0.06
43.48341573465175,0.055
43.48346373541976,0.055
43.48351173618778,0.049999997
43.48355973695579,0.055
43.4836077377238,0.049999997
43.48365573849181,0.055
43.48370373925982,0.049999997
43.483751740027834,0.055
43.48379974079585,0.049999997
43.483847741563864,0.055
43.483895742331875,0.055
43.483943743099886,0.055
43.4839917438679,0.06
43.484039744635915,0.055
43.484087745403926,0.055
43.48413574617194,0.055
43.48418374693995,0.055
43.48423174770796,0.06
43.48427974847597,0.055
43.48432774924399,0.055
43.484375750012,0.049999997
43.48442375078001,0.055
43.48447175154802,0.055
43.48451975231603,0.055
43.48456775308404,0.049999997
43.48461575385206,0.055
43.48466375462007,0.049999997
43.48471175538808,0.06
43.484759756156095,0.055
43.484807756924106,0.06
43.484855757692124,0.06
43.484903758460135,0.06
43.484951759228146,0.055
43.48499975999616,0.055
43.48504776076417,0.044999998
43.48509576153218,0.049999997
43.4851437623002,0.055
43.48519176306821,0.049999997
43.48523976383622,0.055
43.48528776460423,0.049999997
43.48533576537224,0.055
43.48538376614025,0.049999997
43.48543176690827,0.055
43.48547976767628,0.044999998
43.48552776844429,0.055
43.4855757692123,0.06
43.485623769980315,0.055
43.48567177074833,0.06
43.485719771516344,0.055
43.485767772284355,0.055
43.485815773052366,0.055
43.48586377382038,0.055
43.48591177458839,0.055
43.485959775356406,0.055
43.48600777612442,0.055
43.48605577689243,0.055
43.48610377766044,0.04
43.48615177842845,0.055
43.48619977919646,0.06
43.48624777996448,0.055
43.48629578073249,0.06
43.4863437815005,0.049999997
43.48639178226851,0.049999997
43.48643978303652,0.055
43.48648778380454,0.049999997
43.48653578457255,0.055
43.486583785340564,0.055
43.486631786108575,0.055
43.486679786876586,0.055
43.4867277876446,0.055
43.486775788412615,0.055
43.486823789180626,0.049999997
43.48687178994864,0.055
43.48691979071665,0.055
43.48696779148466,0.049999997
43.48701579225267,0.055
43.48706379302069,0.049999997
43.4871117937887,0.049999997
43.48715979455671,0.049999997
43.48720779532472,0.049999997
43.48725579609273,0.049999997
43.48730379686075,0.055
43.48735179762876,0.049999997
43.48739979839677,0.055
43.487447799164784,0.055
43.487495799932795,0.049999997
43.487543800700806,0.049999997
43.487591801468824,0.055
43.487639802236835,0.055
43.487687803004846,0.049999997
43.48773580377286,0.055
43.48778380454087,0.049999997
43.48783180530888,0.049999997
43.4878798060769,0.044999998
43.48792780684491,0.049999997
43.48797580761292,0.049999997
43.48802380838093,0.055
43.48807180914894,0.049999997
43.48811980991696,0.055
43.48816781068497,0.055
43.48821581145298,0.049999997
43.48826381222099,0.055
43.488311812989004,0.049999997
43.488359813757015,0.049999997
43.48840781452503,0.055
43.488455815293044,0.049999997
43.488503816061055,0.049999997
43.488551816829066,0.055
43.48859981759708,0.049999997
43.48864781836509,0.055
43.488695819133106,0.049999997
43.48874381990112,0.06
43.48879182066913,0.055
43.48883982143714,0.055
43.48888782220515,0.049999997
43.48893582297317,0.049999997
43.48898382374118,0.055
43.48903182450919,0.06
43.4890798252772,0.049999997
43.48912782604521,0.049999997
43.489175826813224,0.049999997
43.48922382758124,0.06
43.48927182834925,0.055
43.489319829117264,0.055
43.489367829885275,0.049999997
43.489415830653286,0.06
43.4894638314213,0.055
43.489511832189315,0.06
43.489559832957326,0.055
43.48960783372534,0.06
43.48965583449335,0.06
43.48970383526136,0.06
43.48975183602938,0.049999997
43.48979983679739,0.06
43.4898478375654,0.049999997
43.48989583833341,0.055
43.48994383910142,0.055
43.48999183986943,0.06
43.49003984063745,0.06
43.49008784140546,0.049999997
43.49013584217347,0.055
43.490183842941484,0.055
43.490231843709495,0.055
43.490279844477506,0.055
43.490327845245524,0.055
43.490375846013535,0.055
43.490423846781546,0.049999997
43.49047184754956,0.055
43.49051984831757,0.055
43.49056784908558,0.055
43.4906158498536,0.049999997
43.49066385062161,0.055
43.49071185138962,0.055
43.49075985215763,0.055
43.49080785292564,0.055
43.49085585369366,0.049999997
43.49090385446167,0.055
43.49095185522968,0.055
43.49099985599769,0.055
43.491047856765704,0.055
43.491095857533715,0.06
43.49114385830173,0.055
43.491191859069744,0.055
43.491239859837755,0.049999997
43.491287860605766,0.055
43.49133586137378,0.049999997
43.49138386214179,0.055
43.491431862909806,0.055
43.49147986367782,0.055
43.49152786444583,0.055
43.49157586521384,0.055
43.49162386598185,0.055
43.49167186674987,0.055
43.49171986751788,0.06
43.49176786828589,0.055
43.4918158690539,0.055
43.49186386982191,0.049999997
43.491911870589924,0.049999997
43.49195987135794,0.055
43.49200787212595,0.049999997
43.492055872893964,0.06
43.492103873661975,0.055
43.492151874429986,0.06
43.492199875198,0.055
43.492247875966015,0.06
43.492295876734026,0.055
43.49234387750204,0.065
43.49239187827005,0.06
43.49243987903806,0.06
43.49248787980608,0.049999997
43.49253588057409,0.049999997
43.4925838813421,0.049999997
43.49263188211011,0.055
43.49267988287812,0.055
43.49272788364613,0.055
43.49277588441415,0.055
43.49282388518216,0.055
43.49287188595017,0.055
43.492919886718184,0.06
43.492967887486195,0.055
43.493015888254206,0.055
43.493063889022224,0.06
43.493111889790235,0.055
43.493159890558246,0.055
43.49320789132626,0.055
43.49325589209427,0.06
43.493303892862286,0.055
43.4933518936303,0.055
43.49339989439831,0.049999997
43.49344789516632,0.06
43.49349589593433,0.049999997
43.49354389670234,0.055
43.49359189747036,0.049999997
43.49363989823837,0.055
43.49368789900638,0.055
43.49373589977439,0.055
43.493783900542404,0.049999997
43.493831901310415,0.055
43.49387990207843,0.055
43.493927902846444,0.049999997
43.493975903614455,0.049999997
43.494023904382466,0.055
43.49407190515048,0.055
43.494119905918495,0.055
43.494167906686506,0.049999997
43.49421590745452,0.055
43.49426390822253,0.049999997
43.49431190899054,0.055
43.49435990975855,0.049999997
43.49440791052657,0.055
43.49445591129458,0.055
43.49450391206259,0.055
43.4945519128306,0.049999997
43.49459991359861,0.055
43.494647914366624,0.049999997
43.49469591513464,0.055
43.49474391590265,0.049999997
43.494791916670664,0.049999997
43.494839917438675,0.055
43.494887918206686,0.055
43.494935918974704,0.055
43.494983919742715,0.049999997
43.495031920510726,0.055
43.49507992127874,0.055
43.49512792204675,0.055
43.49517592281476,0.049999997
43.49522392358278,0.055
43.49527192435079,0.06
43.4953199251188,0.049999997
43.49536792588681,0.055
43.49541592665482,0.055
43.49546392742283,0.055
43.49551192819085,0.055
43.49555992895886,0.055
43.49560792972687,0.049999997
43.495655930494884,0.055
43.495703931262895,0.049999997
43.49575193203091,0.055
43.495799932798924,0.055
43.495847933566935,0.049999997
